0 0
1 2
2 2
3 1
4 0
5 0
6 1
7 1
8 1
9 0
10 1
11 1
12 2
13 1
14 0
15 0
16 2
17 0
18 2
19 0
20 1
21 0
22 2
23 1
24 1
25 0
26 0
27 0
28 0
29 2
30 0
31 1
32 0
33 0
34 0
35 0
36 1
37 1
38 2
39 2
40 2
41 1
42 0
43 0
44 0
45 0
46 2
47 1
48 1
49 0
50 1
51 0
52 2
53 0
54 0
55 1
56 2
57 2
58 0
59 0
60 0
61 0
62 1
63 2
64 1
65 0
66 0
67 1
68 2
69 0
70 0
71 0
72 1
73 0
74 0
75 2
76 0
77 1
78 2
79 0
80 1
81 1
82 1
83 0
84 0
85 0
86 0
87 2
88 0
89 1
90 1
91 0
92 0
93 0
94 2
95 0
96 0
97 1
98 1
99 1
100 1
101 0
102 0
103 0
104 0
105 0
106 0
107 2
108 2
109 1
110 0
111 1
112 1
113 0
114 0
115 1
116 2
117 1
118 0
119 2
120 0
121 1
122 2
123 2
124 1
125 0
126 0
127 1
128 0
129 0
130 0
131 0
132 2
133 1
134 2
135 0
136 0
137 1
138 0
139 1
140 0
141 0
142 0
143 0
144 0
145 1
146 1
147 0
148 0
149 1
150 2
151 0
152 0
153 0
154 1
155 0
156 2
157 0
158 0
159 0
160 2
161 0
162 1
163 0
164 2
165 0
166 1
167 1
168 0
169 0
170 0
171 1
172 0
173 2
174 0
175 2
176 1
177 1
178 1
179 0
180 0
181 0
182 0
183 2
184 0
185 0
186 1
187 0
188 2
189 1
190 2
191 0
192 1
193 2
194 2
195 1
196 2
197 2
198 0
199 0
200 0
201 0
202 0
203 1
204 1
205 0
206 1
207 2
208 0
209 2
210 2
211 2
212 1
213 0
214 0
215 0
216 0
217 0
218 2
219 0
220 2
221 0
222 1
223 0
224 0
225 0
226 0
227 1
228 2
229 2
230 2
231 2
232 0
233 0
234 1
235 0
236 0
237 2
238 0
239 0
240 0
241 1
242 0
243 0
244 0
245 1
246 2
247 0
248 0
249 1
250 0
251 0
252 0
253 0
254 0
255 2
256 0
257 2
258 2
259 0
260 0
261 1
262 2
263 0
264 0
265 0
266 0
267 2
268 0
269 1
270 0
271 0
272 0
273 2
274 0
275 1
276 0
277 0
278 1
279 2
280 2
281 1
282 1
283 2
284 1
285 0
286 0
287 1
288 0
289 1
290 0
291 0
292 0
293 1
294 0
295 1
296 0
297 0
298 0
299 1
300 0
301 0
302 0
303 1
304 0
305 1
306 1
307 0
308 1
309 1
310 2
311 0
312 0
313 0
314 0
315 2
316 0
317 2
318 0
319 0
320 1
321 0
322 2
323 1
324 2
325 1
326 0
327 1
328 1
329 0
330 1
331 2
332 0
333 1
334 0
335 0
336 0
337 0
338 2
339 1
340 0
341 1
342 2
343 1
344 1
345 0
346 1
347 2
348 0
349 0
350 2
351 0
352 0
353 2
354 1
355 0
356 1
357 0
358 2
359 1
360 0
361 1
362 1
363 0
364 2
365 1
366 0
367 0
368 1
369 2
370 0
371 0
372 2
373 0
374 2
375 2
376 2
377 2
378 2
379 2
380 0
381 0
382 1
383 0
384 0
385 0
386 1
387 1
388 0
389 0
390 0
391 1
392 2
393 0
394 2
395 2
396 1
397 0
398 0
399 1
400 1
401 0
402 2
403 2
404 2
405 0
406 1
407 2
408 0
409 0
410 1
411 2
412 2
413 1
414 0
415 0
416 0
417 2
418 0
419 2
420 2
421 1
422 0
423 0
424 2
425 2
426 1
427 0
428 1
429 1
430 0
431 0
432 0
433 0
434 0
435 2
436 0
437 1
438 0
439 1
440 0
441 2
442 2
443 0
444 0
445 1
446 1
447 0
448 1
449 2
450 0
451 1
452 0
453 1
454 0
455 0
456 2
457 0
458 1
459 2
460 2
461 1
462 2
463 0
464 2
465 0
466 1
467 1
468 0
469 0
470 0
471 2
472 1
473 0
474 0
475 2
476 0
477 1
478 0
479 0
480 1
481 0
482 0
483 1
484 0
485 0
486 0
487 0
488 0
489 0
490 0
491 2
492 1
493 2
494 1
495 0
496 0
497 0
498 2
499 1
500 0
501 1
502 0
503 0
504 0
505 0
506 1
507 0
508 2
509 2
510 2
511 0
512 1
513 0
514 1
515 1
516 0
517 0
518 1
519 0
520 0
521 2
522 2
523 2
524 2
525 2
526 0
527 2
528 0
529 1
530 1
531 1
532 2
533 0
534 0
535 0
536 0
537 2
538 0
539 2
540 1
541 2
542 2
543 1
544 0
545 1
546 0
547 0
548 2
549 2
550 0
551 0
552 0
553 1
554 0
555 0
556 1
557 1
558 0
559 1
560 0
561 0
562 2
563 1
564 0
565 0
566 1
567 1
568 0
569 0
570 0
571 0
572 0
573 0
574 0
575 0
576 2
577 1
578 2
579 1
580 0
581 0
582 2
583 0
584 1
585 2
586 1
587 0
588 0
589 1
590 0
591 0
592 0
593 1
594 0
595 0
596 2
597 0
598 1
599 0
600 1
601 0
602 0
603 0
604 2
605 0
606 0
607 0
608 1
609 0
610 1
611 1
612 1
613 2
614 0
615 2
616 0
617 0
618 0
619 2
620 1
621 0
622 0
623 0
624 1
625 0
626 1
627 1
628 2
629 0
630 1
631 0
632 1
633 0
634 1
635 0
636 0
637 0
638 2
639 1
640 0
641 0
642 2
643 0
644 0
645 0
646 0
647 2
648 0
649 0
650 0
651 1
652 0
653 0
654 0
655 0
656 2
657 1
658 0
659 0
660 2
661 0
662 0
663 0
664 0
665 2
666 2
667 0
668 2
669 1
670 0
671 0
672 2
673 2
674 0
675 0
676 1
677 0
678 1
679 0
680 2
681 0
682 0
683 0
684 0
685 0
686 0
687 2
688 1
689 0
690 1
691 2
692 0
693 2
694 0
695 0
696 0
697 2
698 0
699 2
700 0
701 1
702 0
703 0
704 1
705 0
706 1
707 0
708 1
709 1
710 0
711 0
712 2
713 1
714 0
715 2
716 0
717 0
718 0
719 0
720 0
721 0
722 0
723 2
724 1
725 1
726 0
727 0
728 2
729 2
730 2
731 0
732 0
733 0
734 2
735 0
736 0
737 1
738 2
739 1
740 2
741 0
742 2
743 1
744 0
745 0
746 0
747 2
748 0
749 2
750 2
751 0
752 1
753 0
754 0
755 1
756 2
757 0
758 2
759 2
760 1
761 0
762 0
763 2
764 1
765 0
766 2
767 0
768 1
769 0
770 0
771 0
772 2
773 0
774 0
775 0
776 0
777 0
778 0
779 0
780 0
781 0
782 2
783 1
784 0
785 2
786 0
787 0
788 0
789 2
790 1
791 0
792 0
793 0
794 0
795 1
796 0
797 2
798 0
799 0
800 0
801 1
802 2
803 1
804 1
805 2
806 0
807 1
808 0
809 0
810 0
811 2
812 1
813 0
814 1
815 0
816 2
817 1
818 2
819 0
820 0
821 0
822 2
823 2
824 1
825 1
826 0
827 0
828 2
829 0
830 0
831 2
832 1
833 2
834 0
835 0
836 2
837 2
838 0
839 0
840 0
841 2
842 1
843 0
844 0
845 1
846 1
847 2
848 0
849 0
850 0
851 2
852 0
853 0
854 2
855 2
856 0
857 1
858 2
859 0
860 0
861 0
862 1
863 2
864 0
865 1
866 0
867 0
868 0
869 0
870 2
871 0
872 0
873 0
874 1
875 1
876 1
877 0
878 0
879 1
880 0
881 2
882 1
883 2
884 0
885 1
886 0
887 0
888 1
889 1
890 0
891 2
892 1
893 1
894 1
895 2
896 0
897 2
898 0
899 0
900 1
901 0
902 2
903 0
904 0
905 1
906 1
907 2
908 0
909 1
910 0
911 1
912 0
913 2
914 2
915 2
916 2
917 2
918 0
919 0
920 0
921 0
922 2
923 1
924 2
925 1
926 0
927 0
928 2
929 0
930 0
931 0
932 0
933 1
934 0
935 1
936 0
937 1
938 1
939 0
940 0
941 2
942 0
943 2
944 0
945 1
946 1
947 0
948 0
949 1
950 2
951 0
952 2
953 1
954 2
955 0
956 0
957 2
958 0
959 2
960 0
961 0
962 2
963 1
964 0
965 1
966 2
967 2
968 1
969 0
970 2
971 0
972 2
973 2
974 2
975 1
976 1
977 2
978 0
979 1
980 1
981 1
982 1
983 0
984 0
985 0
986 1
987 1
988 1
989 1
990 0
991 0
992 1
993 0
994 0
995 0
996 2
997 1
998 0
999 0
1000 0
1001 0
1002 0
1003 2
1004 2
1005 0
1006 2
1007 0
1008 0
1009 2
1010 2
1011 0
1012 1
1013 0
1014 2
1015 0
1016 0
1017 0
1018 0
1019 0
1020 0
1021 2
1022 0
1023 0
1024 0
1025 0
1026 0
1027 2
1028 0
1029 1
1030 0
1031 1
1032 0
1033 2
1034 1
1035 1
1036 0
1037 0
1038 0
1039 2
1040 1
1041 1
1042 1
1043 2
1044 2
1045 0
1046 0
1047 0
1048 1
1049 1
1050 1
1051 0
1052 2
1053 0
1054 0
1055 0
1056 1
1057 1
1058 0
1059 2
1060 1
1061 2
1062 2
1063 1
1064 2
1065 2
1066 2
1067 1
1068 1
1069 0
1070 2
1071 1
1072 0
1073 0
1074 2
1075 0
1076 0
1077 0
1078 1
1079 1
1080 1
1081 0
1082 1
1083 0
1084 0
1085 0
1086 2
1087 0
1088 0
1089 2
1090 2
1091 0
1092 0
1093 1
1094 2
1095 2
1096 0
1097 0
1098 0
1099 1
1100 2
1101 0
1102 1
1103 1
1104 1
1105 0
1106 0
1107 0
1108 2
1109 0
1110 1
1111 0
1112 0
1113 1
1114 1
1115 0
1116 2
1117 1
1118 0
1119 1
1120 0
1121 0
1122 2
1123 2
1124 0
1125 0
1126 2
1127 2
1128 2
1129 1
1130 0
1131 0
1132 2
1133 0
1134 0
1135 0
1136 1
1137 1
1138 2
1139 2
1140 0
1141 2
1142 0
1143 2
1144 0
1145 1
1146 1
1147 0
1148 2
1149 0
1150 0
1151 0
1152 2
1153 0
1154 0
1155 0
1156 0
1157 1
1158 1
1159 1
1160 0
1161 0
1162 0
1163 0
1164 0
1165 2
1166 2
1167 0
1168 2
1169 0
1170 0
1171 0
1172 1
1173 2
1174 2
1175 0
1176 0
1177 0
1178 0
1179 1
1180 1
1181 0
1182 2
1183 0
1184 2
1185 0
1186 1
1187 1
1188 0
1189 2
1190 0
1191 0
1192 1
1193 0
1194 0
1195 0
1196 1
1197 1
1198 0
1199 1
1200 2
1201 0
1202 0
1203 1
1204 2
1205 0
1206 0
1207 0
1208 1
1209 1
1210 0
1211 2
1212 0
1213 2
1214 0
1215 0
1216 1
1217 1
1218 0
1219 0
1220 0
1221 1
1222 0
1223 2
1224 2
1225 1
1226 0
1227 0
1228 1
1229 0
1230 0
1231 1
1232 0
1233 0
1234 0
1235 2
1236 0
1237 1
1238 0
1239 2
1240 0
1241 0
1242 1
1243 2
1244 1
1245 0
1246 0
1247 0
1248 2
1249 0
1250 2
1251 0
1252 1
1253 0
1254 0
1255 1
1256 0
1257 2
1258 2
1259 2
1260 2
1261 1
1262 1
1263 2
1264 0
1265 0
1266 2
1267 0
1268 2
1269 0
1270 2
1271 0
1272 0
1273 0
1274 0
1275 0
1276 2
1277 2
1278 0
1279 1
1280 1
1281 2
1282 1
1283 2
1284 0
1285 0
1286 0
1287 0
1288 1
1289 1
1290 0
1291 1
1292 0
1293 0
1294 0
1295 0
1296 0
1297 1
1298 1
1299 1
1300 2
1301 0
1302 2
1303 0
1304 0
1305 0
1306 0
1307 1
1308 0
1309 0
1310 2
1311 2
1312 0
1313 1
1314 1
1315 0
1316 0
1317 1
1318 0
1319 0
1320 0
1321 0
1322 0
1323 1
1324 2
1325 2
1326 1
1327 0
1328 0
