0 1
1 2
2 0
3 0
4 1
5 1
6 0
7 2
8 2
9 0
10 2
11 1
12 0
13 0
14 1
15 0
16 0
17 2
18 0
19 1
20 2
21 0
22 1
23 0
24 0
25 0
26 0
27 1
28 1
29 2
30 2
31 1
32 0
33 2
34 2
35 0
36 1
37 1
38 1
39 0
40 0
41 0
42 0
43 2
44 1
45 0
46 2
47 0
48 0
49 1
50 0
51 0
52 1
53 0
54 1
55 2
56 2
57 0
58 2
59 0
60 2
61 0
62 2
63 2
64 1
65 2
66 0
67 0
68 2
69 2
70 2
71 2
72 2
73 0
74 0
75 0
76 2
77 1
78 0
79 0
80 2
81 0
82 1
83 2
84 0
85 0
86 0
87 2
88 1
89 2
90 0
91 2
92 2
93 0
94 2
95 0
96 0
97 0
98 2
99 2
100 1
101 0
102 0
103 0
104 2
105 2
106 0
107 0
108 2
109 0
110 2
111 1
112 0
113 0
114 0
115 0
116 0
117 2
118 0
119 2
120 2
121 1
122 2
123 0
124 0
125 0
126 0
127 0
128 2
129 0
130 0
131 0
132 0
133 2
134 2
135 1
136 1
137 0
138 2
139 2
140 0
141 1
142 2
143 2
144 1
145 0
146 0
147 1
148 0
149 2
150 2
151 1
152 1
153 0
154 0
155 2
156 1
157 2
158 0
159 0
160 1
161 2
162 2
163 2
164 2
165 0
166 0
167 0
168 1
169 0
170 0
171 0
172 0
173 2
174 0
175 0
176 0
177 2
178 1
179 0
180 2
181 2
182 0
183 0
184 0
185 0
186 1
187 2
188 2
189 0
190 2
191 0
192 2
193 2
194 0
195 0
196 0
197 0
198 2
199 2
200 0
201 0
202 1
203 1
204 0
205 0
206 2
207 1
208 2
209 0
210 2
211 0
212 2
213 0
214 0
215 0
216 1
217 1
218 2
219 0
220 1
221 0
222 0
223 2
224 2
225 2
226 0
227 0
228 0
229 0
230 0
231 0
232 0
233 1
234 0
235 2
236 1
237 2
238 0
239 0
240 2
241 0
242 0
243 2
244 0
245 0
246 2
247 2
248 0
249 0
250 2
251 0
252 2
253 0
254 0
255 0
256 2
257 0
258 2
259 1
260 0
261 0
262 2
263 1
264 1
265 0
266 2
267 0
268 0
269 0
270 0
271 0
272 0
273 0
274 0
275 2
276 0
277 1
278 2
279 0
280 0
281 0
282 0
283 0
284 2
285 0
286 2
287 2
288 2
289 1
290 0
291 0
292 2
293 0
294 0
295 0
296 2
297 1
298 0
299 2
300 1
301 0
302 0
303 0
304 0
305 1
306 2
307 0
308 2
309 2
310 0
311 2
312 1
313 1
314 2
315 1
316 2
317 0
318 0
319 1
320 0
321 2
322 1
323 0
324 0
325 1
326 2
327 2
328 1
329 2
330 2
331 2
