0 0
1 2
2 2
3 2
4 0
5 1
6 2
7 0
8 0
9 1
10 0
11 2
12 2
13 0
14 2
15 0
16 0
17 2
18 2
19 0
20 2
21 0
22 0
23 1
24 2
25 1
26 1
27 0
28 2
29 0
30 0
31 2
32 1
33 0
34 2
35 0
36 0
37 2
38 1
39 2
40 1
41 0
42 0
43 0
44 2
45 2
46 0
47 2
48 1
49 0
50 0
51 0
52 0
53 0
54 0
55 0
56 0
57 0
58 0
59 2
60 0
61 2
62 2
63 0
64 0
65 2
66 0
67 0
68 0
69 0
70 0
71 1
72 2
73 0
74 0
75 2
76 2
77 0
78 0
79 0
80 0
81 2
82 2
83 0
84 0
85 2
86 0
87 2
88 1
89 0
90 0
91 2
92 0
93 1
94 0
95 2
96 2
97 2
98 0
99 1
100 1
101 2
102 2
103 1
104 1
105 0
106 0
107 0
108 2
109 0
110 2
111 0
112 1
113 0
114 0
115 0
116 1
117 0
118 2
119 0
120 0
121 1
122 2
123 2
124 0
125 1
126 2
127 1
128 2
129 0
130 2
131 2
132 0
133 2
134 0
135 1
136 0
137 0
138 2
139 0
140 0
141 0
142 0
143 0
144 0
145 0
146 0
147 2
148 0
149 0
150 0
151 0
152 0
153 2
154 1
155 0
156 1
157 0
158 0
159 0
160 0
161 0
162 2
163 0
164 0
165 0
166 1
167 2
168 2
169 1
170 0
171 0
172 0
173 2
174 1
175 2
176 2
177 1
178 2
179 0
180 0
181 0
182 0
183 2
184 2
185 0
186 0
187 2
188 0
189 1
190 2
191 0
192 2
193 2
194 0
195 0
196 2
197 0
198 0
199 0
200 0
201 1
202 0
203 0
204 0
205 2
206 2
207 2
208 2
209 0
210 0
211 2
212 2
213 2
214 2
215 2
216 0
217 0
218 0
219 0
220 0
221 2
222 1
223 2
224 1
225 0
226 1
227 2
228 0
229 2
230 2
231 0
232 2
233 1
234 0
235 2
236 1
237 2
238 0
239 2
240 2
241 2
242 0
243 2
244 0
245 0
246 0
247 0
248 2
249 2
250 2
251 1
252 0
253 2
254 0
255 2
256 1
257 2
258 0
259 2
260 0
261 2
262 2
263 2
264 0
265 2
266 1
267 0
268 2
269 2
270 1
271 2
272 0
273 2
274 0
275 1
276 1
277 2
278 1
279 0
280 0
281 1
282 2
283 2
284 1
285 0
286 0
287 1
288 1
289 2
290 2
291 0
292 0
293 2
294 0
295 0
296 1
297 0
298 0
299 0
300 2
301 2
302 0
303 2
304 0
305 2
306 1
307 1
308 0
309 0
310 2
311 0
312 1
313 2
314 2
315 0
316 2
317 0
318 0
319 2
320 1
321 1
322 2
323 2
324 0
325 2
326 2
327 2
328 0
329 0
330 2
331 0
332 0
333 0
334 2
335 0
336 2
337 0
338 0
339 0
340 0
341 0
342 0
343 2
344 0
345 2
346 0
347 0
348 2
349 2
350 2
351 0
352 2
353 0
354 0
355 1
356 2
357 0
358 1
359 0
360 0
361 0
362 0
363 2
364 0
365 0
366 0
367 2
368 0
369 0
370 0
371 0
372 2
373 1
374 0
375 0
376 2
377 0
378 0
379 1
380 0
381 2
382 2
383 0
384 0
385 0
386 2
387 0
388 1
389 1
390 2
391 1
392 0
393 0
394 2
395 2
396 0
397 1
398 0
399 0
400 1
401 2
402 2
403 0
404 2
405 0
406 2
407 0
408 1
409 0
410 0
411 2
412 1
413 2
414 0
415 0
416 0
417 1
418 0
419 1
420 0
421 0
422 0
423 2
424 0
425 0
426 0
427 2
428 0
429 0
430 2
431 0
432 1
433 0
434 0
435 2
436 2
437 1
438 0
439 1
440 2
441 0
442 0
443 0
444 2
445 1
446 2
447 2
448 0
449 0
450 2
451 0
452 0
453 2
454 0
455 0
456 0
457 2
458 0
459 0
460 0
461 1
462 2
463 2
464 1
465 0
466 2
467 2
468 2
469 2
470 0
471 2
472 0
473 2
474 0
475 2
476 2
477 0
478 2
479 0
480 1
481 1
482 0
483 2
484 0
485 0
486 0
487 2
488 0
489 1
490 1
491 0
492 0
493 2
494 1
495 2
496 2
497 2
498 0
499 2
500 0
501 2
502 0
503 0
504 2
505 0
506 0
507 0
508 0
509 0
510 2
511 0
512 2
513 1
514 0
515 2
516 0
517 0
518 0
519 1
520 0
521 2
522 1
523 1
524 1
525 2
526 0
527 0
528 2
529 0
530 0
531 2
532 2
533 0
534 0
535 1
536 1
537 2
538 2
539 2
540 2
541 0
542 0
543 0
544 1
545 2
546 2
547 0
548 0
549 0
550 0
551 0
552 2
553 0
554 0
555 0
556 0
557 0
558 2
559 0
560 2
561 0
562 0
563 2
564 2
565 0
566 0
567 1
568 0
569 0
570 0
571 2
572 2
573 2
574 0
575 0
576 0
577 1
578 2
579 0
580 0
581 0
582 0
583 0
584 2
585 2
586 0
587 0
588 2
589 2
590 2
591 0
592 0
593 0
594 0
595 0
596 2
597 2
598 0
599 0
600 0
601 1
602 2
603 0
604 2
605 0
606 1
607 2
608 2
609 0
610 0
611 0
612 1
613 0
614 0
615 2
616 0
617 0
618 0
619 1
620 0
621 0
622 0
623 0
624 2
625 0
626 2
627 2
628 0
629 2
630 0
631 2
632 0
633 2
634 2
635 0
636 2
637 0
638 1
639 0
640 0
641 0
642 0
643 2
644 0
645 1
646 0
647 0
648 0
649 1
650 0
651 0
652 1
653 2
654 2
655 2
656 0
657 2
658 0
659 0
660 2
661 0
662 0
663 2
664 0
665 1
666 0
667 0
668 2
669 2
670 2
671 0
672 0
673 0
674 2
675 0
676 0
677 0
678 2
679 2
680 2
681 1
682 0
683 0
684 2
685 1
686 1
687 0
688 2
689 2
690 0
691 2
692 0
693 0
694 2
695 2
696 0
697 0
698 0
699 0
700 2
701 0
702 0
703 2
704 1
705 0
706 2
707 1
708 0
709 2
710 0
711 2
712 1
713 2
714 1
715 0
716 0
717 0
718 2
719 2
720 2
721 2
722 0
723 0
724 2
725 0
726 2
727 2
728 0
729 0
730 0
731 0
732 0
733 2
734 0
735 1
736 0
737 2
738 2
739 0
740 2
741 1
742 1
743 0
744 2
745 0
746 0
747 2
748 0
749 2
750 2
751 2
752 2
753 0
754 1
755 1
756 0
757 0
758 0
759 0
760 1
761 0
762 2
763 0
764 2
765 1
766 2
767 2
768 0
769 0
770 0
771 2
772 2
773 1
774 2
775 2
776 0
777 0
778 2
779 0
780 2
781 2
782 2
783 2
784 2
785 2
786 1
787 0
788 0
789 0
790 2
791 2
792 0
793 2
794 2
795 2
796 0
797 0
798 2
799 0
800 2
801 2
802 0
803 2
804 2
805 2
806 2
807 2
808 2
809 2
810 0
811 2
812 0
813 1
814 0
815 0
816 2
817 1
818 0
819 0
820 2
821 1
822 0
823 2
824 0
825 1
826 2
827 0
828 0
829 0
830 0
831 0
832 0
833 1
834 0
835 0
836 2
837 0
838 0
839 0
840 2
841 1
842 0
843 0
844 2
845 1
846 1
847 2
848 1
849 2
850 0
851 0
852 2
853 1
854 2
855 0
856 2
857 0
858 1
859 0
860 1
861 2
862 2
863 0
864 2
865 0
866 0
867 2
868 0
869 1
870 0
871 2
872 0
873 2
874 0
875 1
876 2
877 2
878 0
879 0
880 2
881 0
882 2
883 2
884 0
885 2
886 2
887 2
888 0
889 0
890 0
891 0
892 0
893 0
894 0
895 1
896 2
897 1
898 0
899 0
900 2
901 2
902 0
903 1
904 0
905 2
906 0
907 2
908 0
909 0
910 0
911 1
912 0
913 0
914 1
915 2
916 2
917 0
918 0
919 1
920 0
921 0
922 2
923 0
924 0
925 0
926 2
927 1
928 0
929 0
930 2
931 0
932 1
933 2
934 2
935 1
936 0
937 0
938 2
939 1
940 0
941 2
942 0
943 2
944 1
945 1
946 0
947 2
948 0
949 2
950 0
951 0
952 0
953 2
954 0
955 0
956 1
957 2
958 2
959 1
960 0
961 2
962 0
963 0
964 0
965 1
966 0
967 1
968 2
969 2
970 1
971 0
972 1
973 0
974 1
975 1
976 2
977 1
978 0
979 0
980 2
981 0
982 2
983 2
984 0
985 2
986 1
987 0
988 1
989 2
990 2
991 0
992 1
993 1
994 0
995 2
996 0
997 0
998 2
999 2
1000 0
1001 0
1002 0
1003 0
1004 0
1005 0
1006 1
1007 0
1008 2
1009 2
1010 0
1011 1
1012 2
1013 0
1014 0
1015 0
1016 2
1017 0
1018 2
1019 2
1020 2
1021 2
1022 2
1023 0
1024 2
1025 0
1026 0
1027 0
1028 0
1029 0
1030 2
1031 2
1032 0
1033 0
1034 0
1035 2
1036 0
1037 1
1038 1
1039 2
1040 2
1041 0
1042 2
1043 2
1044 0
1045 2
1046 0
1047 0
1048 0
1049 0
1050 1
1051 1
1052 2
1053 0
1054 2
1055 0
1056 0
1057 1
1058 1
1059 2
1060 1
1061 2
1062 0
1063 0
1064 0
1065 0
1066 0
1067 0
1068 2
1069 0
1070 0
1071 0
1072 0
1073 2
1074 0
1075 1
1076 1
1077 1
1078 2
1079 0
1080 2
1081 2
1082 2
1083 2
1084 2
1085 0
1086 2
1087 0
1088 2
1089 0
1090 2
1091 0
1092 0
1093 0
1094 0
1095 2
1096 2
1097 2
1098 0
1099 2
1100 0
1101 0
1102 2
1103 2
1104 2
1105 2
1106 0
1107 0
1108 1
1109 0
1110 0
1111 2
1112 0
1113 2
1114 1
1115 0
1116 0
1117 0
1118 0
1119 2
1120 0
1121 0
1122 2
1123 2
1124 1
1125 0
1126 2
1127 2
1128 0
1129 1
1130 2
1131 2
1132 0
1133 2
1134 1
1135 2
1136 0
1137 0
1138 2
1139 1
1140 2
1141 2
1142 2
1143 2
1144 1
1145 0
1146 1
1147 2
1148 0
1149 0
1150 2
1151 0
1152 2
1153 0
1154 2
1155 0
1156 1
1157 0
1158 2
1159 2
1160 2
1161 2
1162 0
1163 2
1164 0
1165 1
1166 2
1167 2
1168 0
1169 0
1170 2
1171 0
1172 0
1173 2
1174 0
1175 1
1176 2
1177 0
1178 0
1179 2
1180 2
1181 2
1182 0
1183 0
1184 2
1185 0
1186 0
1187 2
1188 1
1189 2
1190 2
1191 0
1192 1
1193 1
1194 0
1195 2
1196 2
1197 0
1198 0
1199 0
1200 0
1201 2
1202 0
1203 1
1204 1
1205 2
1206 2
1207 0
1208 0
1209 2
1210 2
1211 1
1212 2
1213 0
1214 0
1215 0
1216 0
1217 0
1218 0
1219 0
1220 0
1221 1
1222 2
1223 1
1224 1
1225 0
1226 0
1227 0
1228 0
1229 1
1230 0
1231 2
1232 2
1233 0
1234 2
1235 1
1236 1
1237 0
1238 0
1239 1
1240 2
1241 2
1242 2
1243 0
1244 2
1245 0
1246 1
1247 0
1248 0
1249 2
1250 2
1251 0
1252 2
1253 0
1254 0
1255 1
1256 2
1257 2
1258 2
1259 2
1260 2
1261 2
1262 1
1263 0
1264 0
1265 2
1266 0
1267 0
1268 0
1269 0
1270 2
1271 2
1272 0
1273 1
1274 2
1275 2
1276 0
1277 0
1278 1
1279 1
1280 0
1281 2
1282 2
1283 2
1284 0
1285 1
1286 2
1287 2
1288 0
1289 0
1290 0
1291 2
1292 2
1293 2
1294 0
1295 0
1296 1
1297 0
1298 2
1299 0
1300 2
1301 1
1302 2
1303 0
1304 0
1305 0
1306 0
1307 0
1308 2
1309 0
1310 0
1311 2
1312 2
1313 0
1314 1
1315 2
1316 2
1317 0
1318 1
1319 2
1320 1
1321 0
1322 2
1323 0
1324 0
1325 0
1326 2
1327 0
1328 0
1329 1
1330 1
1331 2
1332 1
1333 2
1334 1
1335 2
1336 2
1337 0
1338 1
1339 2
1340 0
1341 2
1342 0
1343 2
1344 1
1345 0
1346 0
1347 1
1348 0
1349 2
1350 0
1351 0
1352 1
1353 2
1354 0
1355 0
1356 1
1357 1
1358 1
1359 2
1360 1
1361 2
1362 0
1363 2
1364 2
1365 2
1366 0
1367 0
1368 2
1369 2
1370 2
1371 0
1372 0
1373 2
1374 0
1375 1
1376 0
1377 1
1378 0
1379 2
1380 0
1381 1
1382 0
1383 0
1384 2
1385 0
1386 0
1387 2
1388 1
1389 2
1390 2
1391 2
1392 2
1393 0
1394 2
1395 0
1396 0
1397 2
1398 1
1399 2
1400 2
1401 0
1402 2
1403 0
1404 2
1405 1
1406 1
1407 0
1408 0
1409 2
1410 0
1411 2
1412 2
1413 2
1414 0
1415 2
1416 0
1417 0
1418 0
1419 2
1420 0
1421 2
1422 0
1423 1
1424 0
1425 2
1426 0
1427 1
1428 0
1429 2
1430 2
1431 0
1432 0
1433 2
1434 2
1435 0
1436 2
1437 0
1438 1
1439 0
1440 0
1441 0
1442 2
1443 0
1444 2
1445 2
1446 0
1447 2
1448 2
1449 2
1450 0
1451 2
1452 0
1453 2
1454 2
1455 2
1456 2
1457 0
1458 0
1459 2
1460 1
1461 1
1462 0
1463 2
1464 1
1465 0
1466 2
1467 2
1468 1
1469 0
1470 0
1471 0
1472 0
1473 0
1474 0
1475 2
1476 2
1477 2
1478 2
1479 0
1480 2
1481 0
1482 0
1483 0
1484 2
1485 0
1486 2
1487 2
1488 0
1489 0
1490 0
1491 2
1492 2
1493 0
1494 1
1495 1
1496 1
1497 1
1498 2
1499 0
1500 2
1501 2
1502 0
1503 0
1504 2
1505 2
1506 2
1507 0
1508 0
1509 0
1510 2
1511 2
1512 2
1513 0
1514 2
1515 2
1516 1
1517 0
1518 0
1519 2
1520 2
1521 2
1522 2
1523 1
1524 2
1525 0
1526 2
1527 1
1528 2
1529 2
1530 0
1531 2
1532 2
1533 0
1534 0
1535 2
1536 0
1537 0
1538 0
1539 1
1540 1
1541 0
1542 2
1543 2
1544 0
1545 0
1546 0
1547 2
1548 2
1549 2
1550 0
1551 2
1552 2
1553 0
1554 2
1555 0
1556 2
1557 0
1558 2
1559 0
1560 2
1561 0
1562 0
1563 0
1564 0
1565 0
1566 2
1567 0
1568 0
1569 0
1570 0
1571 0
1572 2
1573 2
1574 0
1575 0
1576 2
1577 0
1578 2
1579 2
1580 1
1581 0
1582 2
1583 0
1584 2
1585 0
1586 2
1587 2
1588 0
1589 2
1590 0
1591 2
1592 1
1593 0
1594 2
1595 0
1596 2
1597 0
1598 0
1599 2
1600 1
1601 0
1602 1
1603 0
1604 0
1605 0
1606 0
1607 2
1608 0
1609 0
1610 2
1611 0
1612 0
1613 0
1614 0
1615 0
1616 2
1617 0
1618 2
1619 0
1620 0
1621 0
1622 0
1623 0
1624 0
1625 2
1626 2
1627 2
1628 2
1629 1
1630 0
1631 2
1632 0
1633 2
1634 2
1635 2
1636 0
1637 2
1638 0
1639 2
1640 1
1641 0
1642 2
1643 0
1644 2
1645 0
1646 2
1647 1
1648 2
1649 0
1650 0
1651 2
1652 0
1653 0
1654 2
1655 1
1656 2
1657 1
1658 2
1659 2
1660 1
1661 0
1662 0
1663 2
1664 0
1665 2
1666 0
1667 0
1668 1
1669 2
1670 1
1671 1
1672 0
1673 0
1674 1
1675 0
1676 0
1677 0
1678 2
1679 2
1680 2
1681 1
1682 0
1683 1
1684 0
1685 0
1686 0
1687 2
1688 1
1689 0
1690 2
1691 0
1692 2
1693 0
1694 0
1695 2
1696 0
1697 0
1698 2
1699 0
1700 0
1701 2
1702 2
1703 1
1704 1
1705 2
1706 0
1707 2
1708 1
1709 0
1710 2
1711 0
1712 0
1713 0
1714 0
1715 2
1716 2
1717 2
1718 0
1719 2
1720 0
1721 2
1722 0
1723 2
1724 0
1725 0
1726 2
1727 0
1728 0
1729 2
1730 0
1731 2
1732 2
1733 1
1734 2
1735 0
1736 1
1737 0
1738 0
1739 1
1740 2
1741 1
1742 1
1743 0
1744 0
1745 0
1746 1
1747 1
1748 1
1749 1
1750 2
1751 0
1752 2
1753 2
1754 1
1755 0
1756 1
1757 0
1758 0
1759 2
1760 2
1761 1
1762 0
1763 2
1764 0
1765 2
1766 1
1767 2
1768 0
1769 0
1770 0
1771 2
1772 2
1773 0
1774 2
1775 2
1776 0
1777 2
1778 0
1779 2
1780 0
1781 0
1782 2
1783 0
1784 2
1785 2
1786 0
1787 2
1788 0
1789 2
1790 2
1791 2
1792 0
1793 2
1794 2
1795 2
1796 0
1797 0
1798 2
1799 0
1800 0
1801 0
1802 0
1803 0
1804 2
1805 2
1806 0
1807 0
1808 2
1809 2
1810 2
1811 0
1812 2
1813 0
1814 1
1815 0
1816 0
1817 2
1818 2
1819 2
1820 0
1821 2
1822 2
1823 0
1824 0
1825 2
1826 0
1827 2
1828 0
1829 2
1830 2
1831 2
1832 2
1833 0
1834 0
1835 1
1836 2
1837 0
1838 2
1839 2
1840 1
1841 0
1842 0
1843 2
1844 0
1845 2
1846 0
1847 0
1848 2
1849 0
1850 2
1851 1
1852 2
1853 2
1854 0
1855 0
1856 0
1857 2
1858 0
1859 0
1860 0
1861 1
1862 0
1863 0
1864 0
1865 2
1866 1
1867 0
1868 1
1869 0
1870 2
1871 2
1872 0
1873 0
1874 0
1875 2
1876 0
1877 2
1878 0
1879 2
1880 1
1881 2
1882 2
1883 2
1884 2
1885 0
1886 0
1887 2
1888 0
1889 2
1890 2
1891 2
1892 1
1893 0
1894 2
1895 0
1896 2
1897 0
1898 0
1899 0
1900 0
1901 0
1902 2
1903 0
1904 0
1905 2
1906 1
1907 0
1908 0
1909 0
1910 2
1911 0
1912 0
1913 0
1914 2
1915 1
1916 0
1917 2
1918 1
1919 2
1920 2
1921 2
1922 0
1923 0
1924 2
1925 2
1926 2
1927 2
1928 2
1929 1
1930 0
1931 2
1932 0
1933 2
1934 2
1935 0
1936 0
1937 2
1938 0
1939 0
1940 2
1941 2
1942 0
1943 2
1944 1
1945 0
1946 2
1947 0
1948 0
1949 0
1950 0
1951 0
1952 0
1953 2
1954 2
1955 2
1956 2
1957 0
1958 2
1959 0
1960 0
1961 2
1962 1
1963 0
1964 2
1965 0
1966 2
1967 2
1968 0
1969 2
1970 0
1971 0
1972 0
1973 0
1974 0
1975 0
1976 0
1977 0
1978 2
1979 2
1980 0
1981 1
1982 1
1983 2
1984 2
1985 0
1986 0
1987 2
1988 2
1989 0
1990 2
1991 2
1992 0
1993 2
1994 2
1995 1
1996 2
1997 1
1998 0
1999 0
2000 2
2001 2
2002 2
2003 0
2004 2
2005 2
2006 0
2007 0
2008 0
2009 0
2010 0
2011 1
2012 1
2013 0
2014 0
2015 0
2016 2
2017 0
2018 0
2019 0
2020 2
2021 2
2022 2
2023 0
2024 2
2025 0
2026 0
2027 2
2028 0
2029 0
2030 2
2031 2
2032 2
2033 2
2034 2
2035 0
2036 1
2037 2
2038 2
2039 0
2040 0
2041 0
2042 2
2043 0
2044 0
2045 0
2046 2
2047 2
2048 1
2049 0
2050 2
2051 1
2052 2
2053 0
2054 0
2055 1
2056 2
2057 2
2058 0
2059 0
2060 0
2061 0
2062 2
2063 0
2064 0
2065 0
2066 2
2067 0
2068 1
2069 2
2070 2
2071 2
2072 2
2073 2
2074 0
2075 2
2076 2
2077 2
2078 0
2079 2
2080 0
2081 2
2082 2
2083 2
2084 2
2085 2
2086 2
2087 1
2088 2
2089 0
2090 0
2091 2
2092 1
2093 2
2094 0
2095 1
2096 2
2097 0
2098 0
2099 0
2100 0
2101 0
2102 0
2103 0
2104 0
2105 0
2106 2
2107 2
2108 0
2109 0
2110 2
2111 2
2112 0
2113 0
2114 2
2115 2
2116 0
2117 0
2118 2
2119 0
2120 2
2121 1
2122 0
2123 2
2124 0
2125 0
2126 1
2127 2
2128 0
2129 0
2130 1
2131 0
2132 0
2133 2
2134 2
2135 2
2136 1
2137 1
2138 0
2139 0
2140 0
2141 2
2142 1
2143 0
2144 2
2145 0
2146 0
2147 2
2148 0
2149 0
2150 0
2151 0
2152 2
2153 2
2154 1
2155 2
2156 0
2157 2
2158 0
2159 1
2160 0
2161 1
2162 0
2163 2
2164 2
2165 2
2166 2
2167 0
2168 1
2169 1
2170 2
2171 0
2172 0
2173 1
2174 2
2175 0
2176 1
2177 0
2178 0
2179 1
2180 0
2181 0
2182 0
2183 0
2184 2
2185 0
2186 1
2187 0
2188 0
2189 2
2190 0
2191 2
2192 2
2193 2
2194 0
2195 1
2196 1
2197 0
2198 1
2199 2
2200 0
2201 0
2202 2
2203 0
2204 0
2205 2
2206 0
2207 0
2208 2
2209 2
2210 2
2211 1
2212 2
2213 0
2214 1
2215 0
2216 2
2217 0
2218 0
2219 1
2220 0
2221 2
2222 0
2223 0
2224 0
2225 2
2226 2
2227 2
2228 2
2229 2
2230 2
2231 0
2232 0
2233 0
2234 0
2235 1
2236 2
2237 2
2238 0
2239 0
2240 1
2241 1
2242 0
2243 1
2244 0
2245 2
2246 0
2247 1
2248 1
2249 2
2250 0
2251 0
2252 1
2253 0
2254 0
2255 1
2256 0
2257 0
2258 2
2259 1
2260 0
2261 2
2262 0
2263 0
2264 2
2265 1
2266 2
2267 2
2268 2
2269 2
2270 0
2271 2
2272 1
2273 0
2274 0
2275 1
2276 0
2277 2
2278 1
2279 0
2280 2
2281 0
2282 0
2283 2
2284 1
2285 1
2286 0
2287 0
2288 0
2289 1
2290 2
2291 0
2292 0
2293 0
2294 2
2295 0
2296 1
2297 0
2298 0
2299 2
2300 0
2301 2
2302 0
2303 0
2304 2
2305 2
2306 0
2307 2
2308 1
2309 0
2310 2
2311 0
2312 2
2313 1
2314 1
2315 0
2316 1
2317 0
2318 0
2319 0
2320 0
2321 1
2322 0
2323 2
2324 1
2325 0
2326 2
2327 2
2328 0
2329 2
2330 0
2331 0
2332 0
2333 1
2334 1
2335 2
2336 0
2337 2
2338 1
2339 0
2340 2
2341 2
2342 1
2343 1
2344 0
2345 0
2346 0
2347 0
2348 2
2349 0
2350 1
2351 2
2352 1
2353 2
2354 1
2355 1
2356 0
2357 0
2358 0
2359 2
2360 1
2361 2
2362 0
2363 2
2364 2
2365 0
2366 2
2367 2
2368 0
2369 0
2370 0
2371 0
2372 2
2373 0
2374 2
2375 0
2376 0
2377 0
2378 2
2379 0
2380 1
2381 0
2382 2
2383 0
2384 0
2385 2
2386 1
2387 2
2388 2
2389 1
2390 0
2391 2
2392 0
2393 0
2394 0
2395 2
2396 1
2397 0
2398 2
2399 0
2400 0
2401 0
2402 2
2403 0
2404 0
2405 2
2406 2
2407 0
2408 0
2409 1
2410 2
2411 1
2412 0
2413 2
2414 0
2415 2
2416 2
2417 2
2418 2
2419 1
2420 0
2421 0
2422 0
2423 1
2424 2
2425 2
2426 2
2427 0
2428 2
2429 2
2430 0
2431 2
2432 2
2433 0
2434 0
2435 0
2436 0
2437 2
2438 2
2439 2
2440 2
2441 2
2442 0
2443 0
2444 2
2445 2
2446 0
2447 0
2448 0
2449 0
2450 0
2451 2
2452 0
2453 0
2454 0
2455 2
2456 0
2457 0
2458 0
2459 1
2460 0
2461 1
2462 0
2463 0
2464 0
2465 0
2466 0
2467 2
2468 2
2469 1
2470 2
2471 2
2472 1
2473 0
2474 2
2475 2
2476 2
2477 1
2478 2
2479 0
2480 2
2481 2
2482 0
2483 0
2484 2
2485 0
2486 0
2487 0
2488 2
2489 2
2490 2
2491 2
2492 0
2493 2
2494 2
2495 1
2496 0
2497 2
2498 0
2499 2
2500 1
2501 2
2502 2
2503 1
2504 0
2505 2
2506 2
2507 2
2508 1
2509 1
2510 2
2511 1
2512 0
2513 2
2514 0
2515 0
2516 0
2517 2
2518 2
2519 0
2520 0
2521 0
2522 1
2523 2
2524 2
2525 0
2526 1
2527 0
2528 0
2529 2
2530 0
2531 0
2532 0
2533 0
2534 2
2535 2
2536 1
2537 0
2538 1
2539 0
2540 2
2541 0
2542 2
2543 2
2544 1
2545 2
2546 2
2547 0
2548 2
2549 2
2550 0
2551 0
2552 2
2553 0
2554 0
2555 0
2556 0
2557 1
2558 0
2559 0
2560 2
2561 0
2562 1
2563 1
2564 2
2565 0
2566 2
2567 0
2568 2
2569 1
2570 1
2571 0
2572 0
2573 2
2574 0
2575 2
2576 0
2577 0
2578 1
2579 0
2580 0
2581 2
2582 2
2583 0
2584 2
2585 0
2586 0
2587 2
2588 0
2589 2
2590 0
2591 2
2592 2
2593 0
2594 1
2595 2
2596 2
2597 1
2598 0
2599 0
2600 2
2601 0
2602 0
2603 2
2604 1
2605 1
2606 0
2607 0
2608 0
2609 2
2610 0
2611 0
2612 0
2613 0
2614 0
2615 0
2616 0
2617 1
2618 2
2619 2
2620 0
2621 2
2622 2
2623 2
2624 0
2625 2
2626 0
2627 1
2628 0
2629 2
2630 2
2631 2
2632 1
2633 2
2634 0
2635 2
2636 0
2637 2
2638 2
2639 2
2640 1
2641 1
2642 2
2643 0
2644 0
2645 0
2646 2
2647 1
2648 2
2649 0
2650 2
2651 2
2652 0
2653 0
2654 1
2655 0
2656 0
2657 0
2658 0
2659 0
2660 1
2661 2
2662 0
2663 0
2664 2
2665 2
2666 0
2667 2
2668 2
2669 0
2670 2
2671 2
2672 2
2673 2
2674 0
2675 0
2676 2
2677 2
2678 1
2679 0
2680 2
2681 0
2682 0
2683 0
2684 0
2685 0
2686 0
2687 2
2688 2
2689 0
2690 2
2691 0
2692 0
2693 2
2694 2
2695 2
2696 0
2697 0
2698 2
2699 0
2700 0
2701 1
2702 0
2703 0
2704 0
2705 0
2706 1
2707 0
2708 0
2709 2
2710 2
2711 0
2712 2
2713 2
2714 0
2715 0
2716 2
2717 0
2718 0
2719 2
2720 2
2721 1
2722 0
2723 0
2724 1
2725 0
2726 1
2727 0
2728 0
2729 0
2730 0
2731 2
2732 2
2733 0
2734 0
2735 1
2736 2
2737 2
2738 1
2739 2
2740 2
2741 1
2742 1
2743 0
2744 2
2745 2
2746 2
2747 0
2748 0
2749 0
2750 1
2751 2
2752 2
2753 0
2754 0
2755 2
2756 0
2757 0
2758 0
2759 2
2760 0
2761 2
2762 2
2763 1
2764 2
2765 2
2766 0
2767 1
2768 0
2769 0
2770 0
2771 0
2772 0
2773 2
2774 0
2775 1
2776 0
2777 2
2778 0
2779 0
2780 0
2781 0
2782 0
2783 0
2784 1
2785 0
2786 0
2787 2
2788 2
2789 1
2790 0
2791 0
2792 0
2793 1
2794 0
2795 0
2796 2
2797 0
2798 2
2799 0
2800 0
2801 0
2802 0
2803 2
2804 2
2805 0
2806 2
2807 0
2808 2
2809 2
2810 2
2811 2
2812 2
2813 1
2814 2
2815 2
2816 0
2817 0
2818 2
2819 2
2820 2
2821 0
2822 0
2823 1
2824 2
2825 0
2826 2
2827 0
2828 0
2829 0
2830 2
2831 1
2832 0
2833 0
2834 0
2835 1
2836 2
2837 1
2838 2
2839 2
2840 2
2841 2
2842 2
2843 0
2844 2
2845 2
2846 2
2847 0
2848 2
2849 0
2850 1
2851 2
2852 0
2853 2
2854 0
2855 0
2856 2
2857 1
2858 0
2859 1
2860 0
2861 0
2862 0
2863 2
2864 0
2865 0
2866 2
2867 0
2868 0
2869 0
2870 0
2871 2
2872 2
2873 2
2874 2
2875 0
2876 2
2877 1
2878 2
2879 0
2880 0
2881 0
2882 0
2883 0
2884 2
2885 2
2886 0
2887 2
2888 0
2889 0
2890 0
2891 2
2892 0
2893 1
2894 2
2895 2
2896 0
2897 2
2898 0
2899 2
2900 0
2901 1
2902 2
2903 2
2904 2
2905 0
2906 2
2907 0
2908 0
2909 0
2910 0
2911 0
2912 0
2913 2
2914 0
2915 2
2916 0
2917 2
2918 0
2919 0
2920 0
2921 0
2922 2
2923 1
2924 2
2925 1
2926 2
2927 0
2928 0
2929 0
2930 0
2931 0
2932 2
2933 2
2934 0
2935 1
2936 0
2937 0
2938 0
2939 0
2940 2
2941 2
2942 0
2943 2
2944 2
2945 0
2946 2
2947 2
2948 0
2949 1
2950 2
2951 0
2952 2
2953 0
2954 0
2955 2
2956 0
2957 0
2958 0
2959 2
2960 1
2961 2
2962 2
2963 1
2964 1
2965 0
2966 0
2967 1
2968 0
2969 2
2970 0
2971 1
2972 2
2973 2
2974 2
2975 0
2976 0
2977 2
2978 0
2979 0
2980 2
2981 1
2982 2
2983 0
2984 0
2985 0
2986 2
2987 0
2988 0
2989 0
2990 2
2991 0
2992 2
2993 0
2994 0
2995 0
2996 0
2997 1
2998 2
2999 2
3000 2
3001 0
3002 1
3003 0
3004 2
3005 0
3006 1
3007 0
3008 0
3009 0
3010 2
3011 0
3012 2
3013 1
3014 2
3015 0
3016 2
3017 2
3018 0
3019 2
3020 2
3021 2
3022 2
3023 2
3024 2
3025 2
3026 2
3027 0
3028 0
3029 2
3030 2
3031 2
3032 2
3033 2
3034 2
3035 2
3036 1
3037 1
3038 0
3039 2
3040 2
3041 2
3042 0
3043 2
3044 2
3045 2
3046 0
3047 1
3048 0
3049 2
3050 2
3051 2
3052 2
3053 2
3054 0
3055 1
3056 0
3057 2
3058 1
3059 0
3060 2
3061 0
3062 1
3063 2
3064 0
3065 0
3066 1
3067 1
3068 1
3069 0
3070 0
3071 0
3072 2
3073 2
3074 0
3075 0
3076 1
3077 0
3078 0
3079 1
3080 2
3081 0
3082 1
3083 2
3084 0
3085 2
3086 0
3087 0
3088 1
3089 2
3090 2
3091 0
3092 0
3093 2
3094 0
3095 2
3096 2
3097 2
3098 2
3099 2
3100 2
3101 2
3102 0
3103 1
3104 2
3105 0
3106 2
3107 0
3108 2
3109 2
3110 2
3111 2
3112 0
3113 1
3114 1
3115 1
3116 0
3117 0
3118 0
3119 2
3120 0
3121 1
3122 0
3123 0
3124 2
3125 0
3126 2
3127 1
3128 0
3129 2
3130 0
3131 0
3132 1
3133 1
3134 2
3135 0
3136 0
3137 2
3138 0
3139 2
3140 2
3141 0
3142 0
3143 0
3144 0
3145 1
3146 1
3147 2
3148 1
3149 1
3150 0
3151 0
3152 0
3153 2
3154 0
3155 2
3156 1
3157 0
3158 2
3159 1
3160 1
3161 2
3162 1
3163 0
3164 0
3165 0
3166 1
3167 0
3168 0
3169 2
3170 0
3171 0
3172 1
3173 2
3174 2
3175 0
3176 0
3177 0
3178 2
3179 1
3180 0
3181 0
3182 0
3183 0
3184 1
3185 0
3186 0
3187 2
3188 0
3189 0
3190 2
3191 1
3192 0
3193 2
3194 1
3195 1
3196 1
3197 2
3198 2
3199 0
3200 0
3201 0
3202 2
3203 0
3204 2
3205 0
3206 0
3207 0
3208 2
3209 1
3210 2
3211 0
3212 2
3213 0
3214 0
3215 2
3216 2
3217 0
3218 1
3219 0
3220 1
3221 2
3222 0
3223 0
3224 0
3225 1
3226 2
3227 0
3228 0
3229 1
3230 0
3231 0
3232 2
3233 1
3234 0
3235 0
3236 0
3237 2
3238 0
3239 0
3240 2
3241 0
3242 0
3243 0
3244 2
3245 2
3246 0
3247 0
3248 0
3249 0
3250 0
3251 2
3252 2
3253 2
3254 2
3255 2
3256 0
3257 0
3258 0
3259 2
3260 2
3261 1
3262 2
3263 0
3264 0
3265 0
3266 2
3267 0
3268 2
3269 2
3270 2
3271 2
3272 2
3273 2
3274 0
3275 2
3276 0
3277 0
3278 0
3279 0
3280 1
3281 0
3282 2
3283 2
3284 2
3285 2
3286 2
3287 1
3288 0
3289 0
3290 2
3291 1
3292 2
3293 2
3294 0
3295 2
3296 0
3297 2
3298 2
3299 0
3300 1
3301 0
3302 0
3303 2
3304 0
3305 1
3306 2
3307 1
3308 1
3309 1
3310 2
3311 1
3312 2
3313 0
3314 0
3315 0
3316 2
3317 2
3318 2
3319 1
3320 1
3321 0
3322 2
3323 0
3324 2
3325 2
3326 2
3327 2
3328 0
3329 2
3330 0
3331 1
3332 0
3333 0
3334 1
3335 0
3336 1
3337 0
3338 0
3339 1
3340 1
3341 0
3342 1
3343 0
3344 0
3345 0
3346 2
3347 2
3348 0
3349 0
3350 1
3351 2
3352 1
3353 2
3354 2
3355 1
3356 2
3357 0
3358 0
3359 2
3360 2
3361 2
3362 0
3363 1
3364 0
3365 0
3366 2
3367 2
3368 0
3369 2
3370 2
3371 2
3372 0
3373 1
3374 0
3375 1
3376 2
3377 0
3378 1
3379 2
3380 1
3381 2
3382 0
3383 0
3384 2
3385 1
3386 0
3387 0
3388 1
3389 2
3390 2
3391 0
3392 0
3393 1
3394 0
3395 1
3396 0
3397 2
3398 2
3399 0
3400 0
3401 1
3402 2
3403 2
3404 2
3405 1
3406 0
3407 2
3408 0
3409 0
3410 2
3411 0
3412 0
3413 0
3414 2
3415 0
3416 2
3417 2
3418 1
3419 2
3420 1
3421 0
3422 2
3423 0
3424 0
3425 2
3426 2
3427 0
3428 0
3429 0
3430 0
3431 0
3432 2
3433 2
3434 2
3435 2
3436 0
3437 1
3438 2
3439 2
3440 0
3441 2
3442 0
3443 0
3444 1
3445 0
3446 2
3447 0
3448 0
3449 0
3450 0
3451 0
3452 0
3453 1
3454 2
3455 0
3456 0
3457 0
3458 1
3459 2
3460 1
3461 0
3462 2
3463 0
3464 1
3465 0
3466 2
3467 0
3468 0
3469 1
3470 1
3471 1
3472 0
3473 0
3474 0
3475 2
3476 0
3477 2
3478 2
3479 1
3480 0
3481 2
3482 2
3483 0
3484 2
3485 2
3486 2
3487 2
3488 2
3489 0
3490 0
3491 0
3492 0
3493 2
3494 0
3495 0
3496 2
3497 0
3498 0
3499 2
3500 0
3501 0
3502 0
3503 2
3504 2
3505 1
3506 1
3507 0
3508 0
3509 0
3510 0
3511 0
3512 2
3513 2
3514 2
3515 1
3516 1
3517 0
3518 0
3519 1
3520 0
3521 2
3522 1
3523 2
3524 0
3525 2
3526 2
3527 2
3528 0
3529 0
3530 1
3531 2
3532 2
3533 0
3534 2
3535 0
3536 2
3537 0
3538 0
3539 1
3540 0
3541 2
3542 1
3543 2
3544 0
3545 0
3546 2
3547 2
3548 0
3549 0
3550 0
3551 2
3552 1
3553 1
3554 0
3555 0
3556 2
3557 2
3558 0
3559 2
3560 2
3561 1
3562 0
3563 2
3564 0
3565 1
3566 0
3567 0
3568 0
3569 2
3570 2
3571 2
3572 2
3573 2
3574 0
3575 1
3576 0
3577 0
3578 0
3579 2
3580 0
3581 0
3582 1
3583 0
3584 1
3585 0
3586 0
3587 1
3588 2
3589 2
3590 0
3591 0
3592 0
3593 2
3594 0
3595 0
3596 0
3597 1
3598 0
3599 2
3600 0
3601 2
3602 0
3603 0
3604 2
3605 0
3606 0
3607 2
3608 0
3609 0
3610 2
3611 0
3612 2
3613 0
3614 2
3615 0
3616 0
3617 1
3618 0
3619 1
3620 0
3621 0
3622 2
3623 1
3624 2
3625 2
3626 1
3627 2
3628 1
3629 0
3630 2
3631 0
3632 2
3633 1
3634 2
3635 2
3636 2
3637 2
3638 1
3639 2
3640 0
3641 2
3642 2
3643 2
3644 0
3645 0
3646 2
3647 2
3648 0
3649 2
3650 2
3651 0
3652 2
3653 2
3654 2
3655 0
3656 0
3657 2
3658 0
3659 0
3660 2
3661 1
3662 2
3663 2
3664 2
3665 0
3666 0
3667 1
3668 1
3669 2
3670 0
3671 2
3672 0
3673 0
3674 1
3675 2
3676 2
3677 2
3678 0
3679 2
3680 2
3681 0
3682 1
3683 2
3684 2
3685 2
3686 2
3687 2
3688 0
3689 0
3690 0
3691 2
3692 0
3693 0
3694 0
3695 1
3696 2
3697 2
3698 0
3699 0
3700 0
3701 2
3702 0
3703 0
3704 0
3705 1
3706 0
3707 2
3708 0
3709 0
3710 2
3711 0
3712 2
3713 1
3714 0
3715 0
3716 0
3717 2
3718 0
3719 0
3720 0
3721 2
3722 1
3723 2
3724 0
3725 2
3726 2
3727 2
3728 1
3729 2
3730 0
3731 2
3732 0
3733 0
3734 0
3735 2
3736 0
3737 2
3738 0
3739 0
3740 2
3741 0
3742 2
3743 1
3744 2
3745 0
3746 1
3747 2
3748 0
3749 2
3750 2
3751 2
3752 2
3753 0
3754 1
3755 0
3756 0
3757 0
3758 2
3759 2
3760 2
3761 0
3762 2
3763 2
3764 2
3765 1
3766 0
3767 0
3768 0
3769 2
3770 2
3771 2
3772 0
3773 0
3774 1
3775 2
3776 0
3777 2
3778 2
3779 0
3780 0
3781 0
3782 0
3783 0
3784 0
3785 2
3786 1
3787 2
3788 2
3789 0
3790 0
3791 0
3792 2
3793 0
3794 1
3795 0
3796 1
3797 2
3798 1
3799 1
3800 1
3801 2
3802 2
3803 0
3804 0
3805 2
3806 2
3807 0
3808 1
3809 0
3810 1
3811 0
3812 1
3813 0
3814 0
3815 2
3816 2
3817 0
3818 2
3819 0
3820 1
3821 0
3822 0
3823 0
3824 2
3825 0
3826 2
3827 0
3828 2
3829 2
3830 1
3831 0
3832 0
3833 2
3834 0
3835 0
3836 2
3837 0
3838 2
3839 1
3840 0
3841 2
3842 0
3843 2
3844 2
3845 2
3846 0
3847 2
3848 2
3849 0
3850 0
3851 2
3852 0
3853 2
3854 2
3855 0
3856 0
3857 0
3858 0
3859 0
3860 0
3861 2
3862 0
3863 0
3864 2
3865 0
3866 0
3867 1
3868 0
3869 1
3870 2
3871 0
3872 0
3873 1
3874 1
3875 2
3876 2
3877 0
3878 2
3879 1
3880 0
3881 2
3882 2
3883 0
3884 0
3885 1
3886 2
3887 0
3888 0
3889 0
3890 2
3891 0
3892 1
3893 0
3894 0
3895 2
3896 0
3897 2
3898 2
3899 2
3900 1
3901 2
3902 0
3903 0
3904 1
3905 2
3906 0
3907 1
3908 0
3909 0
3910 0
3911 0
3912 0
3913 0
3914 2
3915 1
3916 0
3917 2
3918 2
3919 0
3920 0
3921 2
3922 1
3923 0
3924 0
3925 2
3926 0
3927 0
3928 2
3929 0
3930 0
3931 2
3932 0
3933 1
3934 0
3935 2
3936 0
3937 2
3938 1
3939 2
3940 2
3941 0
3942 0
3943 0
3944 2
3945 1
3946 0
3947 0
3948 0
3949 0
3950 0
3951 0
3952 2
3953 1
3954 0
3955 0
3956 2
3957 0
3958 1
3959 2
3960 1
3961 2
3962 0
3963 0
3964 0
3965 0
3966 0
3967 1
3968 0
3969 2
3970 2
3971 0
3972 0
3973 0
3974 1
3975 2
3976 2
3977 2
3978 2
3979 0
3980 0
3981 2
3982 0
3983 0
3984 0
3985 0
3986 0
3987 2
3988 2
3989 0
3990 2
3991 0
3992 2
3993 2
3994 0
3995 2
3996 0
3997 0
3998 2
3999 2
4000 0
4001 0
4002 2
4003 1
4004 1
4005 0
4006 2
4007 1
4008 1
4009 0
4010 2
4011 2
4012 1
4013 0
4014 2
4015 2
4016 2
4017 0
4018 0
4019 2
4020 1
4021 0
4022 0
4023 0
4024 0
4025 0
4026 2
4027 0
4028 0
4029 2
4030 2
4031 1
4032 2
4033 0
4034 2
4035 0
4036 2
4037 0
4038 1
4039 2
4040 1
4041 2
4042 0
4043 2
4044 2
4045 0
4046 2
4047 2
4048 1
4049 2
4050 1
4051 0
4052 0
4053 0
4054 0
4055 0
4056 1
4057 2
4058 2
4059 2
4060 2
4061 1
4062 1
4063 0
4064 0
4065 0
4066 0
4067 2
4068 2
4069 2
4070 0
4071 0
4072 2
4073 2
4074 0
4075 0
4076 2
4077 0
4078 2
4079 1
4080 2
4081 0
4082 0
4083 1
4084 0
4085 1
4086 0
4087 2
4088 0
4089 0
4090 0
4091 2
4092 0
4093 0
4094 0
4095 1
4096 2
4097 2
4098 2
4099 2
4100 1
4101 2
4102 1
4103 2
4104 0
4105 0
4106 2
4107 0
4108 2
4109 0
4110 1
4111 2
4112 1
4113 0
4114 0
4115 0
4116 0
4117 0
4118 0
4119 2
4120 0
4121 2
4122 1
4123 2
4124 2
4125 0
4126 0
4127 2
4128 2
4129 0
4130 0
4131 2
4132 1
4133 0
4134 2
4135 1
4136 1
4137 2
4138 1
4139 2
4140 2
4141 0
4142 0
4143 1
4144 0
4145 2
4146 2
4147 1
4148 0
4149 0
4150 2
4151 0
4152 2
4153 0
4154 2
4155 0
4156 0
4157 0
4158 0
4159 0
4160 2
4161 0
4162 0
4163 1
4164 2
4165 0
4166 2
4167 1
4168 1
4169 1
4170 2
4171 0
4172 0
4173 2
4174 0
4175 2
4176 0
4177 0
4178 1
4179 2
4180 1
4181 0
4182 2
4183 2
4184 1
4185 2
4186 2
4187 2
4188 0
4189 1
4190 0
4191 0
4192 0
4193 0
4194 1
4195 2
4196 0
4197 0
4198 0
4199 2
4200 1
4201 2
4202 2
4203 2
4204 2
4205 0
4206 0
4207 2
4208 1
4209 2
4210 2
4211 2
4212 2
4213 2
4214 0
4215 0
4216 2
4217 0
4218 2
4219 2
4220 2
4221 2
4222 0
4223 0
4224 0
4225 0
4226 0
4227 0
4228 0
4229 0
4230 0
4231 0
4232 0
4233 2
4234 2
4235 2
4236 2
4237 2
4238 1
4239 0
4240 2
4241 2
4242 0
4243 0
4244 2
4245 0
4246 2
4247 1
4248 0
4249 2
4250 0
4251 0
4252 1
4253 1
4254 0
4255 0
4256 0
4257 2
4258 2
4259 0
4260 0
4261 0
4262 0
4263 0
4264 2
4265 2
4266 2
4267 0
4268 0
4269 0
4270 2
4271 0
4272 0
4273 2
4274 1
4275 1
4276 1
4277 2
4278 2
4279 0
4280 1
4281 2
4282 0
4283 1
4284 2
4285 0
4286 1
4287 1
4288 2
4289 0
4290 0
4291 2
4292 0
4293 0
4294 1
4295 2
4296 2
4297 2
4298 2
4299 0
4300 2
4301 1
4302 0
4303 0
4304 2
4305 2
4306 1
4307 0
4308 2
4309 0
4310 2
4311 2
4312 0
4313 0
4314 0
4315 0
4316 0
4317 2
4318 2
4319 2
4320 0
4321 1
4322 2
4323 2
4324 1
4325 0
4326 1
4327 0
4328 1
4329 0
4330 2
4331 0
4332 2
4333 0
4334 0
4335 1
4336 1
4337 0
4338 2
4339 2
4340 0
4341 2
4342 0
4343 0
4344 2
4345 0
4346 2
4347 2
4348 0
4349 0
4350 2
4351 0
4352 2
4353 0
4354 0
4355 0
4356 1
4357 0
4358 0
4359 2
4360 0
4361 0
4362 0
4363 0
4364 1
4365 2
4366 0
4367 2
4368 0
4369 1
4370 2
4371 2
4372 1
4373 0
4374 1
4375 0
4376 0
4377 0
4378 2
4379 2
4380 1
4381 1
4382 0
4383 2
4384 0
4385 0
4386 1
4387 0
4388 2
4389 0
4390 0
4391 2
4392 2
4393 2
4394 2
4395 2
4396 1
4397 1
4398 2
4399 0
4400 0
4401 2
4402 1
4403 0
4404 0
4405 0
4406 0
4407 2
4408 2
4409 1
4410 2
4411 1
4412 2
4413 2
4414 0
4415 2
4416 0
4417 2
4418 2
4419 2
4420 0
4421 1
4422 2
4423 0
4424 0
4425 0
4426 0
4427 0
4428 0
4429 1
4430 0
4431 1
4432 2
4433 2
4434 1
4435 0
4436 0
4437 1
4438 2
4439 2
4440 0
4441 0
4442 2
4443 0
4444 2
4445 0
4446 2
4447 2
4448 2
4449 2
4450 2
4451 0
4452 0
4453 2
4454 2
4455 2
4456 0
4457 1
4458 2
4459 2
4460 0
4461 0
4462 0
4463 0
4464 2
4465 0
4466 0
4467 0
4468 0
4469 1
4470 0
4471 2
4472 2
4473 0
4474 0
4475 2
4476 0
4477 2
4478 1
4479 1
4480 0
4481 1
4482 2
4483 2
4484 0
4485 0
4486 2
4487 0
4488 2
4489 2
4490 0
4491 1
4492 2
4493 2
4494 0
4495 0
4496 2
4497 2
4498 0
4499 2
4500 2
4501 0
4502 2
4503 0
4504 1
4505 1
4506 2
4507 0
4508 0
4509 2
4510 0
4511 0
4512 0
4513 1
4514 2
4515 2
4516 2
4517 2
4518 0
4519 0
4520 0
4521 0
4522 0
4523 2
4524 0
4525 2
4526 2
4527 2
4528 0
4529 2
4530 2
4531 1
4532 0
4533 2
4534 0
4535 1
4536 2
4537 1
4538 1
4539 0
4540 1
4541 0
4542 0
4543 2
4544 2
4545 2
4546 2
4547 0
4548 2
4549 2
4550 2
4551 1
4552 0
4553 0
4554 1
4555 0
4556 2
4557 1
4558 0
4559 2
4560 0
4561 2
4562 0
4563 2
4564 2
4565 0
4566 2
4567 0
4568 2
4569 2
4570 2
4571 0
4572 2
4573 1
4574 0
4575 0
4576 0
4577 0
4578 2
4579 0
4580 0
4581 2
4582 1
4583 0
4584 2
4585 0
4586 2
4587 1
4588 2
4589 1
4590 2
4591 0
4592 2
4593 2
4594 1
4595 0
4596 0
4597 2
4598 0
4599 0
4600 2
4601 0
4602 0
4603 2
4604 0
4605 1
4606 0
4607 2
4608 0
4609 2
4610 2
4611 2
4612 2
4613 2
4614 1
4615 0
4616 2
4617 1
4618 1
4619 0
4620 0
4621 1
4622 2
4623 0
4624 2
4625 0
4626 0
4627 2
4628 2
4629 0
4630 0
4631 2
4632 0
4633 1
4634 2
4635 1
4636 0
4637 0
4638 2
4639 2
4640 2
4641 0
4642 0
4643 2
4644 2
4645 0
4646 0
4647 2
4648 1
4649 2
4650 2
4651 2
4652 2
4653 0
4654 0
4655 0
4656 0
4657 2
4658 2
4659 2
4660 0
4661 0
4662 0
4663 2
4664 1
4665 2
4666 0
4667 0
4668 0
4669 1
4670 0
4671 1
4672 1
4673 2
4674 1
4675 0
4676 1
4677 1
4678 1
4679 2
4680 0
4681 0
4682 2
4683 0
4684 2
4685 1
4686 0
4687 2
4688 1
4689 2
4690 0
4691 2
4692 1
4693 0
4694 2
4695 2
4696 1
4697 0
4698 0
4699 1
4700 2
4701 0
4702 1
4703 1
4704 0
4705 0
4706 0
4707 0
4708 2
4709 1
4710 2
4711 2
4712 1
4713 2
4714 2
4715 2
4716 2
4717 0
4718 0
4719 0
4720 2
4721 2
4722 2
4723 0
4724 2
4725 2
4726 0
4727 0
4728 0
4729 0
4730 2
4731 2
4732 0
4733 0
4734 0
4735 1
4736 2
4737 2
4738 2
4739 0
4740 2
4741 2
4742 0
4743 2
4744 0
4745 2
4746 1
4747 0
4748 0
4749 2
4750 2
4751 0
4752 0
4753 0
4754 0
4755 0
4756 0
4757 2
4758 2
4759 1
4760 0
4761 1
4762 0
4763 0
4764 0
4765 2
4766 0
4767 2
4768 0
4769 2
4770 2
4771 0
4772 0
4773 0
4774 0
4775 0
4776 0
4777 0
4778 0
4779 0
4780 0
4781 0
4782 2
4783 0
4784 2
4785 1
4786 0
4787 2
4788 0
4789 2
4790 2
4791 1
4792 0
4793 0
4794 0
4795 0
4796 1
4797 2
4798 2
4799 0
4800 0
4801 1
4802 0
4803 1
4804 0
4805 0
4806 1
4807 0
4808 0
4809 2
4810 1
4811 2
4812 1
4813 2
4814 2
4815 2
4816 0
4817 2
4818 0
4819 0
4820 0
4821 0
4822 2
4823 0
4824 1
4825 0
4826 0
4827 1
4828 1
4829 0
4830 2
4831 2
4832 2
4833 2
4834 2
4835 2
4836 2
4837 1
4838 0
4839 2
4840 2
4841 0
4842 0
4843 0
4844 1
4845 0
4846 0
4847 2
4848 1
4849 2
4850 0
4851 0
4852 2
4853 2
4854 1
4855 2
4856 2
4857 1
4858 0
4859 2
4860 0
4861 2
4862 1
4863 0
4864 2
4865 2
4866 0
4867 0
4868 0
4869 0
4870 0
4871 0
4872 0
4873 2
4874 2
4875 1
4876 2
4877 2
4878 1
4879 2
4880 2
4881 0
4882 0
4883 2
4884 2
4885 2
4886 1
4887 1
4888 0
4889 2
4890 0
4891 2
4892 0
4893 0
4894 1
4895 0
4896 0
4897 2
4898 2
4899 0
4900 0
4901 0
4902 0
4903 1
4904 2
4905 1
4906 1
4907 2
4908 2
4909 0
4910 0
4911 0
4912 0
4913 0
4914 0
4915 0
4916 0
4917 0
4918 2
4919 2
4920 2
4921 0
4922 0
4923 2
4924 0
4925 2
4926 1
4927 1
4928 0
4929 2
4930 0
4931 0
4932 0
4933 2
4934 0
4935 1
4936 0
4937 2
4938 1
4939 0
4940 0
4941 1
4942 2
4943 1
4944 0
4945 1
4946 0
4947 2
4948 0
4949 2
4950 2
4951 0
4952 0
4953 2
4954 2
4955 2
4956 2
4957 2
4958 2
4959 1
4960 2
4961 0
4962 0
4963 0
4964 2
4965 0
4966 2
4967 0
4968 2
4969 0
4970 0
4971 0
4972 0
4973 2
4974 1
4975 2
4976 1
4977 0
4978 0
4979 2
4980 0
4981 0
4982 2
4983 0
4984 0
4985 2
4986 2
4987 0
4988 2
4989 2
4990 0
4991 2
4992 0
4993 2
4994 0
4995 0
4996 0
4997 0
4998 1
4999 2
5000 0
5001 2
5002 0
5003 0
5004 0
5005 0
5006 0
5007 2
5008 2
5009 0
5010 2
5011 2
5012 2
5013 0
5014 2
5015 0
5016 2
5017 2
5018 0
5019 2
5020 0
5021 2
5022 2
5023 2
5024 0
5025 0
5026 0
5027 2
5028 0
5029 0
5030 2
5031 0
5032 0
5033 0
5034 2
5035 1
5036 0
5037 2
5038 0
5039 2
5040 2
5041 2
5042 2
5043 2
5044 2
5045 1
5046 0
5047 1
5048 0
5049 2
5050 1
5051 0
5052 0
5053 0
5054 0
5055 0
5056 2
5057 0
5058 0
5059 0
5060 0
5061 2
5062 1
5063 1
5064 0
5065 2
5066 0
5067 2
5068 1
5069 2
5070 1
5071 0
5072 0
5073 2
5074 1
5075 0
5076 0
5077 2
5078 0
5079 2
5080 2
5081 0
5082 2
5083 0
5084 0
5085 2
5086 0
5087 2
5088 0
5089 1
5090 0
5091 0
5092 2
5093 2
5094 0
5095 2
5096 2
5097 1
5098 1
5099 2
5100 2
5101 0
5102 0
5103 2
5104 1
5105 2
5106 2
5107 2
5108 0
5109 2
5110 0
5111 2
5112 0
5113 2
5114 0
5115 0
5116 0
5117 0
5118 0
5119 0
5120 2
5121 0
5122 1
5123 2
5124 0
5125 2
5126 0
5127 0
5128 2
5129 2
5130 2
5131 0
5132 0
5133 0
5134 1
5135 0
5136 0
5137 2
5138 1
5139 0
5140 2
5141 2
5142 0
5143 0
5144 0
5145 1
5146 0
5147 2
5148 2
5149 0
5150 0
5151 2
5152 2
5153 0
5154 1
5155 0
5156 2
5157 2
5158 1
5159 2
5160 0
5161 2
5162 2
5163 0
5164 2
5165 0
5166 0
5167 0
5168 1
5169 2
5170 2
5171 0
5172 0
5173 0
5174 0
5175 1
5176 0
5177 2
5178 0
5179 0
5180 2
5181 2
5182 2
5183 2
5184 2
5185 1
5186 0
5187 0
5188 0
5189 1
5190 2
5191 2
5192 0
5193 2
5194 2
5195 0
5196 0
5197 0
5198 0
5199 1
5200 1
5201 1
5202 0
5203 2
5204 0
5205 0
5206 2
5207 1
5208 2
5209 0
5210 2
5211 0
5212 2
5213 0
5214 2
5215 2
5216 0
5217 2
5218 0
5219 2
5220 1
5221 0
5222 2
5223 0
5224 0
5225 2
5226 2
5227 0
5228 0
5229 0
5230 0
5231 0
5232 0
5233 0
5234 1
5235 1
5236 1
5237 2
5238 2
5239 1
5240 0
5241 0
5242 0
5243 1
5244 2
5245 2
5246 2
5247 2
5248 1
5249 2
5250 0
5251 0
5252 2
5253 2
5254 0
5255 2
5256 0
5257 0
5258 0
5259 0
5260 1
5261 0
5262 0
5263 2
5264 0
5265 0
5266 0
5267 0
5268 0
5269 2
5270 0
5271 0
5272 1
5273 0
5274 0
5275 2
5276 0
5277 2
5278 0
5279 0
5280 0
5281 1
5282 1
5283 0
5284 0
5285 2
5286 0
5287 0
5288 2
5289 0
5290 1
5291 2
5292 0
5293 2
5294 0
5295 2
5296 2
5297 2
5298 0
5299 1
5300 1
5301 0
5302 0
5303 1
5304 2
5305 2
5306 0
5307 0
5308 2
5309 2
5310 2
5311 0
5312 0
5313 2
5314 1
5315 0
5316 2
5317 2
5318 0
5319 2
5320 0
5321 0
5322 2
5323 2
5324 0
5325 0
5326 0
5327 0
5328 2
5329 0
5330 0
5331 1
5332 1
5333 0
5334 0
5335 2
5336 2
5337 0
5338 0
5339 2
5340 2
5341 2
5342 0
5343 2
5344 2
5345 0
5346 2
5347 1
5348 2
5349 0
5350 2
5351 2
5352 2
5353 2
5354 2
5355 0
5356 0
5357 2
5358 2
5359 0
5360 0
5361 0
5362 0
5363 0
5364 2
5365 2
5366 1
5367 1
5368 1
5369 2
5370 0
5371 2
5372 0
5373 1
5374 0
5375 0
5376 2
5377 2
5378 1
5379 0
5380 2
5381 2
5382 2
5383 2
5384 1
5385 2
5386 2
5387 1
5388 2
5389 0
5390 0
5391 2
5392 2
5393 0
5394 0
5395 1
5396 0
5397 2
5398 0
5399 2
5400 0
5401 0
5402 1
5403 0
5404 2
5405 0
5406 2
5407 1
5408 1
5409 0
5410 2
5411 1
5412 0
5413 2
5414 0
5415 2
5416 1
5417 2
5418 1
5419 2
5420 2
5421 0
5422 0
5423 0
5424 2
5425 0
5426 2
5427 1
5428 2
5429 1
5430 0
5431 2
5432 0
5433 1
5434 2
5435 0
5436 2
5437 1
5438 2
5439 0
5440 2
5441 1
5442 0
5443 0
5444 0
5445 2
5446 2
5447 0
5448 0
5449 2
5450 2
5451 2
5452 0
5453 0
5454 0
5455 0
5456 2
5457 2
5458 0
5459 0
5460 0
5461 0
5462 0
5463 2
5464 2
5465 0
5466 0
5467 0
5468 0
5469 1
5470 2
5471 2
5472 2
5473 1
5474 2
5475 2
5476 0
5477 0
5478 1
5479 0
5480 0
5481 2
5482 0
5483 2
5484 1
5485 1
5486 0
5487 2
5488 2
5489 0
5490 2
5491 2
5492 0
5493 0
5494 2
5495 2
5496 2
5497 2
5498 0
5499 2
5500 0
5501 2
5502 0
5503 1
5504 2
5505 2
5506 2
5507 0
5508 2
5509 2
5510 1
5511 0
5512 1
5513 0
5514 2
5515 1
5516 2
5517 0
5518 0
5519 0
5520 0
5521 2
5522 1
5523 1
5524 1
5525 2
5526 0
5527 2
5528 2
5529 2
5530 2
5531 0
5532 0
5533 2
5534 0
5535 1
5536 0
5537 2
5538 2
5539 2
5540 0
5541 2
5542 2
5543 2
5544 0
5545 2
5546 2
5547 0
5548 1
5549 2
5550 0
5551 2
5552 2
5553 2
5554 2
5555 2
5556 0
5557 1
5558 0
5559 2
5560 0
5561 0
5562 0
5563 2
5564 2
5565 0
5566 1
5567 0
5568 0
5569 2
5570 0
5571 2
5572 0
5573 0
5574 2
5575 0
5576 1
5577 2
5578 2
5579 0
5580 0
5581 2
5582 2
5583 0
5584 0
5585 0
5586 0
5587 2
5588 0
5589 0
5590 2
5591 1
5592 0
5593 2
5594 2
5595 2
5596 0
5597 2
5598 2
5599 0
5600 2
5601 2
5602 1
5603 0
5604 0
5605 0
5606 2
5607 2
5608 0
5609 1
5610 2
5611 0
5612 0
5613 0
5614 0
5615 0
5616 0
5617 1
5618 0
5619 1
5620 0
5621 0
5622 2
5623 2
5624 0
5625 2
5626 2
5627 0
5628 0
5629 0
5630 1
5631 2
5632 0
5633 0
5634 0
5635 1
5636 0
5637 0
5638 0
5639 2
5640 2
5641 2
5642 0
5643 2
5644 2
5645 0
5646 2
5647 0
5648 0
5649 1
5650 1
5651 2
5652 2
5653 0
5654 2
5655 0
5656 0
5657 0
5658 0
5659 1
5660 0
5661 0
5662 2
5663 0
5664 2
5665 0
5666 2
5667 0
5668 0
5669 0
5670 2
5671 2
5672 0
5673 2
5674 0
5675 2
5676 2
5677 0
5678 0
5679 2
5680 0
5681 2
5682 2
5683 1
5684 0
5685 1
5686 0
5687 0
5688 0
5689 0
5690 1
5691 1
5692 0
5693 1
5694 1
5695 0
5696 2
5697 0
5698 0
5699 1
5700 0
5701 2
5702 0
5703 0
5704 2
5705 2
5706 0
5707 0
5708 1
5709 2
5710 0
5711 2
5712 0
5713 0
5714 0
5715 2
5716 2
