0 0
1 2
2 2
3 2
4 0
5 1
6 1
7 0
8 0
9 2
10 0
11 2
12 2
13 0
14 2
15 0
16 0
17 2
18 1
19 0
20 1
21 0
22 0
23 1
24 2
25 2
26 1
27 0
28 2
29 0
30 0
31 2
32 2
33 0
34 1
35 0
36 0
37 2
38 2
39 2
40 2
41 0
42 0
43 0
44 1
45 2
46 0
47 1
48 2
49 0
50 0
51 0
52 0
53 0
54 0
55 0
56 0
57 0
58 0
59 2
60 0
61 1
62 2
63 0
64 0
65 2
66 0
67 0
68 0
69 0
70 0
71 2
72 1
73 0
74 0
75 2
76 2
77 0
78 0
79 0
80 0
81 2
82 1
83 0
84 0
85 2
86 0
87 1
88 2
89 0
90 0
91 1
92 0
93 2
94 0
95 2
96 2
97 2
98 0
99 2
100 2
101 2
102 2
103 2
104 1
105 0
106 0
107 0
108 1
109 0
110 2
111 0
112 1
113 0
114 0
115 0
116 1
117 0
118 2
119 0
120 0
121 2
122 2
123 2
124 0
125 2
126 2
127 1
128 1
129 0
130 2
131 2
132 0
133 1
134 0
135 2
136 0
137 0
138 2
139 0
140 0
141 0
142 0
143 0
144 0
145 0
146 0
147 2
148 0
149 0
150 0
151 0
152 0
153 1
154 1
155 0
156 1
157 0
158 0
159 0
160 0
161 0
162 2
163 0
164 0
165 0
166 2
167 2
168 2
169 2
170 0
171 0
172 0
173 2
174 2
175 2
176 2
177 2
178 2
179 0
180 0
181 0
182 0
183 2
184 2
185 0
186 0
187 1
188 0
189 2
190 2
191 0
192 2
193 2
194 0
195 0
196 1
197 0
198 0
199 0
200 0
201 2
202 0
203 0
204 0
205 2
206 2
207 2
208 2
209 0
210 0
211 2
212 2
213 2
214 2
215 1
216 0
217 0
218 0
219 0
220 0
221 1
222 2
223 1
224 2
225 0
226 2
227 2
228 0
229 1
230 2
231 0
232 1
233 2
234 0
235 2
236 1
237 2
238 0
239 2
240 2
241 2
242 0
243 2
244 0
245 0
246 0
247 0
248 2
249 2
250 1
251 2
252 0
253 1
254 0
255 1
256 2
257 1
258 0
259 2
260 0
261 1
262 2
263 1
264 0
265 2
266 2
267 0
268 2
269 2
270 2
271 2
272 0
273 2
274 0
275 2
276 1
277 2
278 2
279 0
280 0
281 2
282 2
283 2
284 1
285 0
286 0
287 2
288 2
289 2
290 2
291 0
292 0
293 2
294 0
295 0
296 1
297 0
298 0
299 0
300 2
301 2
302 0
303 2
304 0
305 2
306 1
307 2
308 0
309 0
310 2
311 0
312 2
313 2
314 2
315 0
316 2
317 0
318 0
319 2
320 2
321 1
322 2
323 1
324 0
325 2
326 2
327 2
328 0
329 0
330 2
331 0
332 0
333 0
334 2
335 0
336 2
337 0
338 0
339 0
340 0
341 0
342 0
343 2
344 0
345 2
346 0
347 0
348 2
349 1
350 2
351 0
352 2
353 0
354 0
355 2
356 2
357 0
358 2
359 0
360 0
361 0
362 0
363 2
364 0
365 0
366 0
367 1
368 0
369 0
370 0
371 0
372 2
373 1
374 0
375 0
376 2
377 0
378 0
379 1
380 0
381 2
382 2
383 0
384 0
385 0
386 2
387 0
388 2
389 2
390 2
391 2
392 0
393 0
394 1
395 2
396 0
397 2
398 0
399 0
400 1
401 2
402 2
403 0
404 2
405 0
406 2
407 0
408 1
409 0
410 0
411 2
412 2
413 2
414 0
415 0
416 0
417 2
418 0
419 2
420 0
421 0
422 0
423 2
424 0
425 0
426 0
427 1
428 0
429 0
430 2
431 0
432 1
433 0
434 0
435 2
436 2
437 2
438 0
439 2
440 1
441 0
442 0
443 0
444 2
445 2
446 1
447 1
448 0
449 0
450 2
451 0
452 0
453 2
454 0
455 0
456 0
457 1
458 0
459 0
460 0
461 1
462 2
463 2
464 1
465 0
466 2
467 2
468 2
469 2
470 0
471 1
472 0
473 1
474 0
475 2
476 1
477 0
478 2
479 0
480 2
481 1
482 0
483 1
484 0
485 0
486 0
487 2
488 0
489 2
490 2
491 0
492 0
493 2
494 2
495 2
496 2
497 2
498 0
499 2
500 0
501 2
502 0
503 0
504 2
505 0
506 0
507 0
508 0
509 0
510 2
511 0
512 1
513 2
514 0
515 2
516 0
517 0
518 0
519 2
520 0
521 2
522 2
523 2
524 2
525 2
526 0
527 0
528 1
529 0
530 0
531 2
532 1
533 0
534 0
535 1
536 2
537 2
538 2
539 2
540 1
541 0
542 0
543 0
544 2
545 2
546 1
547 0
548 0
549 0
550 0
551 0
552 2
553 0
554 0
555 0
556 0
557 0
558 2
559 0
560 1
561 0
562 0
563 1
564 2
565 0
566 0
567 2
568 0
569 0
570 0
571 1
572 2
573 2
574 0
575 0
576 0
577 2
578 1
579 0
580 0
581 0
582 0
583 0
584 1
585 1
586 0
587 0
588 2
589 2
590 2
591 0
592 0
593 0
594 0
595 0
596 1
597 2
598 0
599 0
600 0
601 2
602 1
603 0
604 2
605 0
606 1
607 2
608 2
609 0
610 0
611 0
612 1
613 0
614 0
615 1
616 0
617 0
618 0
619 1
620 0
621 0
622 0
623 0
624 2
625 0
626 2
627 2
628 0
629 2
630 0
631 2
632 0
633 1
634 2
635 0
636 2
637 0
638 1
639 0
640 0
641 0
642 0
643 2
644 0
645 1
646 0
647 0
648 0
649 2
650 0
651 0
652 2
653 2
654 2
655 2
656 0
657 2
658 0
659 0
660 2
661 0
662 0
663 1
664 0
665 2
666 0
667 0
668 1
669 2
670 2
671 0
672 0
673 0
674 1
675 0
676 0
677 0
678 1
679 2
680 2
681 2
682 0
683 0
684 2
685 2
686 2
687 0
688 2
689 2
690 0
691 2
692 0
693 0
694 2
695 2
696 0
697 0
698 0
699 0
700 2
701 0
702 0
703 2
704 2
705 0
706 1
707 2
708 0
709 2
710 0
711 2
712 2
713 1
714 2
715 0
716 0
717 0
718 2
719 1
720 2
721 1
722 0
723 0
724 2
725 0
726 2
727 2
728 0
729 0
730 0
731 0
732 0
733 1
734 0
735 2
736 0
737 2
738 1
739 0
740 2
741 1
742 1
743 0
744 2
745 0
746 0
747 2
748 0
749 2
750 1
751 2
752 2
753 0
754 2
755 2
756 0
757 0
758 0
759 0
760 1
761 0
762 1
763 0
764 2
765 2
766 2
767 2
768 0
769 0
770 0
771 2
772 1
773 2
774 2
775 2
776 0
777 0
778 2
779 0
780 2
781 2
782 1
783 2
784 2
785 1
786 2
787 0
788 0
789 0
790 1
791 1
792 0
793 2
794 2
795 2
796 0
797 0
798 1
799 0
800 2
801 2
802 0
803 1
804 1
805 2
806 2
807 2
808 2
809 1
810 0
811 2
812 0
813 2
814 0
815 0
816 2
817 1
818 0
819 0
820 2
821 2
822 0
823 1
824 0
825 2
826 1
827 0
828 0
829 0
830 0
831 0
832 0
833 1
834 0
835 0
836 2
837 0
838 0
839 0
840 1
841 2
842 0
843 0
844 2
845 2
846 2
847 2
848 2
849 2
850 0
851 0
852 1
853 2
854 2
855 0
856 1
857 0
858 2
859 0
860 2
861 2
862 2
863 0
864 1
865 0
866 0
867 2
868 0
869 2
870 0
871 1
872 0
873 1
874 0
875 2
876 1
877 1
878 0
879 0
880 2
881 0
882 2
883 2
884 0
885 1
886 2
887 1
888 0
889 0
890 0
891 0
892 0
893 0
894 0
895 2
896 2
897 2
898 0
899 0
900 2
901 2
902 0
903 2
904 0
905 2
906 0
907 2
908 0
909 0
910 0
911 2
912 0
913 0
914 2
915 2
916 1
917 0
918 0
919 2
920 0
921 0
922 1
923 0
924 0
925 0
926 2
927 1
928 0
929 0
930 2
931 0
932 2
933 2
934 1
935 2
936 0
937 0
938 2
939 2
940 0
941 2
942 0
943 2
944 2
945 2
946 0
947 2
948 0
949 2
950 0
951 0
952 0
953 2
954 0
955 0
956 2
957 2
958 2
959 2
960 0
961 2
962 0
963 0
964 0
965 1
966 0
967 2
968 2
969 2
970 1
971 0
972 2
973 0
974 2
975 2
976 2
977 2
978 0
979 0
980 1
981 0
982 2
983 2
984 0
985 2
986 1
987 0
988 1
989 2
990 2
991 0
992 2
993 2
994 0
995 1
996 0
997 0
998 2
999 2
1000 0
1001 0
1002 0
1003 0
1004 0
1005 0
1006 2
1007 0
1008 1
1009 2
1010 0
1011 2
1012 2
1013 0
1014 0
1015 0
1016 2
1017 0
1018 2
1019 1
1020 1
1021 2
1022 2
1023 0
1024 2
1025 0
1026 0
1027 0
1028 0
1029 0
1030 2
1031 1
1032 0
1033 0
1034 0
1035 2
1036 0
1037 2
1038 2
1039 2
1040 2
1041 0
1042 2
1043 1
1044 0
1045 2
1046 0
1047 0
1048 0
1049 0
1050 1
1051 2
1052 2
1053 0
1054 2
1055 0
1056 0
1057 2
1058 1
1059 1
1060 2
1061 2
1062 0
1063 0
1064 0
1065 0
1066 0
1067 0
1068 1
1069 0
1070 0
1071 0
1072 0
1073 1
1074 0
1075 2
1076 1
1077 2
1078 1
1079 0
1080 1
1081 2
1082 1
1083 1
1084 2
1085 0
1086 2
1087 0
1088 1
1089 0
1090 2
1091 0
1092 0
1093 0
1094 0
1095 2
1096 2
1097 1
1098 0
1099 1
1100 0
1101 0
1102 2
1103 1
1104 2
1105 2
1106 0
1107 0
1108 2
1109 0
1110 0
1111 2
1112 0
1113 1
1114 2
1115 0
1116 0
1117 0
1118 0
1119 2
1120 0
1121 0
1122 2
1123 1
1124 1
1125 0
1126 1
1127 1
1128 0
1129 2
1130 2
1131 1
1132 0
1133 2
1134 2
1135 1
1136 0
1137 0
1138 2
1139 2
1140 2
1141 2
1142 2
1143 2
1144 2
1145 0
1146 2
1147 2
1148 0
1149 0
1150 1
1151 0
1152 2
1153 0
1154 1
1155 0
1156 2
1157 0
1158 2
1159 2
1160 2
1161 2
1162 0
1163 1
1164 0
1165 1
1166 2
1167 1
1168 0
1169 0
1170 1
1171 0
1172 0
1173 1
1174 0
1175 2
1176 2
1177 0
1178 0
1179 1
1180 1
1181 2
1182 0
1183 0
1184 2
1185 0
1186 0
1187 2
1188 2
1189 2
1190 1
1191 0
1192 2
1193 1
1194 0
1195 1
1196 2
1197 0
1198 0
1199 0
1200 0
1201 2
1202 0
1203 2
1204 1
1205 2
1206 2
1207 0
1208 0
1209 1
1210 1
1211 1
1212 1
1213 0
1214 0
1215 0
1216 0
1217 0
1218 0
1219 0
1220 0
1221 2
1222 2
1223 2
1224 2
1225 0
1226 0
1227 0
1228 0
1229 2
1230 0
1231 2
1232 2
1233 0
1234 2
1235 2
1236 2
1237 0
1238 0
1239 2
1240 2
1241 2
1242 2
1243 0
1244 2
1245 0
1246 2
1247 0
1248 0
1249 2
1250 2
1251 0
1252 1
1253 0
1254 0
1255 2
1256 2
1257 2
1258 2
1259 1
1260 2
1261 1
1262 1
1263 0
1264 0
1265 2
1266 0
1267 0
1268 0
1269 0
1270 2
1271 2
1272 0
1273 2
1274 2
1275 2
1276 0
1277 0
1278 2
1279 2
1280 0
1281 2
1282 2
1283 1
1284 0
1285 2
1286 2
1287 2
1288 0
1289 0
1290 0
1291 1
1292 1
1293 2
1294 0
1295 0
1296 2
1297 0
1298 2
1299 0
1300 2
1301 2
1302 2
1303 0
1304 0
1305 0
1306 0
1307 0
1308 2
1309 0
1310 0
1311 2
1312 2
1313 0
1314 2
1315 2
1316 2
1317 0
1318 2
1319 2
1320 1
1321 0
1322 2
1323 0
1324 0
1325 0
1326 2
1327 0
1328 0
1329 2
1330 2
1331 1
1332 2
1333 2
1334 1
1335 2
1336 1
1337 0
1338 2
1339 1
1340 0
1341 2
1342 0
1343 2
1344 1
1345 0
1346 0
1347 2
1348 0
1349 2
1350 0
1351 0
1352 2
1353 2
1354 0
1355 0
1356 2
1357 2
1358 1
1359 1
1360 2
1361 2
1362 0
1363 2
1364 2
1365 2
1366 0
1367 0
1368 2
1369 1
1370 2
1371 0
1372 0
1373 2
1374 0
1375 2
1376 0
1377 2
1378 0
1379 2
1380 0
1381 2
1382 0
1383 0
1384 2
1385 0
1386 0
1387 2
1388 2
1389 1
1390 2
1391 2
1392 2
1393 0
1394 2
1395 0
1396 0
1397 2
1398 2
1399 2
1400 2
1401 0
1402 1
1403 0
1404 2
1405 2
1406 2
1407 0
1408 0
1409 2
1410 0
1411 2
1412 2
1413 2
1414 0
1415 1
1416 0
1417 0
1418 0
1419 2
1420 0
1421 1
1422 0
1423 2
1424 0
1425 2
1426 0
1427 2
1428 0
1429 2
1430 2
1431 0
1432 0
1433 2
1434 2
1435 0
1436 2
1437 0
1438 1
1439 0
1440 0
1441 0
1442 1
1443 0
1444 2
1445 1
1446 0
1447 1
1448 2
1449 1
1450 0
1451 1
1452 0
1453 1
1454 2
1455 2
1456 1
1457 0
1458 0
1459 2
1460 1
1461 2
1462 0
1463 1
1464 2
1465 0
1466 2
1467 1
1468 2
1469 0
1470 0
1471 0
1472 0
1473 0
1474 0
1475 1
1476 1
1477 2
1478 2
1479 0
1480 2
1481 0
1482 0
1483 0
1484 1
1485 0
1486 1
1487 2
1488 0
1489 0
1490 0
1491 2
1492 2
1493 0
1494 2
1495 2
1496 2
1497 2
1498 1
1499 0
1500 2
1501 2
1502 0
1503 0
1504 1
1505 1
1506 2
1507 0
1508 0
1509 0
1510 2
1511 2
1512 1
1513 0
1514 2
1515 2
1516 1
1517 0
1518 0
1519 1
1520 2
1521 2
1522 2
1523 2
1524 2
1525 0
1526 2
1527 2
1528 1
1529 2
1530 0
1531 2
1532 2
1533 0
1534 0
1535 1
1536 0
1537 0
1538 0
1539 2
1540 2
1541 0
1542 2
1543 2
1544 0
1545 0
1546 0
1547 2
1548 2
1549 2
1550 0
1551 2
1552 2
1553 0
1554 2
1555 0
1556 2
1557 0
1558 2
1559 0
1560 2
1561 0
1562 0
1563 0
1564 0
1565 0
1566 2
1567 0
1568 0
1569 0
1570 0
1571 0
1572 2
1573 1
1574 0
1575 0
1576 2
1577 0
1578 2
1579 1
1580 1
1581 0
1582 1
1583 0
1584 2
1585 0
1586 2
1587 2
1588 0
1589 2
1590 0
1591 2
1592 2
1593 0
1594 2
1595 0
1596 2
1597 0
1598 0
1599 2
1600 1
1601 0
1602 2
1603 0
1604 0
1605 0
1606 0
1607 2
1608 0
1609 0
1610 1
1611 0
1612 0
1613 0
1614 0
1615 0
1616 2
1617 0
1618 2
1619 0
1620 0
1621 0
1622 0
1623 0
1624 0
1625 1
1626 2
1627 2
1628 1
1629 1
1630 0
1631 2
1632 0
1633 2
1634 2
1635 2
1636 0
1637 1
1638 0
1639 2
1640 1
1641 0
1642 2
1643 0
1644 2
1645 0
1646 2
1647 2
1648 1
1649 0
1650 0
1651 2
1652 0
1653 0
1654 1
1655 1
1656 2
1657 2
1658 1
1659 1
1660 2
1661 0
1662 0
1663 1
1664 0
1665 2
1666 0
1667 0
1668 2
1669 2
1670 2
1671 2
1672 0
1673 0
1674 2
1675 0
1676 0
1677 0
1678 1
1679 2
1680 2
1681 2
1682 0
1683 2
1684 0
1685 0
1686 0
1687 1
1688 2
1689 0
1690 2
1691 0
1692 2
1693 0
1694 0
1695 2
1696 0
1697 0
1698 2
1699 0
1700 0
1701 1
1702 2
1703 1
1704 2
1705 2
1706 0
1707 2
1708 2
1709 0
1710 1
1711 0
1712 0
1713 0
1714 0
1715 2
1716 2
1717 2
1718 0
1719 2
1720 0
1721 2
1722 0
1723 2
1724 0
1725 0
1726 2
1727 0
1728 0
1729 2
1730 0
1731 2
1732 2
1733 2
1734 2
1735 0
1736 2
1737 0
1738 0
1739 1
1740 2
1741 2
1742 2
1743 0
1744 0
1745 0
1746 2
1747 2
1748 2
1749 1
1750 2
1751 0
1752 2
1753 1
1754 1
1755 0
1756 2
1757 0
1758 0
1759 2
1760 2
1761 1
1762 0
1763 1
1764 0
1765 2
1766 2
1767 2
1768 0
1769 0
1770 0
1771 2
1772 1
1773 0
1774 1
1775 2
1776 0
1777 2
1778 0
1779 1
1780 0
1781 0
1782 1
1783 0
1784 2
1785 2
1786 0
1787 2
1788 0
1789 1
1790 2
1791 2
1792 0
1793 2
1794 2
1795 2
1796 0
1797 0
1798 2
1799 0
1800 0
1801 0
1802 0
1803 0
1804 2
1805 2
1806 0
1807 0
1808 1
1809 1
1810 2
1811 0
1812 1
1813 0
1814 2
1815 0
1816 0
1817 1
1818 2
1819 1
1820 0
1821 2
1822 2
1823 0
1824 0
1825 2
1826 0
1827 2
1828 0
1829 2
1830 1
1831 2
1832 2
1833 0
1834 0
1835 2
1836 2
1837 0
1838 1
1839 1
1840 1
1841 0
1842 0
1843 2
1844 0
1845 2
1846 0
1847 0
1848 2
1849 0
1850 1
1851 2
1852 2
1853 1
1854 0
1855 0
1856 0
1857 2
1858 0
1859 0
1860 0
1861 2
1862 0
1863 0
1864 0
1865 2
1866 2
1867 0
1868 2
1869 0
1870 2
1871 2
1872 0
1873 0
1874 0
1875 2
1876 0
1877 2
1878 0
1879 1
1880 2
1881 2
1882 2
1883 1
1884 2
1885 0
1886 0
1887 2
1888 0
1889 2
1890 2
1891 1
1892 2
1893 0
1894 1
1895 0
1896 2
1897 0
1898 0
1899 0
1900 0
1901 0
1902 2
1903 0
1904 0
1905 1
1906 2
1907 0
1908 0
1909 0
1910 2
1911 0
1912 0
1913 0
1914 2
1915 2
1916 0
1917 2
1918 2
1919 2
1920 2
1921 1
1922 0
1923 0
1924 2
1925 2
1926 1
1927 2
1928 1
1929 1
1930 0
1931 2
1932 0
1933 1
1934 2
1935 0
1936 0
1937 1
1938 0
1939 0
1940 1
1941 1
1942 0
1943 1
1944 2
1945 0
1946 1
1947 0
1948 0
1949 0
1950 0
1951 0
1952 0
1953 2
1954 2
1955 2
1956 2
1957 0
1958 2
1959 0
1960 0
1961 2
1962 2
1963 0
1964 2
1965 0
1966 2
1967 2
1968 0
1969 2
1970 0
1971 0
1972 0
1973 0
1974 0
1975 0
1976 0
1977 0
1978 2
1979 2
1980 0
1981 2
1982 2
1983 2
1984 2
1985 0
1986 0
1987 2
1988 2
1989 0
1990 1
1991 1
1992 0
1993 2
1994 1
1995 2
1996 1
1997 2
1998 0
1999 0
2000 1
2001 1
2002 2
2003 0
2004 2
2005 1
2006 0
2007 0
2008 0
2009 0
2010 0
2011 2
2012 1
2013 0
2014 0
2015 0
2016 2
2017 0
2018 0
2019 0
2020 1
2021 2
2022 2
2023 0
2024 2
2025 0
2026 0
2027 1
2028 0
2029 0
2030 2
2031 2
2032 1
2033 2
2034 2
2035 0
2036 2
2037 2
2038 1
2039 0
2040 0
2041 0
2042 1
2043 0
2044 0
2045 0
2046 2
2047 2
2048 2
2049 0
2050 2
2051 2
2052 1
2053 0
2054 0
2055 1
2056 1
2057 2
2058 0
2059 0
2060 0
2061 0
2062 2
2063 0
2064 0
2065 0
2066 2
2067 0
2068 2
2069 2
2070 2
2071 1
2072 1
2073 2
2074 0
2075 1
2076 2
2077 1
2078 0
2079 2
2080 0
2081 2
2082 2
2083 2
2084 2
2085 2
2086 2
2087 1
2088 2
2089 0
2090 0
2091 2
2092 2
2093 2
2094 0
2095 2
2096 1
2097 0
2098 0
2099 0
2100 0
2101 0
2102 0
2103 0
2104 0
2105 0
2106 2
2107 2
2108 0
2109 0
2110 2
2111 2
2112 0
2113 0
2114 2
2115 2
2116 0
2117 0
2118 2
2119 0
2120 2
2121 2
2122 0
2123 1
2124 0
2125 0
2126 2
2127 2
2128 0
2129 0
2130 1
2131 0
2132 0
2133 2
2134 1
2135 2
2136 2
2137 2
2138 0
2139 0
2140 0
2141 2
2142 2
2143 0
2144 2
2145 0
2146 0
2147 2
2148 0
2149 0
2150 0
2151 0
2152 2
2153 2
2154 1
2155 2
2156 0
2157 1
2158 0
2159 2
2160 0
2161 2
2162 0
2163 2
2164 2
2165 1
2166 2
2167 0
2168 2
2169 2
2170 2
2171 0
2172 0
2173 1
2174 2
2175 0
2176 1
2177 0
2178 0
2179 2
2180 0
2181 0
2182 0
2183 0
2184 1
2185 0
2186 2
2187 0
2188 0
2189 2
2190 0
2191 2
2192 2
2193 2
2194 0
2195 2
2196 2
2197 0
2198 1
2199 1
2200 0
2201 0
2202 2
2203 0
2204 0
2205 2
2206 0
2207 0
2208 1
2209 2
2210 2
2211 2
2212 2
2213 0
2214 2
2215 0
2216 2
2217 0
2218 0
2219 1
2220 0
2221 2
2222 0
2223 0
2224 0
2225 2
2226 2
2227 2
2228 2
2229 2
2230 2
2231 0
2232 0
2233 0
2234 0
2235 1
2236 2
2237 1
2238 0
2239 0
2240 1
2241 2
2242 0
2243 2
2244 0
2245 2
2246 0
2247 2
2248 2
2249 2
2250 0
2251 0
2252 2
2253 0
2254 0
2255 2
2256 0
2257 0
2258 2
2259 2
2260 0
2261 2
2262 0
2263 0
2264 2
2265 2
2266 2
2267 1
2268 2
2269 1
2270 0
2271 2
2272 1
2273 0
2274 0
2275 2
2276 0
2277 1
2278 1
2279 0
2280 2
2281 0
2282 0
2283 2
2284 2
2285 2
2286 0
2287 0
2288 0
2289 2
2290 1
2291 0
2292 0
2293 0
2294 2
2295 0
2296 1
2297 0
2298 0
2299 2
2300 0
2301 2
2302 0
2303 0
2304 2
2305 2
2306 0
2307 2
2308 2
2309 0
2310 1
2311 0
2312 2
2313 2
2314 2
2315 0
2316 2
2317 0
2318 0
2319 0
2320 0
2321 1
2322 0
2323 2
2324 2
2325 0
2326 1
2327 1
2328 0
2329 1
2330 0
2331 0
2332 0
2333 2
2334 2
2335 2
2336 0
2337 2
2338 2
2339 0
2340 1
2341 2
2342 1
2343 2
2344 0
2345 0
2346 0
2347 0
2348 1
2349 0
2350 1
2351 2
2352 1
2353 1
2354 2
2355 2
2356 0
2357 0
2358 0
2359 2
2360 1
2361 2
2362 0
2363 2
2364 1
2365 0
2366 2
2367 1
2368 0
2369 0
2370 0
2371 0
2372 1
2373 0
2374 1
2375 0
2376 0
2377 0
2378 2
2379 0
2380 1
2381 0
2382 2
2383 0
2384 0
2385 1
2386 1
2387 2
2388 1
2389 1
2390 0
2391 2
2392 0
2393 0
2394 0
2395 1
2396 1
2397 0
2398 2
2399 0
2400 0
2401 0
2402 2
2403 0
2404 0
2405 1
2406 2
2407 0
2408 0
2409 2
2410 1
2411 2
2412 0
2413 1
2414 0
2415 2
2416 2
2417 2
2418 2
2419 2
2420 0
2421 0
2422 0
2423 1
2424 1
2425 1
2426 2
2427 0
2428 2
2429 1
2430 0
2431 2
2432 2
2433 0
2434 0
2435 0
2436 0
2437 2
2438 1
2439 2
2440 2
2441 2
2442 0
2443 0
2444 1
2445 2
2446 0
2447 0
2448 0
2449 0
2450 0
2451 2
2452 0
2453 0
2454 0
2455 2
2456 0
2457 0
2458 0
2459 1
2460 0
2461 2
2462 0
2463 0
2464 0
2465 0
2466 0
2467 2
2468 1
2469 2
2470 1
2471 2
2472 2
2473 0
2474 2
2475 2
2476 2
2477 1
2478 1
2479 0
2480 2
2481 1
2482 0
2483 0
2484 2
2485 0
2486 0
2487 0
2488 1
2489 1
2490 2
2491 1
2492 0
2493 1
2494 2
2495 1
2496 0
2497 2
2498 0
2499 1
2500 2
2501 2
2502 2
2503 1
2504 0
2505 2
2506 2
2507 1
2508 1
2509 1
2510 2
2511 2
2512 0
2513 2
2514 0
2515 0
2516 0
2517 1
2518 2
2519 0
2520 0
2521 0
2522 1
2523 2
2524 2
2525 0
2526 1
2527 0
2528 0
2529 2
2530 0
2531 0
2532 0
2533 0
2534 2
2535 1
2536 2
2537 0
2538 1
2539 0
2540 2
2541 0
2542 2
2543 2
2544 1
2545 2
2546 2
2547 0
2548 2
2549 1
2550 0
2551 0
2552 2
2553 0
2554 0
2555 0
2556 0
2557 2
2558 0
2559 0
2560 2
2561 0
2562 2
2563 2
2564 2
2565 0
2566 1
2567 0
2568 2
2569 2
2570 1
2571 0
2572 0
2573 2
2574 0
2575 1
2576 0
2577 0
2578 2
2579 0
2580 0
2581 1
2582 2
2583 0
2584 2
2585 0
2586 0
2587 1
2588 0
2589 2
2590 0
2591 2
2592 2
2593 0
2594 2
2595 2
2596 2
2597 2
2598 0
2599 0
2600 1
2601 0
2602 0
2603 2
2604 1
2605 1
2606 0
2607 0
2608 0
2609 1
2610 0
2611 0
2612 0
2613 0
2614 0
2615 0
2616 0
2617 2
2618 2
2619 2
2620 0
2621 2
2622 2
2623 2
2624 0
2625 1
2626 0
2627 2
2628 0
2629 2
2630 1
2631 2
2632 2
2633 2
2634 0
2635 2
2636 0
2637 1
2638 2
2639 2
2640 1
2641 2
2642 2
2643 0
2644 0
2645 0
2646 2
2647 2
2648 2
2649 0
2650 2
2651 2
2652 0
2653 0
2654 1
2655 0
2656 0
2657 0
2658 0
2659 0
2660 2
2661 2
2662 0
2663 0
2664 2
2665 1
2666 0
2667 1
2668 2
2669 0
2670 2
2671 2
2672 2
2673 2
2674 0
2675 0
2676 1
2677 2
2678 1
2679 0
2680 1
2681 0
2682 0
2683 0
2684 0
2685 0
2686 0
2687 2
2688 2
2689 0
2690 2
2691 0
2692 0
2693 2
2694 1
2695 2
2696 0
2697 0
2698 2
2699 0
2700 0
2701 1
2702 0
2703 0
2704 0
2705 0
2706 1
2707 0
2708 0
2709 2
2710 2
2711 0
2712 2
2713 2
2714 0
2715 0
2716 2
2717 0
2718 0
2719 2
2720 2
2721 2
2722 0
2723 0
2724 2
2725 0
2726 1
2727 0
2728 0
2729 0
2730 0
2731 2
2732 1
2733 0
2734 0
2735 2
2736 1
2737 2
2738 2
2739 1
2740 2
2741 2
2742 2
2743 0
2744 1
2745 2
2746 2
2747 0
2748 0
2749 0
2750 2
2751 2
2752 2
2753 0
2754 0
2755 2
2756 0
2757 0
2758 0
2759 2
2760 0
2761 2
2762 2
2763 1
2764 2
2765 1
2766 0
2767 2
2768 0
2769 0
2770 0
2771 0
2772 0
2773 2
2774 0
2775 2
2776 0
2777 2
2778 0
2779 0
2780 0
2781 0
2782 0
2783 0
2784 1
2785 0
2786 0
2787 2
2788 2
2789 2
2790 0
2791 0
2792 0
2793 2
2794 0
2795 0
2796 1
2797 0
2798 2
2799 0
2800 0
2801 0
2802 0
2803 2
2804 2
2805 0
2806 2
2807 0
2808 2
2809 2
2810 2
2811 2
2812 1
2813 2
2814 2
2815 2
2816 0
2817 0
2818 2
2819 1
2820 2
2821 0
2822 0
2823 2
2824 2
2825 0
2826 1
2827 0
2828 0
2829 0
2830 1
2831 2
2832 0
2833 0
2834 0
2835 1
2836 2
2837 2
2838 2
2839 2
2840 1
2841 2
2842 2
2843 0
2844 2
2845 2
2846 2
2847 0
2848 2
2849 0
2850 2
2851 1
2852 0
2853 1
2854 0
2855 0
2856 2
2857 1
2858 0
2859 2
2860 0
2861 0
2862 0
2863 2
2864 0
2865 0
2866 2
2867 0
2868 0
2869 0
2870 0
2871 2
2872 2
2873 2
2874 2
2875 0
2876 1
2877 2
2878 2
2879 0
2880 0
2881 0
2882 0
2883 0
2884 2
2885 2
2886 0
2887 1
2888 0
2889 0
2890 0
2891 2
2892 0
2893 2
2894 1
2895 2
2896 0
2897 2
2898 0
2899 2
2900 0
2901 2
2902 2
2903 1
2904 1
2905 0
2906 2
2907 0
2908 0
2909 0
2910 0
2911 0
2912 0
2913 2
2914 0
2915 1
2916 0
2917 2
2918 0
2919 0
2920 0
2921 0
2922 2
2923 2
2924 2
2925 1
2926 2
2927 0
2928 0
2929 0
2930 0
2931 0
2932 2
2933 2
2934 0
2935 1
2936 0
2937 0
2938 0
2939 0
2940 2
2941 1
2942 0
2943 1
2944 2
2945 0
2946 2
2947 2
2948 0
2949 2
2950 2
2951 0
2952 1
2953 0
2954 0
2955 2
2956 0
2957 0
2958 0
2959 2
2960 2
2961 1
2962 1
2963 2
2964 2
2965 0
2966 0
2967 2
2968 0
2969 2
2970 0
2971 1
2972 2
2973 2
2974 1
2975 0
2976 0
2977 2
2978 0
2979 0
2980 2
2981 2
2982 2
2983 0
2984 0
2985 0
2986 2
2987 0
2988 0
2989 0
2990 2
2991 0
2992 2
2993 0
2994 0
2995 0
2996 0
2997 1
2998 1
2999 2
3000 2
3001 0
3002 2
3003 0
3004 2
3005 0
3006 2
3007 0
3008 0
3009 0
3010 1
3011 0
3012 2
3013 2
3014 2
3015 0
3016 2
3017 1
3018 0
3019 1
3020 2
3021 1
3022 1
3023 1
3024 2
3025 2
3026 2
3027 0
3028 0
3029 2
3030 2
3031 1
3032 2
3033 2
3034 1
3035 2
3036 2
3037 2
3038 0
3039 2
3040 2
3041 1
3042 0
3043 1
3044 2
3045 1
3046 0
3047 2
3048 0
3049 1
3050 1
3051 2
3052 1
3053 2
3054 0
3055 2
3056 0
3057 2
3058 2
3059 0
3060 2
3061 0
3062 1
3063 2
3064 0
3065 0
3066 2
3067 2
3068 2
3069 0
3070 0
3071 0
3072 2
3073 2
3074 0
3075 0
3076 2
3077 0
3078 0
3079 2
3080 1
3081 0
3082 1
3083 2
3084 0
3085 2
3086 0
3087 0
3088 2
3089 2
3090 1
3091 0
3092 0
3093 2
3094 0
3095 2
3096 2
3097 1
3098 1
3099 2
3100 1
3101 2
3102 0
3103 2
3104 1
3105 0
3106 2
3107 0
3108 2
3109 1
3110 1
3111 2
3112 0
3113 2
3114 2
3115 1
3116 0
3117 0
3118 0
3119 2
3120 0
3121 2
3122 0
3123 0
3124 2
3125 0
3126 2
3127 2
3128 0
3129 2
3130 0
3131 0
3132 2
3133 1
3134 1
3135 0
3136 0
3137 1
3138 0
3139 2
3140 2
3141 0
3142 0
3143 0
3144 0
3145 2
3146 2
3147 2
3148 2
3149 1
3150 0
3151 0
3152 0
3153 2
3154 0
3155 2
3156 2
3157 0
3158 2
3159 2
3160 2
3161 2
3162 1
3163 0
3164 0
3165 0
3166 2
3167 0
3168 0
3169 2
3170 0
3171 0
3172 2
3173 2
3174 1
3175 0
3176 0
3177 0
3178 2
3179 2
3180 0
3181 0
3182 0
3183 0
3184 2
3185 0
3186 0
3187 2
3188 0
3189 0
3190 1
3191 2
3192 0
3193 2
3194 2
3195 1
3196 1
3197 2
3198 2
3199 0
3200 0
3201 0
3202 2
3203 0
3204 2
3205 0
3206 0
3207 0
3208 1
3209 2
3210 2
3211 0
3212 1
3213 0
3214 0
3215 2
3216 2
3217 0
3218 1
3219 0
3220 2
3221 2
3222 0
3223 0
3224 0
3225 2
3226 2
3227 0
3228 0
3229 2
3230 0
3231 0
3232 2
3233 2
3234 0
3235 0
3236 0
3237 2
3238 0
3239 0
3240 2
3241 0
3242 0
3243 0
3244 2
3245 2
3246 0
3247 0
3248 0
3249 0
3250 0
3251 1
3252 1
3253 1
3254 1
3255 2
3256 0
3257 0
3258 0
3259 1
3260 2
3261 2
3262 1
3263 0
3264 0
3265 0
3266 2
3267 0
3268 2
3269 2
3270 1
3271 1
3272 1
3273 2
3274 0
3275 2
3276 0
3277 0
3278 0
3279 0
3280 2
3281 0
3282 2
3283 2
3284 1
3285 2
3286 1
3287 2
3288 0
3289 0
3290 2
3291 2
3292 2
3293 2
3294 0
3295 1
3296 0
3297 2
3298 2
3299 0
3300 1
3301 0
3302 0
3303 2
3304 0
3305 1
3306 1
3307 2
3308 1
3309 1
3310 1
3311 2
3312 2
3313 0
3314 0
3315 0
3316 1
3317 2
3318 2
3319 2
3320 2
3321 0
3322 1
3323 0
3324 2
3325 2
3326 2
3327 1
3328 0
3329 2
3330 0
3331 1
3332 0
3333 0
3334 2
3335 0
3336 2
3337 0
3338 0
3339 2
3340 1
3341 0
3342 2
3343 0
3344 0
3345 0
3346 2
3347 2
3348 0
3349 0
3350 1
3351 1
3352 1
3353 2
3354 1
3355 1
3356 1
3357 0
3358 0
3359 1
3360 2
3361 2
3362 0
3363 2
3364 0
3365 0
3366 2
3367 2
3368 0
3369 2
3370 1
3371 2
3372 0
3373 2
3374 0
3375 1
3376 2
3377 0
3378 2
3379 2
3380 1
3381 2
3382 0
3383 0
3384 2
3385 2
3386 0
3387 0
3388 2
3389 2
3390 1
3391 0
3392 0
3393 1
3394 0
3395 2
3396 0
3397 2
3398 1
3399 0
3400 0
3401 2
3402 1
3403 2
3404 2
3405 2
3406 0
3407 2
3408 0
3409 0
3410 2
3411 0
3412 0
3413 0
3414 1
3415 0
3416 2
3417 2
3418 2
3419 2
3420 2
3421 0
3422 1
3423 0
3424 0
3425 2
3426 2
3427 0
3428 0
3429 0
3430 0
3431 0
3432 2
3433 2
3434 2
3435 1
3436 0
3437 2
3438 2
3439 2
3440 0
3441 1
3442 0
3443 0
3444 1
3445 0
3446 2
3447 0
3448 0
3449 0
3450 0
3451 0
3452 0
3453 2
3454 1
3455 0
3456 0
3457 0
3458 2
3459 1
3460 2
3461 0
3462 2
3463 0
3464 2
3465 0
3466 2
3467 0
3468 0
3469 2
3470 1
3471 2
3472 0
3473 0
3474 0
3475 1
3476 0
3477 2
3478 2
3479 2
3480 0
3481 1
3482 1
3483 0
3484 2
3485 1
3486 1
3487 2
3488 2
3489 0
3490 0
3491 0
3492 0
3493 2
3494 0
3495 0
3496 2
3497 0
3498 0
3499 1
3500 0
3501 0
3502 0
3503 2
3504 2
3505 1
3506 2
3507 0
3508 0
3509 0
3510 0
3511 0
3512 2
3513 1
3514 2
3515 2
3516 1
3517 0
3518 0
3519 1
3520 0
3521 2
3522 2
3523 1
3524 0
3525 2
3526 1
3527 2
3528 0
3529 0
3530 2
3531 1
3532 1
3533 0
3534 1
3535 0
3536 2
3537 0
3538 0
3539 1
3540 0
3541 2
3542 2
3543 2
3544 0
3545 0
3546 1
3547 2
3548 0
3549 0
3550 0
3551 1
3552 2
3553 2
3554 0
3555 0
3556 2
3557 2
3558 0
3559 2
3560 2
3561 2
3562 0
3563 2
3564 0
3565 2
3566 0
3567 0
3568 0
3569 2
3570 2
3571 2
3572 2
3573 2
3574 0
3575 2
3576 0
3577 0
3578 0
3579 2
3580 0
3581 0
3582 2
3583 0
3584 1
3585 0
3586 0
3587 1
3588 2
3589 1
3590 0
3591 0
3592 0
3593 1
3594 0
3595 0
3596 0
3597 2
3598 0
3599 2
3600 0
3601 1
3602 0
3603 0
3604 1
3605 0
3606 0
3607 2
3608 0
3609 0
3610 2
3611 0
3612 2
3613 0
3614 1
3615 0
3616 0
3617 1
3618 0
3619 1
3620 0
3621 0
3622 2
3623 2
3624 2
3625 2
3626 1
3627 2
3628 2
3629 0
3630 2
3631 0
3632 2
3633 2
3634 2
3635 2
3636 1
3637 2
3638 2
3639 2
3640 0
3641 1
3642 2
3643 2
3644 0
3645 0
3646 2
3647 2
3648 0
3649 2
3650 2
3651 0
3652 2
3653 2
3654 2
3655 0
3656 0
3657 2
3658 0
3659 0
3660 1
3661 2
3662 2
3663 2
3664 2
3665 0
3666 0
3667 1
3668 2
3669 1
3670 0
3671 2
3672 0
3673 0
3674 2
3675 2
3676 2
3677 2
3678 0
3679 2
3680 2
3681 0
3682 1
3683 1
3684 2
3685 1
3686 1
3687 1
3688 0
3689 0
3690 0
3691 2
3692 0
3693 0
3694 0
3695 2
3696 2
3697 1
3698 0
3699 0
3700 0
3701 1
3702 0
3703 0
3704 0
3705 1
3706 0
3707 2
3708 0
3709 0
3710 2
3711 0
3712 2
3713 1
3714 0
3715 0
3716 0
3717 2
3718 0
3719 0
3720 0
3721 2
3722 2
3723 2
3724 0
3725 2
3726 1
3727 2
3728 2
3729 2
3730 0
3731 2
3732 0
3733 0
3734 0
3735 2
3736 0
3737 2
3738 0
3739 0
3740 2
3741 0
3742 1
3743 1
3744 2
3745 0
3746 2
3747 2
3748 0
3749 1
3750 2
3751 1
3752 1
3753 0
3754 2
3755 0
3756 0
3757 0
3758 2
3759 2
3760 2
3761 0
3762 2
3763 1
3764 2
3765 2
3766 0
3767 0
3768 0
3769 2
3770 2
3771 1
3772 0
3773 0
3774 2
3775 2
3776 0
3777 2
3778 1
3779 0
3780 0
3781 0
3782 0
3783 0
3784 0
3785 2
3786 2
3787 2
3788 2
3789 0
3790 0
3791 0
3792 1
3793 0
3794 2
3795 0
3796 2
3797 1
3798 2
3799 1
3800 2
3801 2
3802 2
3803 0
3804 0
3805 1
3806 2
3807 0
3808 2
3809 0
3810 2
3811 0
3812 2
3813 0
3814 0
3815 2
3816 2
3817 0
3818 2
3819 0
3820 2
3821 0
3822 0
3823 0
3824 2
3825 0
3826 2
3827 0
3828 2
3829 2
3830 2
3831 0
3832 0
3833 2
3834 0
3835 0
3836 2
3837 0
3838 2
3839 2
3840 0
3841 2
3842 0
3843 2
3844 1
3845 1
3846 0
3847 1
3848 1
3849 0
3850 0
3851 2
3852 0
3853 1
3854 1
3855 0
3856 0
3857 0
3858 0
3859 0
3860 0
3861 2
3862 0
3863 0
3864 2
3865 0
3866 0
3867 2
3868 0
3869 1
3870 2
3871 0
3872 0
3873 2
3874 2
3875 2
3876 2
3877 0
3878 1
3879 2
3880 0
3881 2
3882 2
3883 0
3884 0
3885 1
3886 2
3887 0
3888 0
3889 0
3890 2
3891 0
3892 2
3893 0
3894 0
3895 2
3896 0
3897 1
3898 2
3899 2
3900 2
3901 2
3902 0
3903 0
3904 1
3905 1
3906 0
3907 2
3908 0
3909 0
3910 0
3911 0
3912 0
3913 0
3914 2
3915 2
3916 0
3917 2
3918 2
3919 0
3920 0
3921 1
3922 2
3923 0
3924 0
3925 1
3926 0
3927 0
3928 2
3929 0
3930 0
3931 2
3932 0
3933 2
3934 0
3935 2
3936 0
3937 2
3938 1
3939 1
3940 2
3941 0
3942 0
3943 0
3944 2
3945 2
3946 0
3947 0
3948 0
3949 0
3950 0
3951 0
3952 2
3953 2
3954 0
3955 0
3956 2
3957 0
3958 2
3959 2
3960 2
3961 2
3962 0
3963 0
3964 0
3965 0
3966 0
3967 2
3968 0
3969 1
3970 2
3971 0
3972 0
3973 0
3974 2
3975 2
3976 2
3977 1
3978 2
3979 0
3980 0
3981 2
3982 0
3983 0
3984 0
3985 0
3986 0
3987 2
3988 2
3989 0
3990 2
3991 0
3992 2
3993 2
3994 0
3995 1
3996 0
3997 0
3998 2
3999 2
4000 0
4001 0
4002 2
4003 1
4004 2
4005 0
4006 1
4007 2
4008 2
4009 0
4010 2
4011 2
4012 2
4013 0
4014 2
4015 2
4016 1
4017 0
4018 0
4019 2
4020 1
4021 0
4022 0
4023 0
4024 0
4025 0
4026 1
4027 0
4028 0
4029 1
4030 2
4031 1
4032 2
4033 0
4034 1
4035 0
4036 1
4037 0
4038 2
4039 2
4040 2
4041 1
4042 0
4043 2
4044 2
4045 0
4046 2
4047 1
4048 2
4049 2
4050 1
4051 0
4052 0
4053 0
4054 0
4055 0
4056 1
4057 2
4058 1
4059 2
4060 2
4061 2
4062 2
4063 0
4064 0
4065 0
4066 0
4067 2
4068 1
4069 1
4070 0
4071 0
4072 2
4073 1
4074 0
4075 0
4076 1
4077 0
4078 2
4079 2
4080 2
4081 0
4082 0
4083 2
4084 0
4085 1
4086 0
4087 2
4088 0
4089 0
4090 0
4091 2
4092 0
4093 0
4094 0
4095 2
4096 2
4097 1
4098 2
4099 1
4100 2
4101 1
4102 1
4103 2
4104 0
4105 0
4106 2
4107 0
4108 1
4109 0
4110 2
4111 2
4112 2
4113 0
4114 0
4115 0
4116 0
4117 0
4118 0
4119 1
4120 0
4121 1
4122 2
4123 2
4124 1
4125 0
4126 0
4127 1
4128 2
4129 0
4130 0
4131 1
4132 2
4133 0
4134 2
4135 2
4136 2
4137 1
4138 2
4139 1
4140 2
4141 0
4142 0
4143 2
4144 0
4145 2
4146 1
4147 2
4148 0
4149 0
4150 2
4151 0
4152 2
4153 0
4154 2
4155 0
4156 0
4157 0
4158 0
4159 0
4160 1
4161 0
4162 0
4163 1
4164 2
4165 0
4166 2
4167 2
4168 2
4169 2
4170 2
4171 0
4172 0
4173 2
4174 0
4175 1
4176 0
4177 0
4178 2
4179 1
4180 2
4181 0
4182 2
4183 2
4184 1
4185 2
4186 1
4187 2
4188 0
4189 1
4190 0
4191 0
4192 0
4193 0
4194 2
4195 2
4196 0
4197 0
4198 0
4199 2
4200 1
4201 1
4202 2
4203 2
4204 2
4205 0
4206 0
4207 1
4208 2
4209 2
4210 2
4211 1
4212 2
4213 2
4214 0
4215 0
4216 2
4217 0
4218 2
4219 2
4220 1
4221 2
4222 0
4223 0
4224 0
4225 0
4226 0
4227 0
4228 0
4229 0
4230 0
4231 0
4232 0
4233 1
4234 2
4235 1
4236 2
4237 2
4238 2
4239 0
4240 2
4241 1
4242 0
4243 0
4244 2
4245 0
4246 2
4247 2
4248 0
4249 1
4250 0
4251 0
4252 2
4253 1
4254 0
4255 0
4256 0
4257 2
4258 1
4259 0
4260 0
4261 0
4262 0
4263 0
4264 2
4265 1
4266 2
4267 0
4268 0
4269 0
4270 2
4271 0
4272 0
4273 2
4274 2
4275 2
4276 2
4277 2
4278 2
4279 0
4280 2
4281 1
4282 0
4283 1
4284 1
4285 0
4286 2
4287 2
4288 1
4289 0
4290 0
4291 1
4292 0
4293 0
4294 2
4295 2
4296 2
4297 2
4298 2
4299 0
4300 1
4301 2
4302 0
4303 0
4304 2
4305 2
4306 2
4307 0
4308 2
4309 0
4310 2
4311 2
4312 0
4313 0
4314 0
4315 0
4316 0
4317 2
4318 1
4319 2
4320 0
4321 2
4322 1
4323 2
4324 2
4325 0
4326 2
4327 0
4328 2
4329 0
4330 2
4331 0
4332 1
4333 0
4334 0
4335 2
4336 1
4337 0
4338 1
4339 2
4340 0
4341 1
4342 0
4343 0
4344 1
4345 0
4346 2
4347 2
4348 0
4349 0
4350 2
4351 0
4352 2
4353 0
4354 0
4355 0
4356 1
4357 0
4358 0
4359 2
4360 0
4361 0
4362 0
4363 0
4364 2
4365 1
4366 0
4367 2
4368 0
4369 1
4370 1
4371 1
4372 1
4373 0
4374 1
4375 0
4376 0
4377 0
4378 2
4379 2
4380 1
4381 1
4382 0
4383 2
4384 0
4385 0
4386 2
4387 0
4388 2
4389 0
4390 0
4391 2
4392 2
4393 2
4394 2
4395 2
4396 2
4397 2
4398 2
4399 0
4400 0
4401 2
4402 1
4403 0
4404 0
4405 0
4406 0
4407 2
4408 1
4409 2
4410 2
4411 2
4412 2
4413 2
4414 0
4415 2
4416 0
4417 2
4418 1
4419 1
4420 0
4421 1
4422 2
4423 0
4424 0
4425 0
4426 0
4427 0
4428 0
4429 2
4430 0
4431 2
4432 2
4433 1
4434 1
4435 0
4436 0
4437 2
4438 1
4439 2
4440 0
4441 0
4442 2
4443 0
4444 2
4445 0
4446 2
4447 2
4448 1
4449 2
4450 2
4451 0
4452 0
4453 2
4454 1
4455 2
4456 0
4457 2
4458 2
4459 1
4460 0
4461 0
4462 0
4463 0
4464 1
4465 0
4466 0
4467 0
4468 0
4469 2
4470 0
4471 2
4472 2
4473 0
4474 0
4475 1
4476 0
4477 2
4478 2
4479 2
4480 0
4481 1
4482 2
4483 1
4484 0
4485 0
4486 2
4487 0
4488 2
4489 2
4490 0
4491 2
4492 2
4493 2
4494 0
4495 0
4496 2
4497 1
4498 0
4499 2
4500 2
4501 0
4502 2
4503 0
4504 2
4505 2
4506 2
4507 0
4508 0
4509 1
4510 0
4511 0
4512 0
4513 2
4514 1
4515 2
4516 1
4517 1
4518 0
4519 0
4520 0
4521 0
4522 0
4523 2
4524 0
4525 2
4526 2
4527 2
4528 0
4529 2
4530 2
4531 2
4532 0
4533 2
4534 0
4535 2
4536 1
4537 2
4538 2
4539 0
4540 2
4541 0
4542 0
4543 2
4544 2
4545 2
4546 2
4547 0
4548 1
4549 2
4550 1
4551 1
4552 0
4553 0
4554 2
4555 0
4556 2
4557 2
4558 0
4559 2
4560 0
4561 2
4562 0
4563 2
4564 2
4565 0
4566 2
4567 0
4568 2
4569 2
4570 2
4571 0
4572 1
4573 2
4574 0
4575 0
4576 0
4577 0
4578 1
4579 0
4580 0
4581 2
4582 2
4583 0
4584 1
4585 0
4586 2
4587 2
4588 2
4589 2
4590 2
4591 0
4592 2
4593 1
4594 1
4595 0
4596 0
4597 1
4598 0
4599 0
4600 2
4601 0
4602 0
4603 2
4604 0
4605 1
4606 0
4607 2
4608 0
4609 2
4610 2
4611 1
4612 2
4613 2
4614 1
4615 0
4616 1
4617 2
4618 2
4619 0
4620 0
4621 2
4622 2
4623 0
4624 2
4625 0
4626 0
4627 2
4628 2
4629 0
4630 0
4631 2
4632 0
4633 1
4634 2
4635 1
4636 0
4637 0
4638 2
4639 2
4640 2
4641 0
4642 0
4643 1
4644 2
4645 0
4646 0
4647 2
4648 1
4649 2
4650 2
4651 2
4652 1
4653 0
4654 0
4655 0
4656 0
4657 2
4658 2
4659 1
4660 0
4661 0
4662 0
4663 2
4664 2
4665 2
4666 0
4667 0
4668 0
4669 2
4670 0
4671 2
4672 2
4673 2
4674 2
4675 0
4676 2
4677 2
4678 1
4679 2
4680 0
4681 0
4682 2
4683 0
4684 1
4685 2
4686 0
4687 1
4688 1
4689 2
4690 0
4691 2
4692 2
4693 0
4694 2
4695 2
4696 2
4697 0
4698 0
4699 2
4700 1
4701 0
4702 2
4703 2
4704 0
4705 0
4706 0
4707 0
4708 2
4709 2
4710 1
4711 1
4712 1
4713 1
4714 1
4715 2
4716 2
4717 0
4718 0
4719 0
4720 1
4721 2
4722 1
4723 0
4724 2
4725 2
4726 0
4727 0
4728 0
4729 0
4730 2
4731 1
4732 0
4733 0
4734 0
4735 1
4736 2
4737 2
4738 2
4739 0
4740 2
4741 2
4742 0
4743 2
4744 0
4745 2
4746 2
4747 0
4748 0
4749 2
4750 2
4751 0
4752 0
4753 0
4754 0
4755 0
4756 0
4757 2
4758 1
4759 2
4760 0
4761 1
4762 0
4763 0
4764 0
4765 1
4766 0
4767 2
4768 0
4769 2
4770 1
4771 0
4772 0
4773 0
4774 0
4775 0
4776 0
4777 0
4778 0
4779 0
4780 0
4781 0
4782 2
4783 0
4784 2
4785 2
4786 0
4787 2
4788 0
4789 1
4790 2
4791 2
4792 0
4793 0
4794 0
4795 0
4796 1
4797 2
4798 1
4799 0
4800 0
4801 2
4802 0
4803 2
4804 0
4805 0
4806 2
4807 0
4808 0
4809 2
4810 2
4811 2
4812 1
4813 2
4814 2
4815 2
4816 0
4817 2
4818 0
4819 0
4820 0
4821 0
4822 2
4823 0
4824 2
4825 0
4826 0
4827 2
4828 2
4829 0
4830 1
4831 2
4832 1
4833 2
4834 2
4835 2
4836 2
4837 1
4838 0
4839 2
4840 2
4841 0
4842 0
4843 0
4844 2
4845 0
4846 0
4847 2
4848 1
4849 2
4850 0
4851 0
4852 2
4853 1
4854 1
4855 2
4856 2
4857 2
4858 0
4859 2
4860 0
4861 1
4862 2
4863 0
4864 2
4865 2
4866 0
4867 0
4868 0
4869 0
4870 0
4871 0
4872 0
4873 1
4874 1
4875 2
4876 2
4877 2
4878 2
4879 2
4880 2
4881 0
4882 0
4883 2
4884 2
4885 2
4886 1
4887 2
4888 0
4889 2
4890 0
4891 1
4892 0
4893 0
4894 2
4895 0
4896 0
4897 2
4898 2
4899 0
4900 0
4901 0
4902 0
4903 2
4904 2
4905 1
4906 2
4907 2
4908 2
4909 0
4910 0
4911 0
4912 0
4913 0
4914 0
4915 0
4916 0
4917 0
4918 1
4919 2
4920 1
4921 0
4922 0
4923 2
4924 0
4925 2
4926 2
4927 1
4928 0
4929 2
4930 0
4931 0
4932 0
4933 2
4934 0
4935 1
4936 0
4937 2
4938 1
4939 0
4940 0
4941 2
4942 2
4943 2
4944 0
4945 1
4946 0
4947 2
4948 0
4949 1
4950 2
4951 0
4952 0
4953 2
4954 1
4955 2
4956 2
4957 2
4958 2
4959 2
4960 1
4961 0
4962 0
4963 0
4964 2
4965 0
4966 1
4967 0
4968 2
4969 0
4970 0
4971 0
4972 0
4973 2
4974 1
4975 2
4976 2
4977 0
4978 0
4979 2
4980 0
4981 0
4982 2
4983 0
4984 0
4985 2
4986 2
4987 0
4988 2
4989 2
4990 0
4991 2
4992 0
4993 1
4994 0
4995 0
4996 0
4997 0
4998 1
4999 1
5000 0
5001 2
5002 0
5003 0
5004 0
5005 0
5006 0
5007 2
5008 1
5009 0
5010 2
5011 2
5012 1
5013 0
5014 2
5015 0
5016 1
5017 2
5018 0
5019 2
5020 0
5021 2
5022 2
5023 2
5024 0
5025 0
5026 0
5027 1
5028 0
5029 0
5030 1
5031 0
5032 0
5033 0
5034 2
5035 2
5036 0
5037 2
5038 0
5039 2
5040 2
5041 2
5042 2
5043 1
5044 1
5045 1
5046 0
5047 2
5048 0
5049 2
5050 2
5051 0
5052 0
5053 0
5054 0
5055 0
5056 2
5057 0
5058 0
5059 0
5060 0
5061 2
5062 2
5063 2
5064 0
5065 2
5066 0
5067 2
5068 2
5069 2
5070 1
5071 0
5072 0
5073 2
5074 2
5075 0
5076 0
5077 2
5078 0
5079 2
5080 1
5081 0
5082 2
5083 0
5084 0
5085 2
5086 0
5087 2
5088 0
5089 2
5090 0
5091 0
5092 2
5093 2
5094 0
5095 2
5096 2
5097 2
5098 1
5099 2
5100 2
5101 0
5102 0
5103 2
5104 2
5105 2
5106 2
5107 2
5108 0
5109 2
5110 0
5111 2
5112 0
5113 2
5114 0
5115 0
5116 0
5117 0
5118 0
5119 0
5120 2
5121 0
5122 2
5123 1
5124 0
5125 2
5126 0
5127 0
5128 1
5129 2
5130 1
5131 0
5132 0
5133 0
5134 1
5135 0
5136 0
5137 2
5138 1
5139 0
5140 2
5141 1
5142 0
5143 0
5144 0
5145 2
5146 0
5147 2
5148 2
5149 0
5150 0
5151 2
5152 2
5153 0
5154 2
5155 0
5156 2
5157 2
5158 2
5159 2
5160 0
5161 2
5162 2
5163 0
5164 2
5165 0
5166 0
5167 0
5168 1
5169 2
5170 2
5171 0
5172 0
5173 0
5174 0
5175 2
5176 0
5177 2
5178 0
5179 0
5180 2
5181 2
5182 2
5183 2
5184 2
5185 2
5186 0
5187 0
5188 0
5189 2
5190 1
5191 2
5192 0
5193 1
5194 2
5195 0
5196 0
5197 0
5198 0
5199 2
5200 1
5201 1
5202 0
5203 2
5204 0
5205 0
5206 1
5207 2
5208 2
5209 0
5210 1
5211 0
5212 2
5213 0
5214 1
5215 1
5216 0
5217 2
5218 0
5219 2
5220 1
5221 0
5222 2
5223 0
5224 0
5225 2
5226 2
5227 0
5228 0
5229 0
5230 0
5231 0
5232 0
5233 0
5234 2
5235 2
5236 1
5237 2
5238 2
5239 2
5240 0
5241 0
5242 0
5243 2
5244 2
5245 1
5246 2
5247 2
5248 1
5249 2
5250 0
5251 0
5252 2
5253 2
5254 0
5255 2
5256 0
5257 0
5258 0
5259 0
5260 2
5261 0
5262 0
5263 2
5264 0
5265 0
5266 0
5267 0
5268 0
5269 1
5270 0
5271 0
5272 2
5273 0
5274 0
5275 1
5276 0
5277 1
5278 0
5279 0
5280 0
5281 1
5282 2
5283 0
5284 0
5285 1
5286 0
5287 0
5288 2
5289 0
5290 2
5291 2
5292 0
5293 2
5294 0
5295 2
5296 2
5297 2
5298 0
5299 2
5300 2
5301 0
5302 0
5303 2
5304 2
5305 1
5306 0
5307 0
5308 2
5309 2
5310 1
5311 0
5312 0
5313 2
5314 2
5315 0
5316 2
5317 2
5318 0
5319 2
5320 0
5321 0
5322 1
5323 2
5324 0
5325 0
5326 0
5327 0
5328 2
5329 0
5330 0
5331 2
5332 1
5333 0
5334 0
5335 1
5336 2
5337 0
5338 0
5339 2
5340 1
5341 1
5342 0
5343 2
5344 2
5345 0
5346 1
5347 2
5348 2
5349 0
5350 1
5351 2
5352 2
5353 2
5354 2
5355 0
5356 0
5357 2
5358 2
5359 0
5360 0
5361 0
5362 0
5363 0
5364 2
5365 1
5366 2
5367 1
5368 2
5369 2
5370 0
5371 1
5372 0
5373 1
5374 0
5375 0
5376 2
5377 2
5378 2
5379 0
5380 2
5381 2
5382 2
5383 2
5384 2
5385 1
5386 2
5387 2
5388 1
5389 0
5390 0
5391 1
5392 2
5393 0
5394 0
5395 2
5396 0
5397 2
5398 0
5399 1
5400 0
5401 0
5402 2
5403 0
5404 2
5405 0
5406 2
5407 2
5408 2
5409 0
5410 1
5411 2
5412 0
5413 1
5414 0
5415 2
5416 2
5417 2
5418 2
5419 2
5420 1
5421 0
5422 0
5423 0
5424 2
5425 0
5426 2
5427 1
5428 1
5429 1
5430 0
5431 2
5432 0
5433 1
5434 2
5435 0
5436 1
5437 2
5438 1
5439 0
5440 2
5441 2
5442 0
5443 0
5444 0
5445 2
5446 2
5447 0
5448 0
5449 1
5450 1
5451 2
5452 0
5453 0
5454 0
5455 0
5456 2
5457 2
5458 0
5459 0
5460 0
5461 0
5462 0
5463 2
5464 2
5465 0
5466 0
5467 0
5468 0
5469 2
5470 2
5471 2
5472 2
5473 1
5474 2
5475 1
5476 0
5477 0
5478 2
5479 0
5480 0
5481 2
5482 0
5483 2
5484 1
5485 2
5486 0
5487 2
5488 2
5489 0
5490 2
5491 2
5492 0
5493 0
5494 1
5495 2
5496 1
5497 2
5498 0
5499 1
5500 0
5501 2
5502 0
5503 2
5504 2
5505 2
5506 2
5507 0
5508 2
5509 2
5510 2
5511 0
5512 2
5513 0
5514 1
5515 2
5516 2
5517 0
5518 0
5519 0
5520 0
5521 1
5522 2
5523 2
5524 2
5525 2
5526 0
5527 2
5528 2
5529 2
5530 2
5531 0
5532 0
5533 2
5534 0
5535 2
5536 0
5537 2
5538 1
5539 2
5540 0
5541 2
5542 2
5543 2
5544 0
5545 2
5546 1
5547 0
5548 2
5549 1
5550 0
5551 2
5552 2
5553 1
5554 2
5555 2
5556 0
5557 1
5558 0
5559 2
5560 0
5561 0
5562 0
5563 2
5564 2
5565 0
5566 2
5567 0
5568 0
5569 2
5570 0
5571 2
5572 0
5573 0
5574 1
5575 0
5576 1
5577 1
5578 1
5579 0
5580 0
5581 2
5582 1
5583 0
5584 0
5585 0
5586 0
5587 1
5588 0
5589 0
5590 2
5591 2
5592 0
5593 2
5594 1
5595 2
5596 0
5597 2
5598 1
5599 0
5600 2
5601 1
5602 2
5603 0
5604 0
5605 0
5606 2
5607 1
5608 0
5609 2
5610 2
5611 0
5612 0
5613 0
5614 0
5615 0
5616 0
5617 2
5618 0
5619 2
5620 0
5621 0
5622 2
5623 2
5624 0
5625 2
5626 1
5627 0
5628 0
5629 0
5630 2
5631 2
5632 0
5633 0
5634 0
5635 1
5636 0
5637 0
5638 0
5639 2
5640 1
5641 1
5642 0
5643 1
5644 2
5645 0
5646 1
5647 0
5648 0
5649 1
5650 2
5651 1
5652 2
5653 0
5654 1
5655 0
5656 0
5657 0
5658 0
5659 2
5660 0
5661 0
5662 1
5663 0
5664 2
5665 0
5666 2
5667 0
5668 0
5669 0
5670 1
5671 2
5672 0
5673 1
5674 0
5675 1
5676 2
5677 0
5678 0
5679 1
5680 0
5681 2
5682 1
5683 2
5684 0
5685 2
5686 0
5687 0
5688 0
5689 0
5690 1
5691 2
5692 0
5693 2
5694 2
5695 0
5696 2
5697 0
5698 0
5699 2
5700 0
5701 2
5702 0
5703 0
5704 1
5705 1
5706 0
5707 0
5708 2
5709 2
5710 0
5711 1
5712 0
5713 0
5714 0
5715 2
5716 2
