0 1
1 0
2 2
3 0
4 1
5 0
6 2
7 0
8 2
9 0
10 0
11 1
12 0
13 2
14 0
15 0
16 1
17 0
18 2
19 2
20 2
21 2
22 0
23 2
24 2
25 0
26 0
27 1
28 0
29 0
30 2
31 2
32 0
33 0
34 1
35 0
36 1
37 0
38 0
39 0
40 2
41 2
42 0
43 0
44 0
45 1
46 2
47 1
48 2
49 2
50 0
51 2
52 1
53 2
54 1
55 0
56 1
57 0
58 0
59 0
60 0
61 2
62 0
63 1
64 1
65 0
66 2
67 0
68 0
69 0
70 0
71 0
72 2
73 0
74 2
75 1
76 2
77 2
78 1
79 0
80 0
81 1
82 1
83 2
84 0
85 0
86 1
87 1
88 0
89 2
90 0
91 2
92 0
93 1
94 0
95 1
96 0
97 1
98 0
99 2
100 0
101 2
102 0
103 0
104 2
105 1
106 0
107 0
108 2
109 1
110 0
111 0
112 2
113 2
114 1
115 1
116 0
117 2
118 1
119 0
120 2
121 2
122 0
123 2
124 1
125 0
126 1
127 1
128 0
129 0
130 1
131 1
132 2
133 0
134 0
135 1
136 0
137 0
138 0
139 1
140 0
141 0
142 0
143 0
144 1
145 0
146 0
147 2
148 0
149 2
150 2
151 1
152 1
153 1
154 0
155 1
156 0
157 2
158 1
159 2
160 0
161 0
162 0
163 0
164 0
165 1
166 2
167 0
168 0
169 1
170 2
171 0
172 0
173 2
174 1
175 0
176 0
177 0
178 0
179 0
180 0
181 0
182 1
183 0
184 0
185 1
186 0
187 0
188 0
189 2
190 2
191 1
192 0
193 2
194 1
195 2
196 2
197 0
198 2
199 2
200 1
201 2
202 2
203 0
204 0
205 2
206 0
207 0
208 0
209 2
210 2
211 2
212 2
213 0
214 0
215 2
216 2
217 0
218 2
219 0
220 1
221 0
222 0
223 0
224 0
225 2
226 1
227 2
228 2
229 0
230 0
231 2
232 2
233 0
234 2
235 2
236 0
237 0
238 0
239 2
240 0
241 0
242 2
243 0
244 0
245 0
246 0
247 0
248 1
249 1
250 0
251 0
252 0
253 0
254 0
255 2
256 0
257 0
258 0
259 0
260 0
261 0
262 0
263 1
264 0
265 2
266 0
267 1
268 0
269 2
270 0
271 1
272 0
273 0
274 0
275 1
276 2
277 0
278 2
279 0
280 1
281 0
282 0
283 1
284 0
285 0
286 1
287 2
288 0
289 2
290 0
291 0
292 0
293 0
294 2
295 1
296 2
297 2
298 1
299 2
300 0
301 0
302 0
303 2
304 1
305 0
306 0
307 2
308 0
309 0
310 0
311 2
312 0
313 1
314 2
315 0
316 0
317 1
318 0
319 0
320 0
321 0
322 0
323 2
324 2
325 2
326 2
327 2
328 1
329 1
330 0
331 2
332 0
333 1
334 0
335 2
336 1
337 0
338 0
339 2
340 2
341 2
342 2
343 2
344 2
345 0
346 2
347 0
348 2
349 1
350 0
351 0
352 0
353 2
354 1
355 1
356 0
357 2
358 0
359 0
360 1
361 0
362 2
363 0
364 0
365 2
366 1
367 0
368 1
369 0
370 0
371 0
372 0
373 2
374 2
375 1
376 1
377 1
378 2
379 1
380 1
381 2
382 0
383 1
384 2
385 1
386 2
387 0
388 2
389 1
390 1
391 0
392 0
393 0
394 1
395 0
396 1
397 1
398 1
399 2
400 2
401 1
402 0
403 0
404 0
405 0
406 0
407 1
408 1
409 0
410 0
411 1
412 1
413 2
414 0
415 0
416 0
417 1
418 0
419 0
420 0
421 0
422 0
423 0
424 2
425 0
426 1
427 0
428 0
429 2
430 1
431 0
432 2
433 1
434 0
435 2
436 0
437 0
438 0
439 0
440 1
441 1
442 0
443 0
444 1
445 0
446 0
447 0
448 0
449 0
450 0
451 1
452 1
453 0
454 0
455 2
456 1
457 1
458 0
459 0
460 0
461 0
462 0
463 0
464 2
465 2
466 0
467 0
468 0
469 0
470 0
471 0
472 2
473 0
474 2
475 2
476 0
477 2
478 2
479 2
480 0
481 0
482 0
483 0
484 0
485 2
486 2
487 0
488 0
489 0
490 0
491 2
492 2
493 2
494 0
495 1
496 1
497 2
498 0
499 0
500 1
501 0
502 0
503 0
504 2
505 0
506 0
507 1
508 2
509 0
510 0
511 1
512 0
513 1
514 0
515 0
516 0
517 1
518 0
519 0
520 0
521 0
522 1
523 0
524 2
525 0
526 0
527 0
528 0
529 2
530 0
531 0
532 0
533 1
534 2
535 0
536 0
537 1
538 0
539 0
540 0
541 2
542 0
543 0
544 0
545 0
546 0
547 1
548 0
549 0
550 1
551 0
552 1
553 1
554 0
555 2
556 0
557 0
558 0
559 1
560 2
561 1
562 0
563 0
564 2
565 0
566 0
567 0
568 0
569 2
570 0
571 1
572 0
573 2
574 0
575 1
576 2
577 1
578 0
579 0
580 0
581 2
582 1
583 0
584 0
585 2
586 0
587 0
588 2
589 2
590 0
591 1
592 1
593 2
594 2
595 0
596 1
597 1
598 0
599 0
600 0
601 0
602 1
603 0
604 0
605 0
606 0
607 0
608 1
609 1
610 0
611 0
612 1
613 0
614 1
615 1
616 1
617 0
618 2
619 1
620 2
621 0
622 0
623 0
624 1
625 0
626 0
627 1
628 0
629 0
630 1
631 0
632 0
633 2
634 1
635 0
636 2
637 0
638 0
639 0
640 0
641 2
642 1
643 0
644 1
645 0
646 2
647 0
648 0
649 0
650 2
651 1
652 0
653 1
654 0
655 2
656 0
657 2
658 0
659 0
660 0
661 0
662 0
663 2
664 0
665 2
666 1
667 2
668 2
669 2
670 0
671 0
672 0
673 2
674 2
675 0
676 1
677 2
678 1
679 2
680 0
681 2
682 0
683 0
684 0
685 1
686 0
687 2
688 2
689 0
690 2
691 2
692 0
693 0
694 1
695 0
696 0
697 0
698 0
699 2
700 2
701 0
702 0
703 2
704 0
705 2
706 0
707 1
708 1
709 2
710 0
711 1
712 0
713 0
714 1
715 1
716 2
717 1
718 0
719 1
720 0
721 1
722 0
723 2
724 0
725 0
726 0
727 0
728 0
729 2
730 2
731 2
732 0
733 2
734 2
735 1
736 2
737 1
738 0
739 2
740 0
741 2
742 2
743 0
744 0
745 0
746 2
747 0
748 1
749 0
750 1
751 1
752 2
753 0
754 2
755 0
756 0
757 0
758 0
759 2
760 1
761 0
762 2
763 2
764 0
765 0
766 2
767 0
768 1
769 1
770 1
771 0
772 2
773 0
774 1
775 0
776 0
777 1
778 1
779 2
780 2
781 1
782 0
783 2
784 1
785 0
786 0
787 2
788 0
789 0
790 2
791 0
792 0
793 0
794 2
795 0
796 1
797 0
798 0
799 2
800 1
801 1
802 1
803 2
804 2
805 1
806 0
807 2
808 0
809 1
810 1
811 0
812 2
813 2
814 0
815 0
816 2
817 0
818 2
819 0
820 0
821 0
822 2
823 2
824 2
825 0
826 0
827 1
828 0
829 0
830 0
831 2
832 0
833 1
834 0
835 0
836 0
837 2
838 2
839 0
840 1
841 2
842 2
843 2
844 0
845 0
846 2
847 0
848 2
849 2
850 1
851 2
852 0
853 0
854 2
855 0
856 0
857 2
858 2
859 2
860 0
861 2
862 0
863 2
864 1
865 2
866 0
867 1
868 1
869 1
870 0
871 1
872 2
873 0
874 0
875 0
876 0
877 2
878 0
879 1
880 0
881 2
882 1
883 0
884 0
885 1
886 0
887 0
888 0
889 1
890 1
891 0
892 1
893 0
894 0
895 2
896 1
897 0
898 0
899 0
900 1
901 0
902 1
903 0
904 0
905 0
906 1
907 0
908 0
909 0
910 1
911 0
912 0
913 2
914 0
915 2
916 0
917 1
918 0
919 2
920 2
921 2
922 2
923 1
924 2
925 0
926 2
927 0
928 1
929 2
930 0
931 0
932 0
933 0
934 0
935 2
936 2
937 0
938 0
939 2
940 1
941 0
942 0
943 2
944 2
945 2
946 0
947 1
948 0
949 1
950 0
951 2
952 0
953 1
954 2
955 2
956 0
957 2
958 0
959 1
960 2
961 0
962 0
963 0
964 1
965 1
966 2
967 2
968 1
969 0
970 1
971 0
972 1
973 1
974 0
975 0
976 0
977 0
978 1
979 1
980 2
981 1
982 0
983 0
984 0
985 2
986 0
987 1
988 2
989 1
990 1
991 0
992 0
993 2
994 0
995 0
996 2
997 0
998 2
999 1
1000 0
1001 0
1002 0
1003 1
1004 1
1005 0
1006 0
1007 2
1008 0
1009 0
1010 2
1011 0
1012 0
1013 2
1014 0
1015 0
1016 0
1017 1
1018 0
1019 0
1020 2
1021 2
1022 2
1023 0
1024 0
1025 1
1026 0
1027 2
1028 0
1029 2
1030 0
1031 2
1032 0
1033 2
1034 2
1035 1
1036 1
1037 1
1038 0
1039 2
1040 0
1041 2
1042 2
1043 2
1044 0
1045 1
1046 0
1047 0
1048 0
1049 2
1050 0
1051 2
1052 2
1053 2
1054 0
1055 0
1056 2
1057 0
1058 0
1059 0
1060 2
1061 0
1062 0
1063 0
1064 1
1065 0
1066 0
1067 0
1068 0
1069 1
1070 0
1071 0
1072 1
1073 0
1074 2
1075 0
1076 0
1077 2
1078 2
1079 0
1080 1
1081 0
1082 0
1083 0
1084 0
1085 1
1086 2
1087 1
1088 1
1089 0
1090 2
1091 2
1092 1
1093 0
1094 0
1095 0
1096 2
1097 0
1098 0
1099 0
1100 0
1101 0
1102 0
1103 1
1104 2
1105 2
1106 1
1107 2
1108 0
1109 0
1110 2
1111 0
1112 0
1113 0
1114 0
1115 0
1116 0
