0 2
1 0
2 1
3 0
4 1
5 0
6 2
7 0
8 1
9 0
10 0
11 2
12 0
13 1
14 0
15 0
16 1
17 0
18 2
19 1
20 2
21 1
22 0
23 1
24 1
25 0
26 0
27 2
28 0
29 0
30 1
31 2
32 0
33 0
34 2
35 0
36 2
37 0
38 0
39 0
40 2
41 1
42 0
43 0
44 0
45 1
46 2
47 2
48 1
49 1
50 0
51 2
52 2
53 1
54 1
55 0
56 1
57 0
58 0
59 0
60 0
61 1
62 0
63 2
64 1
65 0
66 2
67 0
68 0
69 0
70 0
71 0
72 1
73 0
74 2
75 2
76 2
77 2
78 2
79 0
80 0
81 1
82 2
83 2
84 0
85 0
86 2
87 1
88 0
89 2
90 0
91 2
92 0
93 2
94 0
95 2
96 0
97 1
98 0
99 1
100 0
101 2
102 0
103 0
104 2
105 2
106 0
107 0
108 1
109 1
110 0
111 0
112 1
113 1
114 2
115 2
116 0
117 2
118 2
119 0
120 1
121 2
122 0
123 2
124 2
125 0
126 2
127 2
128 0
129 0
130 2
131 2
132 1
133 0
134 0
135 2
136 0
137 0
138 0
139 2
140 0
141 0
142 0
143 0
144 2
145 0
146 0
147 1
148 0
149 2
150 2
151 1
152 2
153 2
154 0
155 1
156 0
157 2
158 2
159 2
160 0
161 0
162 0
163 0
164 0
165 1
166 1
167 0
168 0
169 2
170 2
171 0
172 0
173 2
174 1
175 0
176 0
177 0
178 0
179 0
180 0
181 0
182 1
183 0
184 0
185 1
186 0
187 0
188 0
189 1
190 2
191 2
192 0
193 1
194 2
195 1
196 2
197 0
198 2
199 2
200 1
201 2
202 1
203 0
204 0
205 1
206 0
207 0
208 0
209 2
210 2
211 2
212 1
213 0
214 0
215 1
216 1
217 0
218 2
219 0
220 2
221 0
222 0
223 0
224 0
225 2
226 2
227 2
228 2
229 0
230 0
231 1
232 1
233 0
234 2
235 1
236 0
237 0
238 0
239 1
240 0
241 0
242 1
243 0
244 0
245 0
246 0
247 0
248 1
249 1
250 0
251 0
252 0
253 0
254 0
255 2
256 0
257 0
258 0
259 0
260 0
261 0
262 0
263 1
264 0
265 1
266 0
267 1
268 0
269 2
270 0
271 2
272 0
273 0
274 0
275 2
276 1
277 0
278 2
279 0
280 1
281 0
282 0
283 2
284 0
285 0
286 2
287 2
288 0
289 2
290 0
291 0
292 0
293 0
294 1
295 1
296 2
297 2
298 2
299 2
300 0
301 0
302 0
303 2
304 2
305 0
306 0
307 1
308 0
309 0
310 0
311 1
312 0
313 2
314 1
315 0
316 0
317 2
318 0
319 0
320 0
321 0
322 0
323 2
324 2
325 1
326 2
327 2
328 1
329 2
330 0
331 1
332 0
333 2
334 0
335 2
336 2
337 0
338 0
339 1
340 2
341 1
342 1
343 2
344 2
345 0
346 2
347 0
348 1
349 2
350 0
351 0
352 0
353 1
354 1
355 2
356 0
357 2
358 0
359 0
360 2
361 0
362 1
363 0
364 0
365 2
366 1
367 0
368 2
369 0
370 0
371 0
372 0
373 2
374 2
375 2
376 2
377 2
378 2
379 1
380 2
381 1
382 0
383 2
384 2
385 2
386 1
387 0
388 2
389 1
390 1
391 0
392 0
393 0
394 2
395 0
396 1
397 1
398 2
399 2
400 2
401 1
402 0
403 0
404 0
405 0
406 0
407 2
408 1
409 0
410 0
411 1
412 2
413 2
414 0
415 0
416 0
417 1
418 0
419 0
420 0
421 0
422 0
423 0
424 2
425 0
426 2
427 0
428 0
429 2
430 2
431 0
432 2
433 2
434 0
435 2
436 0
437 0
438 0
439 0
440 1
441 1
442 0
443 0
444 2
445 0
446 0
447 0
448 0
449 0
450 0
451 1
452 2
453 0
454 0
455 1
456 2
457 2
458 0
459 0
460 0
461 0
462 0
463 0
464 2
465 1
466 0
467 0
468 0
469 0
470 0
471 0
472 1
473 0
474 2
475 1
476 0
477 2
478 2
479 2
480 0
481 0
482 0
483 0
484 0
485 2
486 1
487 0
488 0
489 0
490 0
491 2
492 2
493 2
494 0
495 1
496 1
497 2
498 0
499 0
500 1
501 0
502 0
503 0
504 1
505 0
506 0
507 2
508 1
509 0
510 0
511 1
512 0
513 1
514 0
515 0
516 0
517 2
518 0
519 0
520 0
521 0
522 2
523 0
524 1
525 0
526 0
527 0
528 0
529 2
530 0
531 0
532 0
533 1
534 1
535 0
536 0
537 2
538 0
539 0
540 0
541 2
542 0
543 0
544 0
545 0
546 0
547 2
548 0
549 0
550 2
551 0
552 1
553 1
554 0
555 2
556 0
557 0
558 0
559 2
560 1
561 2
562 0
563 0
564 1
565 0
566 0
567 0
568 0
569 2
570 0
571 1
572 0
573 2
574 0
575 1
576 2
577 2
578 0
579 0
580 0
581 2
582 1
583 0
584 0
585 1
586 0
587 0
588 2
589 2
590 0
591 2
592 2
593 2
594 1
595 0
596 1
597 2
598 0
599 0
600 0
601 0
602 1
603 0
604 0
605 0
606 0
607 0
608 2
609 1
610 0
611 0
612 2
613 0
614 1
615 2
616 1
617 0
618 1
619 2
620 2
621 0
622 0
623 0
624 1
625 0
626 0
627 2
628 0
629 0
630 1
631 0
632 0
633 1
634 2
635 0
636 1
637 0
638 0
639 0
640 0
641 1
642 2
643 0
644 2
645 0
646 1
647 0
648 0
649 0
650 1
651 1
652 0
653 2
654 0
655 1
656 0
657 2
658 0
659 0
660 0
661 0
662 0
663 1
664 0
665 2
666 1
667 2
668 2
669 1
670 0
671 0
672 0
673 1
674 2
675 0
676 2
677 1
678 2
679 2
680 0
681 2
682 0
683 0
684 0
685 1
686 0
687 2
688 1
689 0
690 1
691 2
692 0
693 0
694 2
695 0
696 0
697 0
698 0
699 2
700 2
701 0
702 0
703 2
704 0
705 1
706 0
707 2
708 2
709 1
710 0
711 2
712 0
713 0
714 1
715 2
716 1
717 1
718 0
719 2
720 0
721 1
722 0
723 2
724 0
725 0
726 0
727 0
728 0
729 1
730 1
731 1
732 0
733 1
734 1
735 2
736 2
737 2
738 0
739 2
740 0
741 1
742 2
743 0
744 0
745 0
746 1
747 0
748 2
749 0
750 1
751 2
752 1
753 0
754 2
755 0
756 0
757 0
758 0
759 2
760 2
761 0
762 1
763 2
764 0
765 0
766 2
767 0
768 2
769 1
770 2
771 0
772 2
773 0
774 2
775 0
776 0
777 1
778 2
779 2
780 1
781 1
782 0
783 2
784 2
785 0
786 0
787 2
788 0
789 0
790 2
791 0
792 0
793 0
794 2
795 0
796 1
797 0
798 0
799 1
800 1
801 2
802 1
803 2
804 2
805 1
806 0
807 1
808 0
809 1
810 2
811 0
812 2
813 2
814 0
815 0
816 1
817 0
818 1
819 0
820 0
821 0
822 1
823 2
824 1
825 0
826 0
827 2
828 0
829 0
830 0
831 1
832 0
833 1
834 0
835 0
836 0
837 1
838 2
839 0
840 2
841 1
842 2
843 1
844 0
845 0
846 1
847 0
848 2
849 1
850 1
851 2
852 0
853 0
854 2
855 0
856 0
857 1
858 2
859 1
860 0
861 2
862 0
863 2
864 2
865 2
866 0
867 1
868 2
869 1
870 0
871 2
872 1
873 0
874 0
875 0
876 0
877 1
878 0
879 1
880 0
881 2
882 1
883 0
884 0
885 2
886 0
887 0
888 0
889 1
890 1
891 0
892 1
893 0
894 0
895 2
896 1
897 0
898 0
899 0
900 2
901 0
902 1
903 0
904 0
905 0
906 1
907 0
908 0
909 0
910 1
911 0
912 0
913 2
914 0
915 1
916 0
917 2
918 0
919 1
920 2
921 2
922 1
923 2
924 2
925 0
926 1
927 0
928 2
929 1
930 0
931 0
932 0
933 0
934 0
935 2
936 1
937 0
938 0
939 1
940 2
941 0
942 0
943 2
944 2
945 1
946 0
947 2
948 0
949 2
950 0
951 1
952 0
953 2
954 1
955 2
956 0
957 2
958 0
959 2
960 1
961 0
962 0
963 0
964 1
965 2
966 2
967 2
968 2
969 0
970 1
971 0
972 2
973 2
974 0
975 0
976 0
977 0
978 2
979 1
980 1
981 2
982 0
983 0
984 0
985 2
986 0
987 2
988 1
989 1
990 2
991 0
992 0
993 1
994 0
995 0
996 1
997 0
998 2
999 2
1000 0
1001 0
1002 0
1003 2
1004 1
1005 0
1006 0
1007 2
1008 0
1009 0
1010 1
1011 0
1012 0
1013 1
1014 0
1015 0
1016 0
1017 1
1018 0
1019 0
1020 1
1021 1
1022 1
1023 0
1024 0
1025 1
1026 0
1027 1
1028 0
1029 1
1030 0
1031 2
1032 0
1033 1
1034 2
1035 1
1036 1
1037 2
1038 0
1039 2
1040 0
1041 1
1042 1
1043 2
1044 0
1045 1
1046 0
1047 0
1048 0
1049 1
1050 0
1051 2
1052 2
1053 2
1054 0
1055 0
1056 2
1057 0
1058 0
1059 0
1060 2
1061 0
1062 0
1063 0
1064 2
1065 0
1066 0
1067 0
1068 0
1069 2
1070 0
1071 0
1072 1
1073 0
1074 1
1075 0
1076 0
1077 2
1078 1
1079 0
1080 1
1081 0
1082 0
1083 0
1084 0
1085 2
1086 2
1087 1
1088 2
1089 0
1090 1
1091 2
1092 1
1093 0
1094 0
1095 0
1096 2
1097 0
1098 0
1099 0
1100 0
1101 0
1102 0
1103 1
1104 1
1105 2
1106 1
1107 1
1108 0
1109 0
1110 2
1111 0
1112 0
1113 0
1114 0
1115 0
1116 0
