0 0
1 1
2 0
3 1
4 1
5 0
6 0
7 0
8 1
9 0
10 1
11 0
12 0
13 0
14 1
15 0
16 1
17 1
18 0
19 1
20 0
21 0
22 1
23 1
24 1
25 0
26 0
27 1
28 0
29 0
30 0
31 0
32 0
33 1
34 0
35 1
36 1
37 0
38 0
39 0
40 0
41 0
42 0
43 1
44 0
45 0
46 0
47 1
48 0
49 0
50 1
51 0
52 0
53 1
54 0
55 1
56 1
57 0
58 0
59 1
60 0
61 1
62 0
63 1
64 0
65 0
66 0
67 1
68 0
69 0
70 0
71 1
72 0
73 1
74 0
75 0
76 1
77 0
78 0
79 1
80 1
81 1
82 0
83 0
84 1
85 0
86 1
87 0
88 1
89 1
90 0
91 1
92 1
93 1
94 1
95 1
96 1
97 0
98 0
99 1
100 1
101 0
102 1
103 1
104 1
105 1
106 1
107 1
108 1
109 1
110 0
111 1
112 1
113 1
114 1
115 1
116 1
117 1
118 1
119 1
120 0
121 0
122 0
123 0
124 0
125 1
126 0
127 0
128 0
129 0
130 1
131 0
132 1
133 1
134 0
135 1
136 1
137 1
138 1
139 0
140 1
141 1
142 0
143 1
144 1
145 0
146 0
147 0
148 1
149 1
150 0
151 1
152 1
153 0
154 0
155 0
156 0
157 0
158 1
159 0
160 1
161 1
162 0
163 1
164 1
165 1
166 0
167 0
168 1
169 1
170 0
171 1
172 0
173 1
174 1
175 1
176 1
177 0
178 1
179 0
180 0
181 1
182 0
183 1
184 1
185 1
186 1
187 1
188 0
189 0
190 0
191 0
192 1
193 0
194 1
195 1
196 1
197 0
198 0
199 1
200 0
201 0
202 0
203 1
204 1
205 0
206 1
207 0
208 0
209 0
210 1
211 0
212 1
213 1
214 0
215 0
216 0
217 1
218 1
219 1
220 1
221 0
222 1
223 1
224 0
225 0
226 0
227 1
228 1
229 1
230 1
231 0
232 0
233 1
234 1
235 0
236 0
237 0
238 0
239 0
240 0
241 1
242 0
243 1
244 1
245 1
246 0
247 0
248 1
249 1
250 1
251 0
252 1
253 1
254 1
255 1
256 0
257 0
258 0
259 0
260 0
261 1
262 1
263 0
264 0
265 0
266 1
267 0
268 1
269 1
270 0
271 0
272 1
273 0
274 1
275 0
276 0
277 0
278 1
279 0
280 1
281 1
282 0
283 0
284 0
285 0
286 1
287 0
288 0
289 0
290 0
291 1
292 0
293 0
294 0
295 0
296 0
297 0
298 0
299 0
300 0
301 1
302 1
303 0
304 0
305 1
306 1
307 0
308 1
309 0
310 1
311 0
312 0
313 0
314 1
315 1
316 0
317 0
318 1
319 0
320 1
321 1
322 0
323 0
324 0
325 0
326 0
327 1
328 1
329 0
330 1
331 0
332 0
333 0
334 1
335 0
336 0
337 0
338 0
339 1
340 1
341 1
342 1
343 1
344 0
345 1
346 1
347 1
348 0
349 1
350 1
351 1
352 1
353 0
354 1
355 0
356 1
357 0
358 0
359 0
360 1
361 0
362 1
363 0
364 0
365 1
366 0
367 1
368 0
369 0
370 0
371 0
372 0
373 0
374 0
375 1
376 1
377 1
378 0
379 1
380 1
381 1
382 0
383 0
384 1
385 0
386 1
387 1
388 1
389 0
390 0
391 0
392 0
393 1
394 0
395 0
396 0
397 0
398 0
399 1
400 0
401 1
402 1
403 0
404 1
405 0
406 0
407 1
408 1
409 1
410 0
411 0
412 1
413 0
414 1
415 1
416 0
417 0
418 1
419 0
420 1
421 1
422 0
423 0
424 1
425 0
426 0
427 0
428 0
429 1
430 1
431 1
432 1
433 0
434 0
435 1
436 1
437 1
438 0
439 1
440 0
441 1
442 0
443 0
444 1
445 1
446 1
447 1
448 0
449 1
450 1
451 0
452 0
453 1
454 1
455 1
456 0
457 0
458 0
459 1
460 0
461 0
462 0
463 1
464 1
465 1
466 1
467 1
468 0
469 1
470 0
471 0
472 1
473 1
474 1
475 0
476 0
477 0
478 1
479 1
480 0
481 0
482 0
483 1
484 0
485 0
486 0
487 1
488 0
489 0
490 0
491 0
492 1
493 0
494 0
495 1
496 0
497 1
498 1
499 0
500 0
501 0
502 0
503 1
504 1
505 0
506 1
507 1
508 0
509 0
510 0
