0 0
1 0
2 0
3 2
4 0
5 2
6 0
7 0
8 2
9 2
10 1
11 1
12 0
13 0
14 0
15 0
16 1
17 2
18 0
19 2
20 2
21 0
22 2
23 1
24 0
25 0
26 0
27 2
28 2
29 0
30 0
31 0
32 1
33 2
34 0
35 0
36 0
37 0
38 1
39 0
40 0
41 2
42 0
43 0
44 2
45 2
46 2
47 0
48 0
49 2
50 1
51 0
52 0
53 2
54 0
55 0
56 2
57 2
58 0
59 0
60 0
61 0
62 2
63 0
64 2
65 2
66 0
67 2
68 0
69 2
70 0
71 0
72 1
73 0
74 0
75 0
76 0
77 0
78 0
79 0
80 0
81 1
82 1
83 2
84 2
85 0
86 0
87 0
88 2
89 2
90 2
91 0
92 2
93 0
94 2
95 0
96 0
97 0
98 0
99 2
100 2
101 0
102 2
103 1
104 0
105 0
106 0
107 0
108 0
109 0
110 2
111 0
112 2
113 0
114 2
115 0
116 0
117 2
118 0
119 0
120 0
121 0
122 0
123 2
124 0
125 1
126 0
127 0
128 2
129 0
130 1
131 2
132 2
133 0
134 0
135 1
136 0
137 2
138 0
139 0
140 2
141 1
142 1
143 0
144 0
145 0
146 0
147 2
148 0
149 1
150 0
151 0
152 2
153 0
154 0
155 0
156 1
157 0
158 0
159 2
160 0
161 0
162 2
163 2
164 0
165 0
166 0
167 1
168 0
169 0
170 2
171 0
172 0
173 0
174 2
175 0
176 1
177 0
178 0
179 0
180 0
181 0
182 2
183 0
184 0
185 0
186 0
187 2
188 0
189 0
190 1
191 2
192 2
193 2
194 0
195 0
196 0
197 0
198 0
199 0
200 1
201 2
202 0
203 2
204 0
205 2
206 0
207 0
208 0
209 0
210 2
211 2
212 0
213 2
214 2
215 0
216 0
217 2
218 0
219 2
220 1
221 0
222 2
223 2
224 1
225 0
226 0
227 0
228 0
229 0
230 2
231 2
232 0
233 1
234 2
235 0
236 0
237 2
238 0
239 0
240 0
241 0
242 2
243 0
244 0
245 0
246 1
247 2
248 2
249 0
250 0
251 0
252 1
253 0
254 0
255 0
256 0
257 0
258 1
259 0
260 2
261 0
262 0
263 0
264 2
265 2
266 0
267 0
268 2
269 0
270 0
271 1
272 0
273 1
274 0
275 0
276 0
277 0
278 2
279 2
280 2
281 0
282 0
283 2
284 2
285 0
286 0
287 0
288 0
289 2
290 1
291 0
292 0
293 0
294 2
295 2
296 2
297 0
298 2
299 2
300 0
301 1
302 2
303 1
304 2
305 0
306 0
307 1
308 0
309 0
310 2
311 2
312 0
313 0
314 2
315 0
316 2
317 0
318 0
319 1
320 0
321 0
322 2
323 2
324 1
325 0
326 0
327 0
328 0
329 2
330 2
331 0
332 0
333 0
334 0
335 0
336 0
337 2
338 0
339 0
340 0
341 0
342 2
343 2
344 0
345 0
346 2
347 1
348 2
349 0
350 2
351 0
352 2
353 0
354 0
355 0
356 0
357 1
358 0
359 0
360 2
361 0
362 2
363 0
364 0
365 2
366 2
367 2
368 0
369 2
370 0
371 2
372 2
373 2
374 0
375 0
376 0
377 2
378 0
379 2
380 0
381 0
382 2
383 0
384 0
385 0
386 0
387 0
388 0
389 2
390 0
391 0
392 0
393 0
394 0
395 2
396 0
397 0
398 1
399 2
400 0
401 2
402 2
403 0
404 2
405 0
406 0
407 0
408 2
409 1
410 0
411 0
412 0
413 0
414 0
415 0
416 1
417 2
418 0
419 2
420 1
421 0
422 0
423 0
424 2
425 2
426 2
427 2
428 2
429 0
430 0
431 2
432 2
433 2
434 0
435 0
436 2
437 0
438 2
439 0
440 0
441 0
442 1
443 0
444 0
445 0
446 2
447 2
448 2
449 0
450 0
451 0
452 2
453 1
454 0
455 0
456 1
457 1
458 0
459 0
460 0
461 2
462 2
463 2
464 0
465 1
466 0
467 2
468 1
469 0
470 1
471 0
472 0
473 0
474 2
475 0
476 2
477 2
478 2
479 0
480 2
481 2
482 0
483 1
484 0
485 1
486 1
487 0
488 1
489 2
490 2
491 2
492 0
493 1
494 2
495 2
496 2
497 0
498 1
499 0
500 2
501 0
502 0
503 0
504 0
505 2
506 1
507 2
508 1
509 0
510 0
511 2
512 1
513 0
514 0
515 0
516 2
517 1
518 1
519 1
520 2
521 1
522 1
523 2
524 0
525 0
526 2
527 2
528 0
529 2
530 2
531 2
532 0
533 0
534 0
535 0
536 0
537 0
538 2
539 0
540 1
541 0
542 0
543 0
544 0
545 0
546 0
547 2
548 0
549 1
550 0
551 0
552 0
553 0
554 2
555 0
556 1
557 0
558 2
559 0
560 2
561 2
562 0
563 2
564 0
565 0
566 2
567 0
568 2
569 2
570 0
571 0
572 0
573 0
574 2
575 2
576 0
577 0
578 2
579 2
580 2
581 2
582 0
583 2
584 2
585 0
586 2
587 0
588 2
589 1
590 0
591 2
592 0
593 2
594 2
595 2
596 1
597 0
598 0
599 0
600 2
601 1
602 0
603 2
604 0
605 0
606 2
607 0
608 0
609 0
610 1
611 0
612 0
613 2
614 0
615 0
616 1
617 0
618 0
619 1
620 0
621 0
622 0
623 0
624 0
625 0
626 0
627 0
628 0
629 2
630 1
631 2
632 0
633 2
634 2
635 2
636 0
637 2
638 0
639 2
640 0
641 2
642 0
643 0
644 2
645 0
646 0
647 0
648 2
649 0
650 0
651 0
652 0
653 0
654 1
655 2
656 2
657 2
658 0
659 0
660 2
661 2
662 2
663 2
664 1
665 2
666 0
667 0
668 0
669 1
670 2
671 0
672 0
673 0
674 0
675 0
676 0
677 2
678 0
679 2
680 1
681 0
682 2
683 2
684 0
685 0
686 0
687 1
688 0
689 0
690 2
691 0
692 2
693 0
694 1
695 0
696 0
697 0
698 0
699 0
700 0
701 2
702 0
703 0
704 2
705 0
706 1
707 0
708 2
709 0
710 1
711 2
712 0
713 2
714 0
715 0
716 0
717 1
718 0
719 0
720 0
721 2
722 1
723 2
724 0
725 1
726 0
727 0
728 0
729 1
730 0
731 2
732 1
733 0
734 1
735 0
736 2
737 2
738 2
739 0
740 0
741 0
742 0
743 0
744 0
745 0
746 0
747 0
748 0
749 0
750 0
751 0
752 0
753 2
754 0
755 0
756 1
757 1
758 0
759 0
760 0
761 2
762 0
763 2
764 1
765 2
766 0
767 2
768 0
769 2
770 0
771 0
772 2
773 0
774 2
775 0
776 1
777 0
778 0
779 2
780 0
781 2
782 2
783 0
784 2
785 0
786 0
787 1
788 2
789 2
790 2
791 0
792 0
793 0
794 0
795 0
796 0
797 0
798 0
799 2
800 2
801 2
802 0
803 0
804 0
805 0
806 0
807 0
808 0
809 2
810 0
811 0
812 1
813 0
814 0
815 0
816 0
817 2
818 0
819 1
820 0
821 2
822 2
823 2
824 0
825 2
826 0
827 0
828 0
829 1
830 0
831 2
832 0
833 2
834 2
835 2
836 1
837 0
838 0
839 1
840 0
841 2
842 1
843 0
844 0
845 2
846 0
847 2
848 0
849 0
850 0
851 0
852 0
853 1
854 0
855 2
856 2
857 1
858 2
859 2
860 1
861 0
862 0
863 0
864 2
865 2
866 0
867 0
868 1
869 2
870 0
871 0
872 0
873 0
874 1
875 0
876 0
877 0
878 0
879 2
880 0
881 2
882 0
883 2
884 0
885 0
886 2
887 0
888 2
889 2
890 0
891 0
892 2
893 2
894 0
895 2
896 0
897 2
898 0
899 0
900 2
901 2
902 2
903 1
904 2
905 2
906 2
907 2
908 1
909 2
910 2
911 0
912 2
913 0
914 0
915 1
916 0
917 0
918 0
919 2
920 2
921 2
922 2
923 0
924 1
925 0
926 2
927 2
928 0
929 2
930 2
931 0
932 2
933 0
934 2
935 2
936 0
937 1
938 2
939 0
940 0
941 2
942 0
943 0
944 0
945 1
946 0
947 2
948 0
949 1
950 0
951 2
952 2
953 0
954 0
955 0
956 0
957 2
958 0
959 2
960 1
961 1
962 2
963 2
964 2
965 0
966 0
967 0
968 0
969 1
970 0
971 0
972 0
973 1
974 2
975 2
976 0
977 2
978 1
979 2
980 2
981 0
982 2
983 2
984 0
985 2
986 2
987 0
988 0
989 1
990 0
991 0
992 0
993 2
994 0
995 1
996 2
997 2
998 0
999 0
1000 2
1001 2
1002 0
1003 2
1004 0
1005 2
1006 0
1007 0
1008 0
1009 0
1010 0
1011 2
1012 2
1013 0
1014 0
1015 0
1016 0
1017 0
1018 2
1019 1
1020 2
1021 1
1022 2
1023 2
1024 2
1025 0
1026 0
1027 2
1028 0
1029 2
1030 0
1031 1
1032 0
1033 0
1034 2
1035 1
1036 0
1037 2
1038 0
1039 0
1040 2
1041 0
1042 2
1043 0
1044 2
1045 0
1046 1
1047 2
1048 2
1049 0
1050 2
1051 0
1052 2
1053 0
1054 2
1055 2
1056 2
1057 0
1058 2
1059 1
1060 0
1061 0
1062 0
1063 2
1064 0
1065 0
1066 2
1067 0
1068 0
1069 0
1070 0
1071 0
1072 2
1073 1
1074 2
1075 2
1076 2
1077 2
1078 1
1079 0
1080 2
1081 2
1082 2
1083 0
1084 0
1085 2
1086 1
1087 2
1088 0
1089 0
1090 1
1091 2
1092 2
1093 1
1094 0
1095 2
1096 0
1097 0
1098 0
1099 2
1100 2
1101 0
1102 2
1103 0
1104 1
1105 1
1106 0
1107 2
1108 2
1109 1
1110 1
1111 1
1112 0
1113 0
1114 0
1115 0
1116 0
1117 2
1118 2
1119 0
1120 0
1121 2
1122 0
1123 1
1124 0
1125 0
1126 1
1127 2
1128 2
1129 2
1130 0
1131 2
1132 2
1133 1
1134 2
1135 0
1136 0
1137 2
1138 0
1139 2
1140 0
1141 0
1142 1
1143 2
1144 2
1145 0
1146 0
1147 0
1148 2
1149 0
1150 2
1151 2
1152 0
1153 2
1154 0
1155 0
1156 0
1157 0
1158 2
1159 2
1160 0
1161 0
1162 0
1163 1
1164 0
1165 2
1166 2
1167 2
1168 2
1169 0
1170 0
1171 0
1172 2
1173 2
1174 0
1175 2
1176 0
1177 2
1178 0
1179 2
1180 0
1181 2
1182 2
1183 2
1184 0
1185 2
1186 2
1187 2
1188 0
1189 2
1190 2
1191 1
1192 0
1193 0
1194 0
1195 2
1196 0
1197 0
1198 0
1199 0
1200 2
1201 0
1202 2
1203 2
1204 0
1205 0
1206 2
1207 0
1208 0
1209 0
1210 2
1211 0
1212 1
1213 0
1214 1
1215 2
1216 0
1217 0
1218 0
1219 0
1220 0
1221 1
1222 0
1223 0
1224 2
1225 2
1226 2
1227 2
1228 0
1229 2
1230 0
1231 0
1232 0
1233 2
1234 2
1235 2
1236 0
1237 0
1238 0
1239 0
1240 0
1241 2
1242 2
1243 2
1244 2
1245 1
1246 0
1247 2
1248 2
1249 0
1250 1
1251 0
1252 0
1253 0
1254 2
1255 2
1256 0
1257 0
1258 0
1259 2
1260 0
1261 2
1262 0
1263 0
1264 2
1265 2
1266 0
1267 0
1268 1
1269 0
1270 2
1271 2
1272 2
1273 2
1274 0
1275 0
1276 0
1277 2
1278 2
1279 2
1280 2
1281 2
1282 0
1283 0
1284 0
1285 2
1286 0
1287 2
1288 0
1289 2
1290 0
1291 1
1292 2
1293 2
1294 1
1295 0
1296 0
1297 0
1298 0
1299 0
1300 2
1301 0
1302 0
1303 0
1304 0
1305 0
1306 2
1307 0
1308 1
1309 2
1310 0
1311 2
1312 0
1313 2
1314 2
1315 2
1316 2
1317 2
1318 2
1319 2
1320 0
1321 0
1322 2
1323 2
1324 0
1325 2
1326 2
1327 0
1328 0
1329 0
1330 2
1331 1
1332 2
1333 0
1334 0
1335 0
1336 1
1337 0
1338 1
1339 1
1340 2
1341 0
1342 0
1343 0
1344 2
1345 0
1346 1
1347 0
1348 0
1349 0
1350 2
1351 2
1352 0
1353 2
1354 0
1355 0
1356 2
1357 0
1358 2
1359 0
1360 0
1361 2
1362 1
1363 1
1364 2
1365 0
1366 0
1367 2
1368 0
1369 0
1370 0
1371 0
1372 0
1373 2
1374 1
1375 0
1376 1
1377 0
1378 0
1379 2
1380 0
1381 0
1382 0
1383 1
1384 0
1385 0
1386 0
1387 0
1388 2
1389 2
1390 0
1391 0
1392 0
1393 2
1394 1
1395 0
1396 0
1397 0
1398 2
1399 0
1400 2
1401 0
1402 0
1403 0
1404 0
1405 1
1406 0
1407 2
1408 2
1409 0
1410 0
1411 0
1412 2
1413 2
1414 0
1415 2
1416 2
1417 2
1418 2
1419 2
1420 2
1421 2
