0 0
1 0
2 0
3 2
4 0
5 1
6 0
7 0
8 2
9 1
10 1
11 2
12 0
13 0
14 0
15 0
16 1
17 2
18 0
19 2
20 2
21 0
22 2
23 1
24 0
25 0
26 0
27 2
28 1
29 0
30 0
31 0
32 2
33 2
34 0
35 0
36 0
37 0
38 1
39 0
40 0
41 1
42 0
43 0
44 2
45 1
46 2
47 0
48 0
49 2
50 2
51 0
52 0
53 1
54 0
55 0
56 2
57 2
58 0
59 0
60 0
61 0
62 2
63 0
64 2
65 2
66 0
67 2
68 0
69 2
70 0
71 0
72 2
73 0
74 0
75 0
76 0
77 0
78 0
79 0
80 0
81 2
82 2
83 2
84 2
85 0
86 0
87 0
88 2
89 1
90 2
91 0
92 2
93 0
94 2
95 0
96 0
97 0
98 0
99 2
100 1
101 0
102 2
103 1
104 0
105 0
106 0
107 0
108 0
109 0
110 2
111 0
112 2
113 0
114 1
115 0
116 0
117 1
118 0
119 0
120 0
121 0
122 0
123 2
124 0
125 2
126 0
127 0
128 2
129 0
130 2
131 2
132 2
133 0
134 0
135 2
136 0
137 2
138 0
139 0
140 2
141 2
142 2
143 0
144 0
145 0
146 0
147 2
148 0
149 1
150 0
151 0
152 2
153 0
154 0
155 0
156 2
157 0
158 0
159 2
160 0
161 0
162 2
163 2
164 0
165 0
166 0
167 2
168 0
169 0
170 1
171 0
172 0
173 0
174 1
175 0
176 2
177 0
178 0
179 0
180 0
181 0
182 2
183 0
184 0
185 0
186 0
187 2
188 0
189 0
190 1
191 2
192 2
193 2
194 0
195 0
196 0
197 0
198 0
199 0
200 2
201 2
202 0
203 2
204 0
205 2
206 0
207 0
208 0
209 0
210 2
211 2
212 0
213 1
214 2
215 0
216 0
217 2
218 0
219 2
220 2
221 0
222 2
223 2
224 2
225 0
226 0
227 0
228 0
229 0
230 2
231 2
232 0
233 1
234 2
235 0
236 0
237 2
238 0
239 0
240 0
241 0
242 2
243 0
244 0
245 0
246 2
247 2
248 2
249 0
250 0
251 0
252 1
253 0
254 0
255 0
256 0
257 0
258 2
259 0
260 2
261 0
262 0
263 0
264 2
265 1
266 0
267 0
268 2
269 0
270 0
271 1
272 0
273 2
274 0
275 0
276 0
277 0
278 2
279 2
280 2
281 0
282 0
283 1
284 2
285 0
286 0
287 0
288 0
289 1
290 2
291 0
292 0
293 0
294 2
295 2
296 2
297 0
298 2
299 2
300 0
301 2
302 2
303 2
304 2
305 0
306 0
307 2
308 0
309 0
310 2
311 2
312 0
313 0
314 2
315 0
316 2
317 0
318 0
319 1
320 0
321 0
322 2
323 2
324 1
325 0
326 0
327 0
328 0
329 2
330 2
331 0
332 0
333 0
334 0
335 0
336 0
337 2
338 0
339 0
340 0
341 0
342 2
343 2
344 0
345 0
346 2
347 1
348 2
349 0
350 2
351 0
352 2
353 0
354 0
355 0
356 0
357 2
358 0
359 0
360 2
361 0
362 2
363 0
364 0
365 2
366 1
367 2
368 0
369 2
370 0
371 2
372 2
373 2
374 0
375 0
376 0
377 1
378 0
379 2
380 0
381 0
382 2
383 0
384 0
385 0
386 0
387 0
388 0
389 2
390 0
391 0
392 0
393 0
394 0
395 2
396 0
397 0
398 2
399 2
400 0
401 1
402 1
403 0
404 2
405 0
406 0
407 0
408 2
409 2
410 0
411 0
412 0
413 0
414 0
415 0
416 2
417 1
418 0
419 2
420 2
421 0
422 0
423 0
424 2
425 2
426 1
427 2
428 2
429 0
430 0
431 2
432 2
433 2
434 0
435 0
436 2
437 0
438 2
439 0
440 0
441 0
442 2
443 0
444 0
445 0
446 1
447 2
448 2
449 0
450 0
451 0
452 1
453 2
454 0
455 0
456 2
457 2
458 0
459 0
460 0
461 2
462 2
463 2
464 0
465 2
466 0
467 1
468 1
469 0
470 1
471 0
472 0
473 0
474 1
475 0
476 2
477 1
478 2
479 0
480 2
481 2
482 0
483 2
484 0
485 2
486 2
487 0
488 2
489 2
490 2
491 2
492 0
493 2
494 1
495 2
496 2
497 0
498 2
499 0
500 1
501 0
502 0
503 0
504 0
505 2
506 2
507 1
508 2
509 0
510 0
511 1
512 2
513 0
514 0
515 0
516 2
517 2
518 2
519 1
520 2
521 1
522 2
523 2
524 0
525 0
526 1
527 2
528 0
529 2
530 1
531 1
532 0
533 0
534 0
535 0
536 0
537 0
538 2
539 0
540 2
541 0
542 0
543 0
544 0
545 0
546 0
547 2
548 0
549 2
550 0
551 0
552 0
553 0
554 2
555 0
556 1
557 0
558 1
559 0
560 2
561 2
562 0
563 1
564 0
565 0
566 1
567 0
568 1
569 2
570 0
571 0
572 0
573 0
574 2
575 1
576 0
577 0
578 2
579 2
580 2
581 2
582 0
583 2
584 2
585 0
586 2
587 0
588 2
589 2
590 0
591 2
592 0
593 2
594 2
595 1
596 2
597 0
598 0
599 0
600 1
601 2
602 0
603 1
604 0
605 0
606 2
607 0
608 0
609 0
610 1
611 0
612 0
613 2
614 0
615 0
616 1
617 0
618 0
619 1
620 0
621 0
622 0
623 0
624 0
625 0
626 0
627 0
628 0
629 1
630 2
631 2
632 0
633 2
634 2
635 1
636 0
637 1
638 0
639 1
640 0
641 2
642 0
643 0
644 2
645 0
646 0
647 0
648 2
649 0
650 0
651 0
652 0
653 0
654 2
655 1
656 2
657 1
658 0
659 0
660 2
661 2
662 2
663 2
664 1
665 1
666 0
667 0
668 0
669 2
670 2
671 0
672 0
673 0
674 0
675 0
676 0
677 2
678 0
679 2
680 2
681 0
682 2
683 2
684 0
685 0
686 0
687 2
688 0
689 0
690 2
691 0
692 2
693 0
694 2
695 0
696 0
697 0
698 0
699 0
700 0
701 1
702 0
703 0
704 1
705 0
706 1
707 0
708 2
709 0
710 2
711 1
712 0
713 2
714 0
715 0
716 0
717 2
718 0
719 0
720 0
721 2
722 2
723 2
724 0
725 2
726 0
727 0
728 0
729 2
730 0
731 2
732 2
733 0
734 2
735 0
736 2
737 2
738 2
739 0
740 0
741 0
742 0
743 0
744 0
745 0
746 0
747 0
748 0
749 0
750 0
751 0
752 0
753 2
754 0
755 0
756 2
757 1
758 0
759 0
760 0
761 1
762 0
763 1
764 2
765 2
766 0
767 2
768 0
769 2
770 0
771 0
772 2
773 0
774 2
775 0
776 1
777 0
778 0
779 2
780 0
781 2
782 2
783 0
784 2
785 0
786 0
787 2
788 2
789 2
790 1
791 0
792 0
793 0
794 0
795 0
796 0
797 0
798 0
799 2
800 2
801 2
802 0
803 0
804 0
805 0
806 0
807 0
808 0
809 1
810 0
811 0
812 1
813 0
814 0
815 0
816 0
817 1
818 0
819 2
820 0
821 2
822 2
823 2
824 0
825 2
826 0
827 0
828 0
829 2
830 0
831 1
832 0
833 1
834 2
835 2
836 2
837 0
838 0
839 2
840 0
841 1
842 2
843 0
844 0
845 2
846 0
847 2
848 0
849 0
850 0
851 0
852 0
853 2
854 0
855 1
856 2
857 1
858 1
859 1
860 2
861 0
862 0
863 0
864 2
865 2
866 0
867 0
868 2
869 1
870 0
871 0
872 0
873 0
874 2
875 0
876 0
877 0
878 0
879 1
880 0
881 1
882 0
883 1
884 0
885 0
886 2
887 0
888 2
889 1
890 0
891 0
892 2
893 2
894 0
895 1
896 0
897 2
898 0
899 0
900 2
901 2
902 2
903 2
904 2
905 2
906 1
907 2
908 1
909 2
910 1
911 0
912 2
913 0
914 0
915 1
916 0
917 0
918 0
919 1
920 2
921 1
922 2
923 0
924 2
925 0
926 1
927 2
928 0
929 2
930 2
931 0
932 2
933 0
934 2
935 1
936 0
937 1
938 2
939 0
940 0
941 1
942 0
943 0
944 0
945 2
946 0
947 1
948 0
949 2
950 0
951 2
952 1
953 0
954 0
955 0
956 0
957 1
958 0
959 2
960 2
961 2
962 2
963 2
964 1
965 0
966 0
967 0
968 0
969 1
970 0
971 0
972 0
973 2
974 2
975 1
976 0
977 2
978 1
979 2
980 2
981 0
982 2
983 2
984 0
985 2
986 2
987 0
988 0
989 1
990 0
991 0
992 0
993 2
994 0
995 2
996 2
997 2
998 0
999 0
1000 2
1001 2
1002 0
1003 1
1004 0
1005 2
1006 0
1007 0
1008 0
1009 0
1010 0
1011 2
1012 1
1013 0
1014 0
1015 0
1016 0
1017 0
1018 2
1019 2
1020 1
1021 2
1022 1
1023 2
1024 2
1025 0
1026 0
1027 1
1028 0
1029 2
1030 0
1031 1
1032 0
1033 0
1034 1
1035 2
1036 0
1037 2
1038 0
1039 0
1040 2
1041 0
1042 1
1043 0
1044 2
1045 0
1046 2
1047 2
1048 1
1049 0
1050 2
1051 0
1052 1
1053 0
1054 2
1055 2
1056 2
1057 0
1058 2
1059 2
1060 0
1061 0
1062 0
1063 1
1064 0
1065 0
1066 1
1067 0
1068 0
1069 0
1070 0
1071 0
1072 2
1073 2
1074 2
1075 2
1076 2
1077 2
1078 2
1079 0
1080 2
1081 1
1082 2
1083 0
1084 0
1085 1
1086 2
1087 2
1088 0
1089 0
1090 1
1091 2
1092 1
1093 2
1094 0
1095 2
1096 0
1097 0
1098 0
1099 2
1100 2
1101 0
1102 1
1103 0
1104 2
1105 1
1106 0
1107 2
1108 2
1109 2
1110 2
1111 2
1112 0
1113 0
1114 0
1115 0
1116 0
1117 1
1118 2
1119 0
1120 0
1121 2
1122 0
1123 2
1124 0
1125 0
1126 2
1127 2
1128 2
1129 2
1130 0
1131 2
1132 2
1133 2
1134 1
1135 0
1136 0
1137 1
1138 0
1139 2
1140 0
1141 0
1142 2
1143 2
1144 1
1145 0
1146 0
1147 0
1148 2
1149 0
1150 2
1151 2
1152 0
1153 2
1154 0
1155 0
1156 0
1157 0
1158 2
1159 2
1160 0
1161 0
1162 0
1163 1
1164 0
1165 2
1166 2
1167 2
1168 2
1169 0
1170 0
1171 0
1172 2
1173 1
1174 0
1175 1
1176 0
1177 2
1178 0
1179 2
1180 0
1181 2
1182 2
1183 2
1184 0
1185 2
1186 2
1187 1
1188 0
1189 1
1190 1
1191 2
1192 0
1193 0
1194 0
1195 1
1196 0
1197 0
1198 0
1199 0
1200 2
1201 0
1202 2
1203 2
1204 0
1205 0
1206 1
1207 0
1208 0
1209 0
1210 2
1211 0
1212 2
1213 0
1214 2
1215 2
1216 0
1217 0
1218 0
1219 0
1220 0
1221 2
1222 0
1223 0
1224 2
1225 2
1226 2
1227 1
1228 0
1229 2
1230 0
1231 0
1232 0
1233 2
1234 2
1235 2
1236 0
1237 0
1238 0
1239 0
1240 0
1241 2
1242 1
1243 2
1244 2
1245 1
1246 0
1247 2
1248 2
1249 0
1250 2
1251 0
1252 0
1253 0
1254 2
1255 1
1256 0
1257 0
1258 0
1259 2
1260 0
1261 2
1262 0
1263 0
1264 2
1265 2
1266 0
1267 0
1268 2
1269 0
1270 2
1271 2
1272 2
1273 2
1274 0
1275 0
1276 0
1277 2
1278 2
1279 1
1280 2
1281 2
1282 0
1283 0
1284 0
1285 2
1286 0
1287 2
1288 0
1289 1
1290 0
1291 2
1292 2
1293 2
1294 2
1295 0
1296 0
1297 0
1298 0
1299 0
1300 2
1301 0
1302 0
1303 0
1304 0
1305 0
1306 2
1307 0
1308 2
1309 2
1310 0
1311 2
1312 0
1313 2
1314 2
1315 2
1316 1
1317 1
1318 1
1319 2
1320 0
1321 0
1322 2
1323 2
1324 0
1325 2
1326 2
1327 0
1328 0
1329 0
1330 2
1331 1
1332 2
1333 0
1334 0
1335 0
1336 2
1337 0
1338 1
1339 2
1340 2
1341 0
1342 0
1343 0
1344 2
1345 0
1346 2
1347 0
1348 0
1349 0
1350 1
1351 2
1352 0
1353 2
1354 0
1355 0
1356 2
1357 0
1358 2
1359 0
1360 0
1361 2
1362 2
1363 2
1364 2
1365 0
1366 0
1367 2
1368 0
1369 0
1370 0
1371 0
1372 0
1373 2
1374 2
1375 0
1376 2
1377 0
1378 0
1379 2
1380 0
1381 0
1382 0
1383 2
1384 0
1385 0
1386 0
1387 0
1388 2
1389 1
1390 0
1391 0
1392 0
1393 1
1394 2
1395 0
1396 0
1397 0
1398 2
1399 0
1400 2
1401 0
1402 0
1403 0
1404 0
1405 2
1406 0
1407 1
1408 2
1409 0
1410 0
1411 0
1412 2
1413 2
1414 0
1415 1
1416 2
1417 2
1418 2
1419 2
1420 2
1421 2
