0 2
1 0
2 1
3 1
4 1
5 0
6 0
7 1
8 2
9 1
10 1
11 0
12 1
13 0
14 1
15 1
16 1
17 1
18 2
19 0
20 0
21 1
22 1
23 2
24 0
25 2
26 1
27 2
28 0
29 1
30 0
31 1
32 0
33 2
34 0
35 1
36 0
37 0
38 0
39 2
40 2
41 2
42 2
43 2
44 1
45 2
46 0
47 2
48 0
49 1
50 0
51 1
52 2
53 1
54 2
55 1
56 0
57 2
58 2
59 2
60 0
61 0
62 1
63 2
64 0
65 1
66 2
67 1
68 0
69 2
70 1
71 0
72 0
73 2
74 0
75 1
76 1
77 0
78 0
79 1
80 0
81 1
82 0
83 2
84 2
85 0
86 0
87 0
88 0
89 1
90 1
91 1
92 2
93 0
94 0
95 1
96 1
97 0
98 1
99 2
100 0
101 2
102 2
103 2
104 0
105 2
106 2
107 2
108 0
109 0
110 1
111 1
112 1
113 0
114 0
115 1
116 2
117 0
118 1
119 1
120 2
121 0
122 0
123 1
124 1
125 2
126 0
127 2
128 0
129 0
130 1
131 1
132 0
133 1
134 0
135 1
136 1
137 2
138 0
139 1
140 1
141 1
142 0
143 2
144 2
145 1
146 0
147 1
148 1
149 2
150 0
151 2
152 0
153 0
154 2
155 2
156 1
157 2
158 0
159 2
160 1
161 2
162 2
163 0
164 1
165 0
166 1
167 0
168 1
169 1
170 0
171 1
172 1
173 1
174 1
175 2
176 1
177 0
178 0
179 1
180 1
181 0
182 0
183 2
184 1
185 0
186 2
187 0
188 0
189 0
190 1
191 0
192 0
193 1
194 0
195 1
196 2
197 1
198 2
199 2
200 1
201 0
202 0
203 2
204 1
205 1
206 2
207 1
208 0
209 0
210 2
211 0
212 1
213 0
214 0
215 2
216 1
217 0
218 0
219 0
220 0
221 0
222 1
223 2
224 2
225 2
226 0
227 2
228 0
229 2
230 0
231 1
232 0
233 2
234 2
235 0
236 0
237 0
238 1
239 1
240 1
241 0
242 0
243 0
244 1
245 2
246 2
247 0
248 1
249 0
250 1
251 0
252 0
253 2
254 0
255 2
256 0
257 1
258 0
259 1
260 0
261 0
262 0
263 0
264 0
265 0
266 0
267 0
268 0
269 1
270 1
271 2
272 1
273 2
274 2
275 0
276 1
277 1
278 0
279 2
280 1
281 0
282 0
283 1
284 1
285 0
286 1
287 0
288 2
289 0
290 0
291 0
