0 1
1 0
2 2
3 1
4 1
5 0
6 0
7 1
8 1
9 2
10 1
11 0
12 1
13 0
14 1
15 2
16 2
17 2
18 1
19 0
20 0
21 2
22 1
23 1
24 0
25 1
26 2
27 1
28 0
29 1
30 0
31 2
32 0
33 2
34 0
35 2
36 0
37 0
38 0
39 1
40 1
41 2
42 1
43 1
44 1
45 2
46 0
47 2
48 0
49 2
50 0
51 2
52 2
53 2
54 1
55 1
56 0
57 2
58 2
59 1
60 0
61 0
62 1
63 2
64 0
65 1
66 1
67 1
68 0
69 1
70 1
71 0
72 0
73 2
74 0
75 2
76 1
77 0
78 0
79 1
80 0
81 1
82 0
83 2
84 1
85 0
86 0
87 0
88 0
89 1
90 1
91 1
92 1
93 0
94 0
95 1
96 2
97 0
98 1
99 2
100 0
101 1
102 2
103 1
104 0
105 1
106 1
107 1
108 0
109 0
110 2
111 1
112 2
113 0
114 0
115 1
116 2
117 0
118 2
119 2
120 1
121 0
122 0
123 2
124 2
125 1
126 0
127 1
128 0
129 0
130 1
131 2
132 0
133 1
134 0
135 2
136 1
137 2
138 0
139 2
140 1
141 1
142 0
143 2
144 1
145 1
146 0
147 2
148 2
149 2
150 0
151 1
152 0
153 0
154 1
155 2
156 1
157 1
158 0
159 2
160 1
161 2
162 1
163 0
164 1
165 0
166 2
167 0
168 1
169 2
170 0
171 1
172 1
173 2
174 2
175 1
176 2
177 0
178 0
179 1
180 1
181 0
182 0
183 1
184 1
185 0
186 1
187 0
188 0
189 0
190 1
191 0
192 0
193 2
194 0
195 1
196 2
197 2
198 2
199 2
200 1
201 0
202 0
203 2
204 2
205 2
206 1
207 1
208 0
209 0
210 1
211 0
212 2
213 0
214 0
215 1
216 2
217 0
218 0
219 0
220 0
221 0
222 1
223 1
224 1
225 2
226 0
227 1
228 0
229 2
230 0
231 1
232 0
233 2
234 2
235 0
236 0
237 0
238 2
239 1
240 1
241 0
242 0
243 0
244 1
245 2
246 1
247 0
248 2
249 0
250 1
251 0
252 0
253 2
254 0
255 1
256 0
257 1
258 0
259 2
260 0
261 0
262 0
263 0
264 0
265 0
266 0
267 0
268 0
269 2
270 1
271 1
272 2
273 2
274 2
275 0
276 1
277 1
278 0
279 1
280 1
281 0
282 0
283 2
284 2
285 0
286 1
287 0
288 1
289 0
290 0
291 0
