0 2
1 0
2 2
3 2
4 2
5 0
6 0
7 1
8 1
9 1
10 2
11 0
12 1
13 0
14 2
15 2
16 2
17 1
18 1
19 0
20 0
21 2
22 1
23 2
24 0
25 1
26 1
27 1
28 0
29 2
30 0
31 1
32 0
33 1
34 0
35 1
36 0
37 0
38 0
39 1
40 2
41 1
42 1
43 2
44 1
45 1
46 0
47 1
48 0
49 2
50 0
51 1
52 2
53 1
54 2
55 1
56 0
57 2
58 1
59 1
60 0
61 0
62 1
63 1
64 0
65 1
66 1
67 2
68 0
69 2
70 2
71 0
72 0
73 1
74 0
75 2
76 2
77 0
78 0
79 2
80 0
81 1
82 0
83 1
84 1
85 0
86 0
87 0
88 0
89 1
90 1
91 2
92 2
93 0
94 0
95 1
96 2
97 0
98 1
99 1
100 0
101 2
102 2
103 1
104 0
105 1
106 2
107 1
108 0
109 0
110 1
111 2
112 2
113 0
114 0
115 1
116 1
117 0
118 1
119 2
120 1
121 0
122 0
123 2
124 2
125 2
126 0
127 1
128 0
129 0
130 2
131 1
132 0
133 2
134 0
135 1
136 1
137 1
138 0
139 1
140 1
141 1
142 0
143 2
144 1
145 2
146 0
147 1
148 1
149 2
150 0
151 1
152 0
153 0
154 1
155 1
156 2
157 2
158 0
159 1
160 2
161 1
162 2
163 0
164 2
165 0
166 1
167 0
168 2
169 2
170 0
171 2
172 1
173 1
174 2
175 1
176 1
177 0
178 0
179 1
180 1
181 0
182 0
183 2
184 1
185 0
186 2
187 0
188 0
189 0
190 1
191 0
192 0
193 2
194 0
195 1
196 2
197 2
198 2
199 1
200 1
201 0
202 0
203 1
204 1
205 1
206 1
207 2
208 0
209 0
210 2
211 0
212 2
213 0
214 0
215 1
216 1
217 0
218 0
219 0
220 0
221 0
222 1
223 1
224 2
225 1
226 0
227 1
228 0
229 1
230 0
231 1
232 0
233 2
234 1
235 0
236 0
237 0
238 1
239 2
240 1
241 0
242 0
243 0
244 2
245 1
246 1
247 0
248 1
249 0
250 2
251 0
252 0
253 2
254 0
255 1
256 0
257 2
258 0
259 2
260 0
261 0
262 0
263 0
264 0
265 0
266 0
267 0
268 0
269 1
270 2
271 1
272 2
273 2
274 2
275 0
276 2
277 1
278 0
279 2
280 1
281 0
282 0
283 1
284 2
285 0
286 2
287 0
288 1
289 0
290 0
291 0
