0 2
1 0
2 2
3 1
4 1
5 0
6 0
7 1
8 2
9 2
10 2
11 0
12 2
13 0
14 2
15 1
16 1
17 2
18 1
19 0
20 0
21 2
22 2
23 2
24 0
25 2
26 2
27 2
28 0
29 1
30 0
31 2
32 0
33 2
34 0
35 2
36 0
37 0
38 0
39 2
40 1
41 1
42 1
43 1
44 2
45 2
46 0
47 1
48 0
49 1
50 0
51 1
52 1
53 1
54 2
55 2
56 0
57 1
58 1
59 1
60 0
61 0
62 2
63 2
64 0
65 2
66 1
67 1
68 0
69 1
70 2
71 0
72 0
73 1
74 0
75 1
76 2
77 0
78 0
79 1
80 0
81 2
82 0
83 2
84 1
85 0
86 0
87 0
88 0
89 1
90 2
91 2
92 2
93 0
94 0
95 2
96 1
97 0
98 1
99 1
100 0
101 2
102 2
103 1
104 0
105 2
106 1
107 2
108 0
109 0
110 2
111 1
112 1
113 0
114 0
115 2
116 2
117 0
118 1
119 2
120 1
121 0
122 0
123 1
124 2
125 2
126 0
127 1
128 0
129 0
130 1
131 1
132 0
133 1
134 0
135 1
136 1
137 2
138 0
139 1
140 1
141 2
142 0
143 1
144 2
145 1
146 0
147 1
148 1
149 1
150 0
151 1
152 0
153 0
154 1
155 2
156 1
157 1
158 0
159 2
160 1
161 2
162 1
163 0
164 1
165 0
166 1
167 0
168 2
169 1
170 0
171 1
172 2
173 1
174 2
175 2
176 2
177 0
178 0
179 1
180 1
181 0
182 0
183 2
184 2
185 0
186 1
187 0
188 0
189 0
190 1
191 0
192 0
193 1
194 0
195 1
196 1
197 2
198 2
199 1
200 1
201 0
202 0
203 1
204 1
205 1
206 1
207 1
208 0
209 0
210 1
211 0
212 1
213 0
214 0
215 1
216 2
217 0
218 0
219 0
220 0
221 0
222 2
223 1
224 1
225 2
226 0
227 1
228 0
229 1
230 0
231 1
232 0
233 2
234 1
235 0
236 0
237 0
238 2
239 2
240 1
241 0
242 0
243 0
244 2
245 2
246 2
247 0
248 2
249 0
250 2
251 0
252 0
253 2
254 0
255 1
256 0
257 1
258 0
259 1
260 0
261 0
262 0
263 0
264 0
265 0
266 0
267 0
268 0
269 2
270 1
271 1
272 2
273 2
274 1
275 0
276 1
277 1
278 0
279 2
280 1
281 0
282 0
283 1
284 1
285 0
286 1
287 0
288 1
289 0
290 0
291 0
