0 2
1 0
2 2
3 2
4 1
5 0
6 0
7 2
8 2
9 1
10 1
11 0
12 2
13 0
14 1
15 1
16 1
17 2
18 1
19 0
20 0
21 2
22 1
23 2
24 0
25 1
26 2
27 2
28 0
29 2
30 0
31 2
32 0
33 2
34 0
35 1
36 0
37 0
38 0
39 2
40 1
41 1
42 1
43 2
44 2
45 1
46 0
47 2
48 0
49 1
50 0
51 2
52 1
53 1
54 2
55 2
56 0
57 2
58 1
59 2
60 0
61 0
62 2
63 1
64 0
65 2
66 1
67 1
68 0
69 1
70 1
71 0
72 0
73 2
74 0
75 2
76 1
77 0
78 0
79 1
80 0
81 1
82 0
83 2
84 2
85 0
86 0
87 0
88 0
89 2
90 1
91 2
92 1
93 0
94 0
95 1
96 1
97 0
98 2
99 1
100 0
101 2
102 2
103 2
104 0
105 1
106 1
107 1
108 0
109 0
110 1
111 1
112 1
113 0
114 0
115 2
116 2
117 0
118 1
119 2
120 2
121 0
122 0
123 1
124 2
125 2
126 0
127 1
128 0
129 0
130 1
131 1
132 0
133 2
134 0
135 1
136 1
137 1
138 0
139 1
140 1
141 1
142 0
143 1
144 1
145 2
146 0
147 1
148 1
149 2
150 0
151 1
152 0
153 0
154 1
155 2
156 2
157 2
158 0
159 2
160 2
161 1
162 2
163 0
164 1
165 0
166 2
167 0
168 2
169 2
170 0
171 2
172 2
173 1
174 2
175 1
176 2
177 0
178 0
179 1
180 1
181 0
182 0
183 1
184 1
185 0
186 1
187 0
188 0
189 0
190 2
191 0
192 0
193 1
194 0
195 1
196 1
197 2
198 2
199 1
200 1
201 0
202 0
203 1
204 2
205 1
206 1
207 1
208 0
209 0
210 2
211 0
212 1
213 0
214 0
215 2
216 1
217 0
218 0
219 0
220 0
221 0
222 2
223 1
224 2
225 1
226 0
227 1
228 0
229 1
230 0
231 2
232 0
233 2
234 1
235 0
236 0
237 0
238 1
239 2
240 1
241 0
242 0
243 0
244 1
245 1
246 2
247 0
248 2
249 0
250 2
251 0
252 0
253 1
254 0
255 1
256 0
257 1
258 0
259 2
260 0
261 0
262 0
263 0
264 0
265 0
266 0
267 0
268 0
269 1
270 1
271 1
272 1
273 1
274 2
275 0
276 1
277 1
278 0
279 1
280 2
281 0
282 0
283 1
284 1
285 0
286 1
287 0
288 1
289 0
290 0
291 0
