0 2
1 0
2 2
3 2
4 2
5 0
6 0
7 1
8 1
9 1
10 1
11 0
12 2
13 0
14 2
15 2
16 1
17 2
18 1
19 0
20 0
21 2
22 1
23 1
24 0
25 1
26 1
27 1
28 0
29 1
30 0
31 1
32 0
33 1
34 0
35 2
36 0
37 0
38 0
39 2
40 2
41 1
42 1
43 2
44 2
45 1
46 0
47 1
48 0
49 2
50 0
51 2
52 2
53 2
54 1
55 1
56 0
57 1
58 2
59 2
60 0
61 0
62 2
63 1
64 0
65 2
66 1
67 2
68 0
69 1
70 2
71 0
72 0
73 2
74 0
75 2
76 2
77 0
78 0
79 2
80 0
81 1
82 0
83 2
84 1
85 0
86 0
87 0
88 0
89 2
90 1
91 1
92 2
93 0
94 0
95 1
96 1
97 0
98 1
99 1
100 0
101 2
102 2
103 1
104 0
105 2
106 1
107 1
108 0
109 0
110 1
111 2
112 1
113 0
114 0
115 1
116 2
117 0
118 2
119 2
120 1
121 0
122 0
123 2
124 2
125 2
126 0
127 1
128 0
129 0
130 1
131 2
132 0
133 2
134 0
135 1
136 1
137 2
138 0
139 1
140 1
141 2
142 0
143 1
144 1
145 2
146 0
147 2
148 1
149 2
150 0
151 1
152 0
153 0
154 1
155 1
156 1
157 2
158 0
159 1
160 1
161 1
162 2
163 0
164 1
165 0
166 1
167 0
168 2
169 1
170 0
171 2
172 1
173 2
174 1
175 1
176 1
177 0
178 0
179 2
180 1
181 0
182 0
183 2
184 1
185 0
186 2
187 0
188 0
189 0
190 1
191 0
192 0
193 1
194 0
195 2
196 2
197 1
198 2
199 1
200 1
201 0
202 0
203 2
204 2
205 1
206 1
207 2
208 0
209 0
210 1
211 0
212 1
213 0
214 0
215 2
216 1
217 0
218 0
219 0
220 0
221 0
222 1
223 1
224 2
225 1
226 0
227 1
228 0
229 1
230 0
231 1
232 0
233 1
234 1
235 0
236 0
237 0
238 1
239 1
240 1
241 0
242 0
243 0
244 1
245 2
246 1
247 0
248 2
249 0
250 1
251 0
252 0
253 1
254 0
255 2
256 0
257 2
258 0
259 1
260 0
261 0
262 0
263 0
264 0
265 0
266 0
267 0
268 0
269 2
270 2
271 1
272 1
273 1
274 1
275 0
276 2
277 1
278 0
279 1
280 2
281 0
282 0
283 2
284 1
285 0
286 2
287 0
288 1
289 0
290 0
291 0
