0 1
1 0
2 1
3 1
4 2
5 0
6 0
7 2
8 2
9 1
10 1
11 0
12 1
13 0
14 1
15 1
16 1
17 1
18 1
19 0
20 0
21 1
22 2
23 2
24 0
25 1
26 1
27 1
28 0
29 1
30 0
31 2
32 0
33 1
34 0
35 2
36 0
37 0
38 0
39 2
40 2
41 1
42 1
43 1
44 1
45 2
46 0
47 1
48 0
49 1
50 0
51 2
52 1
53 2
54 2
55 2
56 0
57 2
58 1
59 1
60 0
61 0
62 1
63 1
64 0
65 1
66 1
67 1
68 0
69 1
70 2
71 0
72 0
73 2
74 0
75 1
76 1
77 0
78 0
79 1
80 0
81 1
82 0
83 2
84 1
85 0
86 0
87 0
88 0
89 2
90 1
91 1
92 2
93 0
94 0
95 2
96 1
97 0
98 1
99 1
100 0
101 1
102 1
103 1
104 0
105 2
106 1
107 2
108 0
109 0
110 1
111 1
112 1
113 0
114 0
115 2
116 1
117 0
118 1
119 2
120 1
121 0
122 0
123 1
124 2
125 2
126 0
127 2
128 0
129 0
130 2
131 1
132 0
133 1
134 0
135 1
136 2
137 1
138 0
139 2
140 1
141 2
142 0
143 1
144 1
145 1
146 0
147 2
148 1
149 1
150 0
151 2
152 0
153 0
154 1
155 2
156 1
157 1
158 0
159 2
160 2
161 1
162 1
163 0
164 2
165 0
166 2
167 0
168 2
169 2
170 0
171 1
172 1
173 2
174 1
175 2
176 2
177 0
178 0
179 2
180 2
181 0
182 0
183 2
184 1
185 0
186 2
187 0
188 0
189 0
190 1
191 0
192 0
193 2
194 0
195 2
196 1
197 1
198 1
199 1
200 2
201 0
202 0
203 2
204 2
205 2
206 1
207 1
208 0
209 0
210 1
211 0
212 2
213 0
214 0
215 2
216 2
217 0
218 0
219 0
220 0
221 0
222 2
223 1
224 2
225 1
226 0
227 1
228 0
229 1
230 0
231 2
232 0
233 2
234 2
235 0
236 0
237 0
238 2
239 1
240 2
241 0
242 0
243 0
244 1
245 1
246 1
247 0
248 1
249 0
250 1
251 0
252 0
253 1
254 0
255 1
256 0
257 2
258 0
259 2
260 0
261 0
262 0
263 0
264 0
265 0
266 0
267 0
268 0
269 2
270 2
271 2
272 2
273 2
274 1
275 0
276 1
277 1
278 0
279 2
280 1
281 0
282 0
283 2
284 1
285 0
286 1
287 0
288 2
289 0
290 0
291 0
