0 2
1 0
2 1
3 1
4 2
5 0
6 0
7 1
8 1
9 1
10 1
11 0
12 1
13 0
14 1
15 2
16 2
17 2
18 2
19 0
20 0
21 1
22 2
23 2
24 0
25 1
26 2
27 1
28 0
29 1
30 0
31 2
32 0
33 1
34 0
35 1
36 0
37 0
38 0
39 1
40 2
41 1
42 2
43 1
44 1
45 1
46 0
47 1
48 0
49 1
50 0
51 2
52 2
53 1
54 1
55 1
56 0
57 2
58 2
59 2
60 0
61 0
62 1
63 1
64 0
65 2
66 2
67 2
68 0
69 2
70 1
71 0
72 0
73 1
74 0
75 1
76 2
77 0
78 0
79 1
80 0
81 2
82 0
83 2
84 2
85 0
86 0
87 0
88 0
89 1
90 2
91 2
92 1
93 0
94 0
95 1
96 2
97 0
98 2
99 1
100 0
101 1
102 1
103 1
104 0
105 2
106 1
107 1
108 0
109 0
110 1
111 2
112 1
113 0
114 0
115 2
116 1
117 0
118 2
119 2
120 1
121 0
122 0
123 1
124 1
125 2
126 0
127 1
128 0
129 0
130 1
131 1
132 0
133 2
134 0
135 2
136 2
137 1
138 0
139 2
140 2
141 1
142 0
143 2
144 2
145 1
146 0
147 2
148 2
149 1
150 0
151 1
152 0
153 0
154 1
155 2
156 1
157 2
158 0
159 1
160 2
161 1
162 2
163 0
164 1
165 0
166 2
167 0
168 1
169 1
170 0
171 1
172 1
173 1
174 1
175 2
176 2
177 0
178 0
179 1
180 1
181 0
182 0
183 1
184 2
185 0
186 1
187 0
188 0
189 0
190 1
191 0
192 0
193 2
194 0
195 1
196 2
197 1
198 1
199 1
200 2
201 0
202 0
203 1
204 1
205 2
206 2
207 1
208 0
209 0
210 2
211 0
212 1
213 0
214 0
215 1
216 2
217 0
218 0
219 0
220 0
221 0
222 2
223 1
224 2
225 2
226 0
227 1
228 0
229 1
230 0
231 1
232 0
233 2
234 1
235 0
236 0
237 0
238 1
239 1
240 1
241 0
242 0
243 0
244 2
245 1
246 2
247 0
248 1
249 0
250 1
251 0
252 0
253 2
254 0
255 2
256 0
257 2
258 0
259 2
260 0
261 0
262 0
263 0
264 0
265 0
266 0
267 0
268 0
269 2
270 1
271 1
272 2
273 2
274 1
275 0
276 2
277 2
278 0
279 1
280 1
281 0
282 0
283 1
284 1
285 0
286 1
287 0
288 1
289 0
290 0
291 0
