0 1
1 0
2 1
3 1
4 1
5 0
6 0
7 1
8 1
9 2
10 1
11 0
12 1
13 0
14 2
15 1
16 2
17 1
18 1
19 0
20 0
21 2
22 1
23 2
24 0
25 2
26 1
27 1
28 0
29 2
30 0
31 2
32 0
33 1
34 0
35 1
36 0
37 0
38 0
39 1
40 1
41 2
42 1
43 1
44 1
45 2
46 0
47 1
48 0
49 1
50 0
51 1
52 2
53 1
54 1
55 1
56 0
57 1
58 1
59 2
60 0
61 0
62 2
63 2
64 0
65 1
66 1
67 2
68 0
69 1
70 2
71 0
72 0
73 1
74 0
75 1
76 2
77 0
78 0
79 1
80 0
81 1
82 0
83 2
84 1
85 0
86 0
87 0
88 0
89 1
90 1
91 2
92 2
93 0
94 0
95 2
96 1
97 0
98 2
99 1
100 0
101 2
102 2
103 1
104 0
105 1
106 1
107 2
108 0
109 0
110 2
111 2
112 2
113 0
114 0
115 1
116 1
117 0
118 2
119 1
120 2
121 0
122 0
123 2
124 1
125 1
126 0
127 1
128 0
129 0
130 1
131 2
132 0
133 1
134 0
135 1
136 2
137 2
138 0
139 1
140 2
141 2
142 0
143 1
144 1
145 2
146 0
147 2
148 1
149 2
150 0
151 1
152 0
153 0
154 1
155 1
156 2
157 1
158 0
159 2
160 1
161 2
162 2
163 0
164 2
165 0
166 2
167 0
168 1
169 1
170 0
171 1
172 2
173 2
174 1
175 2
176 1
177 0
178 0
179 2
180 1
181 0
182 0
183 1
184 2
185 0
186 1
187 0
188 0
189 0
190 1
191 0
192 0
193 1
194 0
195 1
196 2
197 1
198 1
199 2
200 2
201 0
202 0
203 2
204 2
205 1
206 1
207 1
208 0
209 0
210 2
211 0
212 2
213 0
214 0
215 1
216 2
217 0
218 0
219 0
220 0
221 0
222 2
223 1
224 1
225 2
226 0
227 2
228 0
229 1
230 0
231 1
232 0
233 1
234 1
235 0
236 0
237 0
238 1
239 1
240 1
241 0
242 0
243 0
244 2
245 2
246 1
247 0
248 2
249 0
250 2
251 0
252 0
253 2
254 0
255 1
256 0
257 1
258 0
259 1
260 0
261 0
262 0
263 0
264 0
265 0
266 0
267 0
268 0
269 2
270 1
271 2
272 2
273 1
274 2
275 0
276 1
277 1
278 0
279 1
280 2
281 0
282 0
283 2
284 1
285 0
286 2
287 0
288 2
289 0
290 0
291 0
