0 2
1 0
2 1
3 1
4 2
5 0
6 0
7 2
8 2
9 2
10 2
11 0
12 1
13 0
14 1
15 1
16 1
17 1
18 1
19 0
20 0
21 2
22 2
23 2
24 0
25 2
26 1
27 1
28 0
29 2
30 0
31 1
32 0
33 1
34 0
35 1
36 0
37 0
38 0
39 1
40 1
41 2
42 1
43 2
44 1
45 2
46 0
47 2
48 0
49 1
50 0
51 2
52 2
53 1
54 1
55 2
56 0
57 1
58 2
59 2
60 0
61 0
62 2
63 1
64 0
65 2
66 1
67 2
68 0
69 2
70 1
71 0
72 0
73 2
74 0
75 1
76 1
77 0
78 0
79 1
80 0
81 1
82 0
83 1
84 2
85 0
86 0
87 0
88 0
89 1
90 2
91 1
92 1
93 0
94 0
95 1
96 1
97 0
98 2
99 1
100 0
101 1
102 1
103 2
104 0
105 2
106 2
107 1
108 0
109 0
110 2
111 2
112 1
113 0
114 0
115 2
116 2
117 0
118 2
119 1
120 1
121 0
122 0
123 1
124 2
125 1
126 0
127 1
128 0
129 0
130 1
131 1
132 0
133 2
134 0
135 2
136 1
137 1
138 0
139 1
140 1
141 1
142 0
143 1
144 2
145 1
146 0
147 1
148 1
149 2
150 0
151 1
152 0
153 0
154 1
155 2
156 1
157 2
158 0
159 2
160 2
161 1
162 1
163 0
164 1
165 0
166 1
167 0
168 1
169 1
170 0
171 2
172 1
173 1
174 1
175 1
176 2
177 0
178 0
179 2
180 2
181 0
182 0
183 1
184 2
185 0
186 2
187 0
188 0
189 0
190 2
191 0
192 0
193 1
194 0
195 1
196 2
197 1
198 2
199 1
200 2
201 0
202 0
203 1
204 1
205 2
206 1
207 1
208 0
209 0
210 1
211 0
212 2
213 0
214 0
215 2
216 1
217 0
218 0
219 0
220 0
221 0
222 2
223 1
224 1
225 2
226 0
227 1
228 0
229 1
230 0
231 2
232 0
233 1
234 1
235 0
236 0
237 0
238 1
239 1
240 1
241 0
242 0
243 0
244 1
245 1
246 2
247 0
248 1
249 0
250 1
251 0
252 0
253 1
254 0
255 2
256 0
257 2
258 0
259 1
260 0
261 0
262 0
263 0
264 0
265 0
266 0
267 0
268 0
269 2
270 1
271 2
272 2
273 2
274 2
275 0
276 2
277 2
278 0
279 2
280 1
281 0
282 0
283 1
284 1
285 0
286 2
287 0
288 2
289 0
290 0
291 0
