0 2
1 0
2 1
3 1
4 1
5 0
6 0
7 1
8 1
9 2
10 1
11 0
12 1
13 0
14 1
15 2
16 2
17 1
18 2
19 0
20 0
21 1
22 2
23 1
24 0
25 1
26 1
27 1
28 0
29 1
30 0
31 1
32 0
33 2
34 0
35 1
36 0
37 0
38 0
39 1
40 2
41 1
42 1
43 2
44 2
45 1
46 0
47 1
48 0
49 1
50 0
51 2
52 1
53 2
54 1
55 2
56 0
57 1
58 1
59 1
60 0
61 0
62 1
63 2
64 0
65 1
66 2
67 1
68 0
69 1
70 1
71 0
72 0
73 2
74 0
75 2
76 1
77 0
78 0
79 2
80 0
81 1
82 0
83 1
84 2
85 0
86 0
87 0
88 0
89 2
90 1
91 1
92 2
93 0
94 0
95 2
96 2
97 0
98 1
99 2
100 0
101 1
102 1
103 1
104 0
105 1
106 1
107 1
108 0
109 0
110 1
111 2
112 1
113 0
114 0
115 1
116 1
117 0
118 1
119 2
120 2
121 0
122 0
123 1
124 2
125 2
126 0
127 2
128 0
129 0
130 2
131 1
132 0
133 2
134 0
135 1
136 2
137 2
138 0
139 2
140 2
141 2
142 0
143 1
144 1
145 1
146 0
147 1
148 2
149 1
150 0
151 1
152 0
153 0
154 1
155 1
156 2
157 1
158 0
159 1
160 2
161 2
162 1
163 0
164 1
165 0
166 2
167 0
168 2
169 1
170 0
171 1
172 1
173 2
174 1
175 1
176 1
177 0
178 0
179 1
180 2
181 0
182 0
183 1
184 2
185 0
186 2
187 0
188 0
189 0
190 2
191 0
192 0
193 2
194 0
195 1
196 1
197 1
198 2
199 1
200 1
201 0
202 0
203 2
204 2
205 1
206 2
207 1
208 0
209 0
210 2
211 0
212 1
213 0
214 0
215 2
216 1
217 0
218 0
219 0
220 0
221 0
222 1
223 1
224 1
225 2
226 0
227 1
228 0
229 2
230 0
231 2
232 0
233 2
234 2
235 0
236 0
237 0
238 1
239 2
240 1
241 0
242 0
243 0
244 2
245 1
246 2
247 0
248 2
249 0
250 2
251 0
252 0
253 2
254 0
255 2
256 0
257 2
258 0
259 1
260 0
261 0
262 0
263 0
264 0
265 0
266 0
267 0
268 0
269 2
270 1
271 1
272 2
273 1
274 1
275 0
276 2
277 1
278 0
279 2
280 1
281 0
282 0
283 2
284 1
285 0
286 1
287 0
288 2
289 0
290 0
291 0
