0 1
1 0
2 2
3 2
4 2
5 0
6 0
7 1
8 1
9 1
10 1
11 0
12 1
13 0
14 2
15 1
16 1
17 2
18 1
19 0
20 0
21 1
22 1
23 1
24 0
25 1
26 1
27 1
28 0
29 2
30 0
31 2
32 0
33 1
34 0
35 2
36 0
37 0
38 0
39 1
40 1
41 2
42 2
43 2
44 2
45 1
46 0
47 2
48 0
49 1
50 0
51 1
52 2
53 1
54 1
55 2
56 0
57 2
58 1
59 1
60 0
61 0
62 1
63 1
64 0
65 1
66 2
67 1
68 0
69 2
70 2
71 0
72 0
73 1
74 0
75 1
76 1
77 0
78 0
79 1
80 0
81 1
82 0
83 1
84 1
85 0
86 0
87 0
88 0
89 1
90 2
91 2
92 2
93 0
94 0
95 2
96 1
97 0
98 1
99 1
100 0
101 1
102 1
103 1
104 0
105 2
106 1
107 2
108 0
109 0
110 1
111 2
112 1
113 0
114 0
115 2
116 1
117 0
118 2
119 1
120 1
121 0
122 0
123 2
124 2
125 1
126 0
127 2
128 0
129 0
130 2
131 1
132 0
133 1
134 0
135 1
136 1
137 2
138 0
139 2
140 2
141 2
142 0
143 2
144 1
145 1
146 0
147 2
148 1
149 1
150 0
151 1
152 0
153 0
154 1
155 1
156 1
157 1
158 0
159 2
160 1
161 2
162 1
163 0
164 2
165 0
166 2
167 0
168 2
169 1
170 0
171 2
172 2
173 1
174 2
175 1
176 2
177 0
178 0
179 1
180 2
181 0
182 0
183 1
184 1
185 0
186 1
187 0
188 0
189 0
190 2
191 0
192 0
193 1
194 0
195 1
196 2
197 2
198 2
199 2
200 2
201 0
202 0
203 1
204 2
205 1
206 1
207 2
208 0
209 0
210 1
211 0
212 2
213 0
214 0
215 2
216 1
217 0
218 0
219 0
220 0
221 0
222 2
223 1
224 1
225 2
226 0
227 1
228 0
229 2
230 0
231 1
232 0
233 1
234 1
235 0
236 0
237 0
238 1
239 2
240 2
241 0
242 0
243 0
244 2
245 2
246 2
247 0
248 2
249 0
250 1
251 0
252 0
253 1
254 0
255 1
256 0
257 1
258 0
259 2
260 0
261 0
262 0
263 0
264 0
265 0
266 0
267 0
268 0
269 2
270 1
271 1
272 2
273 1
274 1
275 0
276 1
277 2
278 0
279 2
280 2
281 0
282 0
283 1
284 1
285 0
286 1
287 0
288 2
289 0
290 0
291 0
