0 2
1 0
2 1
3 2
4 1
5 0
6 0
7 2
8 1
9 1
10 2
11 0
12 1
13 0
14 2
15 1
16 1
17 1
18 2
19 0
20 0
21 1
22 1
23 1
24 0
25 2
26 1
27 1
28 0
29 1
30 0
31 2
32 0
33 1
34 0
35 1
36 0
37 0
38 0
39 1
40 1
41 1
42 1
43 2
44 1
45 1
46 0
47 1
48 0
49 1
50 0
51 1
52 2
53 1
54 2
55 1
56 0
57 1
58 2
59 1
60 0
61 0
62 2
63 1
64 0
65 2
66 1
67 2
68 0
69 1
70 2
71 0
72 0
73 1
74 0
75 1
76 1
77 0
78 0
79 2
80 0
81 2
82 0
83 1
84 2
85 0
86 0
87 0
88 0
89 1
90 1
91 2
92 1
93 0
94 0
95 2
96 2
97 0
98 1
99 1
100 0
101 1
102 2
103 2
104 0
105 2
106 1
107 1
108 0
109 0
110 1
111 1
112 2
113 0
114 0
115 2
116 2
117 0
118 1
119 2
120 2
121 0
122 0
123 2
124 1
125 1
126 0
127 1
128 0
129 0
130 2
131 1
132 0
133 2
134 0
135 1
136 1
137 2
138 0
139 1
140 2
141 2
142 0
143 1
144 1
145 1
146 0
147 2
148 1
149 2
150 0
151 1
152 0
153 0
154 1
155 1
156 2
157 1
158 0
159 2
160 2
161 2
162 2
163 0
164 1
165 0
166 2
167 0
168 1
169 1
170 0
171 1
172 2
173 1
174 2
175 1
176 2
177 0
178 0
179 2
180 1
181 0
182 0
183 2
184 2
185 0
186 1
187 0
188 0
189 0
190 2
191 0
192 0
193 2
194 0
195 2
196 1
197 2
198 1
199 1
200 1
201 0
202 0
203 2
204 1
205 2
206 2
207 1
208 0
209 0
210 2
211 0
212 1
213 0
214 0
215 1
216 2
217 0
218 0
219 0
220 0
221 0
222 1
223 1
224 2
225 2
226 0
227 1
228 0
229 1
230 0
231 2
232 0
233 1
234 1
235 0
236 0
237 0
238 1
239 1
240 1
241 0
242 0
243 0
244 1
245 1
246 2
247 0
248 1
249 0
250 2
251 0
252 0
253 2
254 0
255 1
256 0
257 2
258 0
259 1
260 0
261 0
262 0
263 0
264 0
265 0
266 0
267 0
268 0
269 1
270 1
271 2
272 2
273 1
274 2
275 0
276 2
277 2
278 0
279 2
280 1
281 0
282 0
283 1
284 2
285 0
286 2
287 0
288 1
289 0
290 0
291 0
