0 1
1 0
2 1
3 2
4 2
5 0
6 0
7 1
8 1
9 2
10 1
11 0
12 2
13 0
14 2
15 2
16 2
17 1
18 1
19 0
20 0
21 2
22 1
23 1
24 0
25 1
26 1
27 1
28 0
29 1
30 0
31 1
32 0
33 2
34 0
35 2
36 0
37 0
38 0
39 2
40 1
41 1
42 1
43 2
44 2
45 1
46 0
47 2
48 0
49 1
50 0
51 2
52 1
53 1
54 2
55 1
56 0
57 2
58 2
59 1
60 0
61 0
62 1
63 1
64 0
65 2
66 1
67 1
68 0
69 1
70 1
71 0
72 0
73 2
74 0
75 2
76 1
77 0
78 0
79 1
80 0
81 2
82 0
83 2
84 1
85 0
86 0
87 0
88 0
89 1
90 1
91 2
92 2
93 0
94 0
95 1
96 2
97 0
98 1
99 1
100 0
101 2
102 2
103 1
104 0
105 1
106 1
107 1
108 0
109 0
110 2
111 1
112 2
113 0
114 0
115 1
116 1
117 0
118 2
119 1
120 1
121 0
122 0
123 2
124 1
125 1
126 0
127 1
128 0
129 0
130 2
131 1
132 0
133 2
134 0
135 1
136 1
137 1
138 0
139 1
140 2
141 2
142 0
143 2
144 1
145 1
146 0
147 1
148 1
149 1
150 0
151 1
152 0
153 0
154 1
155 1
156 1
157 2
158 0
159 2
160 2
161 2
162 1
163 0
164 1
165 0
166 1
167 0
168 1
169 1
170 0
171 1
172 2
173 1
174 1
175 1
176 2
177 0
178 0
179 2
180 2
181 0
182 0
183 1
184 1
185 0
186 2
187 0
188 0
189 0
190 1
191 0
192 0
193 1
194 0
195 2
196 2
197 2
198 1
199 1
200 2
201 0
202 0
203 2
204 2
205 2
206 1
207 2
208 0
209 0
210 1
211 0
212 2
213 0
214 0
215 2
216 2
217 0
218 0
219 0
220 0
221 0
222 2
223 2
224 1
225 1
226 0
227 2
228 0
229 2
230 0
231 2
232 0
233 1
234 1
235 0
236 0
237 0
238 2
239 2
240 1
241 0
242 0
243 0
244 1
245 1
246 1
247 0
248 1
249 0
250 1
251 0
252 0
253 2
254 0
255 1
256 0
257 1
258 0
259 2
260 0
261 0
262 0
263 0
264 0
265 0
266 0
267 0
268 0
269 1
270 1
271 2
272 2
273 1
274 2
275 0
276 2
277 1
278 0
279 1
280 2
281 0
282 0
283 2
284 2
285 0
286 2
287 0
288 1
289 0
290 0
291 0
