0 1
1 0
2 1
3 2
4 1
5 0
6 0
7 2
8 1
9 2
10 1
11 0
12 1
13 0
14 2
15 1
16 1
17 2
18 1
19 0
20 0
21 1
22 2
23 1
24 0
25 1
26 2
27 2
28 0
29 1
30 0
31 1
32 0
33 1
34 0
35 1
36 0
37 0
38 0
39 1
40 1
41 2
42 2
43 1
44 1
45 2
46 0
47 1
48 0
49 2
50 0
51 2
52 1
53 1
54 2
55 2
56 0
57 1
58 1
59 2
60 0
61 0
62 1
63 2
64 0
65 1
66 2
67 2
68 0
69 2
70 1
71 0
72 0
73 2
74 0
75 1
76 1
77 0
78 0
79 1
80 0
81 1
82 0
83 2
84 1
85 0
86 0
87 0
88 0
89 1
90 2
91 1
92 1
93 0
94 0
95 2
96 1
97 0
98 2
99 1
100 0
101 1
102 1
103 1
104 0
105 1
106 1
107 2
108 0
109 0
110 1
111 1
112 2
113 0
114 0
115 2
116 1
117 0
118 1
119 1
120 2
121 0
122 0
123 1
124 2
125 2
126 0
127 1
128 0
129 0
130 1
131 1
132 0
133 2
134 0
135 1
136 1
137 2
138 0
139 2
140 1
141 1
142 0
143 2
144 2
145 1
146 0
147 1
148 2
149 1
150 0
151 1
152 0
153 0
154 1
155 1
156 1
157 2
158 0
159 2
160 2
161 2
162 1
163 0
164 1
165 0
166 2
167 0
168 2
169 2
170 0
171 2
172 1
173 1
174 2
175 1
176 2
177 0
178 0
179 2
180 2
181 0
182 0
183 2
184 2
185 0
186 1
187 0
188 0
189 0
190 2
191 0
192 0
193 2
194 0
195 1
196 1
197 2
198 1
199 1
200 1
201 0
202 0
203 1
204 2
205 1
206 1
207 1
208 0
209 0
210 1
211 0
212 2
213 0
214 0
215 2
216 2
217 0
218 0
219 0
220 0
221 0
222 1
223 2
224 2
225 1
226 0
227 2
228 0
229 2
230 0
231 1
232 0
233 1
234 1
235 0
236 0
237 0
238 1
239 2
240 2
241 0
242 0
243 0
244 2
245 1
246 2
247 0
248 2
249 0
250 1
251 0
252 0
253 2
254 0
255 1
256 0
257 2
258 0
259 1
260 0
261 0
262 0
263 0
264 0
265 0
266 0
267 0
268 0
269 1
270 1
271 2
272 1
273 1
274 2
275 0
276 2
277 1
278 0
279 1
280 1
281 0
282 0
283 2
284 1
285 0
286 2
287 0
288 1
289 0
290 0
291 0
