0 1
1 0
2 1
3 1
4 1
5 0
6 0
7 1
8 1
9 2
10 1
11 0
12 2
13 0
14 1
15 2
16 2
17 2
18 2
19 0
20 0
21 2
22 2
23 1
24 0
25 1
26 1
27 1
28 0
29 2
30 0
31 1
32 0
33 1
34 0
35 2
36 0
37 0
38 0
39 1
40 1
41 1
42 1
43 1
44 2
45 1
46 0
47 1
48 0
49 2
50 0
51 2
52 2
53 2
54 2
55 1
56 0
57 1
58 2
59 2
60 0
61 0
62 2
63 1
64 0
65 1
66 2
67 1
68 0
69 2
70 2
71 0
72 0
73 2
74 0
75 1
76 2
77 0
78 0
79 1
80 0
81 2
82 0
83 1
84 1
85 0
86 0
87 0
88 0
89 1
90 1
91 1
92 2
93 0
94 0
95 1
96 1
97 0
98 1
99 2
100 0
101 1
102 1
103 2
104 0
105 1
106 1
107 1
108 0
109 0
110 1
111 1
112 1
113 0
114 0
115 2
116 1
117 0
118 1
119 1
120 1
121 0
122 0
123 2
124 1
125 1
126 0
127 1
128 0
129 0
130 2
131 2
132 0
133 1
134 0
135 2
136 2
137 1
138 0
139 2
140 2
141 2
142 0
143 2
144 2
145 1
146 0
147 2
148 1
149 1
150 0
151 1
152 0
153 0
154 1
155 2
156 1
157 2
158 0
159 1
160 2
161 1
162 2
163 0
164 1
165 0
166 2
167 0
168 1
169 2
170 0
171 2
172 1
173 2
174 2
175 2
176 1
177 0
178 0
179 1
180 2
181 0
182 0
183 1
184 1
185 0
186 1
187 0
188 0
189 0
190 1
191 0
192 0
193 2
194 0
195 2
196 1
197 1
198 1
199 2
200 1
201 0
202 0
203 2
204 1
205 2
206 1
207 1
208 0
209 0
210 1
211 0
212 1
213 0
214 0
215 1
216 1
217 0
218 0
219 0
220 0
221 0
222 2
223 1
224 1
225 2
226 0
227 2
228 0
229 1
230 0
231 1
232 0
233 1
234 1
235 0
236 0
237 0
238 1
239 2
240 2
241 0
242 0
243 0
244 1
245 1
246 2
247 0
248 1
249 0
250 2
251 0
252 0
253 2
254 0
255 1
256 0
257 2
258 0
259 1
260 0
261 0
262 0
263 0
264 0
265 0
266 0
267 0
268 0
269 1
270 2
271 1
272 2
273 2
274 1
275 0
276 1
277 2
278 0
279 2
280 2
281 0
282 0
283 1
284 2
285 0
286 2
287 0
288 2
289 0
290 0
291 0
