0 2
1 0
2 1
3 0
4 1
5 2
6 0
7 0
8 0
9 0
10 2
11 0
12 0
13 0
14 1
15 2
16 1
17 2
18 0
19 2
20 0
21 0
22 1
23 0
24 0
25 0
26 0
27 2
28 0
29 1
30 2
31 1
32 2
33 0
34 0
35 0
36 1
37 0
38 0
39 1
40 2
41 2
42 2
43 0
44 2
45 1
46 2
47 0
48 0
49 0
50 2
51 0
52 2
53 2
54 2
55 1
56 1
57 0
58 1
59 0
60 0
61 0
62 1
63 2
64 0
65 0
66 0
67 0
68 1
69 1
70 2
71 1
72 1
73 2
74 0
75 0
76 2
77 0
78 2
79 2
80 0
81 0
82 0
83 2
84 0
85 1
86 0
87 0
88 0
89 2
90 0
91 2
92 0
93 0
94 0
95 1
96 0
97 0
98 0
99 2
100 1
101 0
102 1
103 1
104 0
105 1
106 0
107 0
108 0
109 1
110 0
111 0
112 0
113 2
114 0
115 0
116 2
117 2
118 0
119 0
120 0
121 2
122 0
123 0
124 1
125 2
126 1
127 2
128 0
129 0
130 2
131 0
132 2
133 0
134 1
135 0
136 2
137 2
138 0
139 1
140 0
141 2
142 0
143 0
144 0
145 1
146 1
147 0
148 0
149 1
150 0
151 0
152 0
153 0
154 0
155 0
156 0
157 0
158 1
159 0
160 0
161 1
162 0
163 0
164 1
165 0
166 0
167 1
168 2
169 0
170 0
171 0
172 0
173 0
174 0
175 1
176 0
177 2
178 0
179 2
180 1
181 2
182 0
183 0
184 2
185 2
186 1
187 1
188 0
189 1
190 0
191 0
192 2
193 1
194 2
195 2
196 0
197 0
198 2
199 0
200 0
201 2
202 1
203 1
204 2
205 2
206 1
207 1
208 0
209 1
210 2
211 1
212 0
213 0
214 0
215 2
216 0
217 1
218 0
219 0
220 0
221 0
222 2
223 1
224 1
225 1
226 0
227 2
228 0
229 1
230 0
231 0
232 0
233 2
234 0
235 0
236 0
237 2
238 0
239 0
240 0
241 2
242 2
243 0
244 1
245 0
246 1
247 0
248 2
249 1
250 0
251 1
252 1
253 1
254 0
255 2
256 1
257 2
258 2
259 2
260 0
261 0
262 0
263 0
264 2
265 0
266 0
267 2
268 2
269 1
270 0
271 0
272 0
273 0
274 2
275 2
276 0
277 0
278 2
279 0
280 2
281 0
282 2
283 0
284 2
285 0
286 0
287 0
288 1
289 0
290 0
291 0
292 2
293 0
294 0
295 2
296 2
297 1
298 1
299 2
300 2
301 0
302 0
303 0
304 0
305 2
306 0
307 0
308 0
309 0
310 1
311 2
312 2
313 0
314 1
315 0
316 0
317 2
318 1
319 2
320 0
321 0
322 2
323 1
324 0
325 2
326 1
327 1
328 2
329 2
330 2
331 0
332 0
333 1
334 0
335 2
336 0
337 2
338 2
339 1
340 0
341 0
342 0
343 0
344 2
345 0
346 1
347 2
348 0
349 1
350 0
351 2
352 0
353 0
354 2
355 2
356 2
357 0
358 1
359 2
360 0
361 0
362 0
363 0
364 1
365 0
366 0
367 1
368 0
369 2
370 0
371 2
372 0
373 2
374 0
375 0
376 0
377 0
378 0
379 2
380 0
381 0
382 2
383 0
384 0
385 2
386 2
387 0
388 0
389 0
390 0
391 0
392 0
393 0
394 0
395 1
396 1
397 1
398 2
399 2
400 1
401 2
402 1
403 2
404 1
405 0
406 0
407 1
408 1
409 0
410 2
411 2
412 2
413 0
414 0
415 1
416 1
417 1
418 0
419 2
420 2
421 2
422 1
423 2
424 0
425 0
426 0
427 1
428 0
429 1
430 2
431 2
432 1
433 2
434 0
435 0
436 0
437 0
438 0
439 2
440 2
441 1
442 1
443 2
444 0
445 0
446 0
447 0
448 1
449 0
450 2
451 2
452 0
453 0
454 2
455 1
456 2
457 2
458 0
459 1
460 0
461 0
462 0
463 0
464 1
465 2
466 0
467 1
468 0
469 1
470 1
471 2
472 0
473 0
474 1
475 0
476 0
477 0
478 2
479 0
480 2
481 0
482 1
483 1
484 2
485 0
486 0
487 2
488 2
489 0
490 2
491 1
492 0
493 2
494 0
495 2
496 0
497 1
498 2
499 0
500 0
501 2
502 0
503 0
504 0
505 2
506 0
507 0
508 2
509 0
510 0
511 0
512 0
513 1
514 1
515 0
516 1
517 2
518 0
519 0
520 2
521 0
522 1
523 0
524 0
525 0
526 0
527 0
528 0
529 2
530 0
531 0
532 0
533 2
534 2
535 0
536 2
537 0
538 1
539 2
540 0
541 1
542 1
543 2
544 1
545 0
546 2
547 0
548 0
549 1
550 0
551 0
552 1
553 1
554 0
555 0
556 1
557 0
558 2
559 0
560 0
561 2
562 1
563 0
564 0
565 2
566 0
567 0
568 0
569 0
570 0
571 1
572 2
573 0
574 0
575 0
576 0
577 0
578 0
579 0
580 0
581 1
582 0
583 0
584 2
585 0
586 1
587 1
588 0
589 0
590 1
591 0
592 2
593 0
594 1
595 0
596 1
597 0
598 0
599 0
600 0
601 0
602 0
603 0
604 2
605 0
606 2
607 1
608 1
609 2
610 1
611 0
612 0
613 0
614 0
615 0
616 2
617 0
618 0
619 0
620 2
621 0
622 0
623 0
624 0
625 2
626 1
627 0
628 1
629 0
630 2
631 2
632 1
633 2
634 0
635 2
636 1
637 2
638 2
639 2
640 2
641 0
642 2
643 1
644 0
645 1
646 1
647 1
648 0
649 0
650 0
651 0
652 2
653 2
654 0
655 0
656 2
657 2
658 0
659 0
660 1
661 2
662 0
663 2
664 2
665 0
666 1
667 0
668 2
669 2
670 2
671 0
672 1
673 1
674 0
675 1
676 0
677 0
678 0
679 2
680 0
681 0
682 2
683 0
684 1
685 2
686 1
687 1
688 0
689 2
690 0
691 2
692 0
693 0
694 2
695 1
696 1
697 1
698 0
699 0
700 2
701 1
702 2
703 0
704 0
705 2
706 0
707 0
708 0
709 0
710 1
711 1
712 0
713 2
714 0
715 1
716 0
717 0
718 2
719 0
720 0
721 1
722 2
723 2
724 0
725 0
726 1
727 2
728 2
729 1
730 0
731 0
732 1
733 0
734 0
735 0
736 1
737 0
738 2
739 0
740 0
741 2
742 0
743 2
744 0
745 0
746 0
747 0
748 0
749 1
750 1
751 2
752 0
753 2
754 1
755 2
756 0
757 1
758 1
759 2
760 0
761 0
762 0
763 0
764 1
765 2
766 1
767 1
768 1
769 2
770 0
771 0
772 0
773 0
774 0
775 0
776 0
777 0
778 0
779 0
780 0
781 2
782 0
783 0
784 0
785 2
786 2
787 0
788 0
789 2
790 0
791 0
792 1
793 1
794 1
795 0
796 1
797 2
798 0
799 2
800 0
801 0
802 0
803 0
804 0
805 1
806 1
807 0
808 2
809 0
810 0
811 0
812 0
813 1
814 2
815 0
816 1
817 2
818 0
819 2
820 0
821 2
822 1
823 0
824 1
825 2
826 0
827 0
828 1
829 1
830 0
831 0
832 0
833 1
834 0
835 1
836 1
837 2
838 0
839 0
840 0
841 1
842 2
843 0
844 0
845 0
846 0
847 2
848 0
849 2
850 0
851 0
852 0
853 0
854 2
855 1
856 0
857 0
858 0
859 0
860 2
861 0
862 0
863 2
864 0
865 0
866 0
867 1
868 1
869 2
870 2
871 0
872 0
873 0
874 0
875 2
876 1
877 2
878 2
879 0
880 0
881 0
882 1
883 0
884 2
885 0
886 0
887 0
888 0
889 2
890 2
891 0
892 1
893 1
894 2
895 1
896 1
897 2
898 2
899 0
900 1
901 2
902 0
903 2
904 0
905 1
906 1
907 1
908 1
909 0
910 2
911 2
912 2
913 0
914 0
915 2
916 0
917 0
918 2
919 0
920 1
921 2
922 2
923 1
924 0
925 0
926 0
927 0
928 2
929 0
930 1
931 0
932 1
933 2
934 0
935 0
936 0
937 0
938 1
939 0
940 0
941 0
942 0
943 0
944 1
945 0
946 2
947 0
948 2
949 1
950 2
951 0
952 1
953 0
954 2
955 1
956 0
957 0
958 0
959 2
960 0
961 0
962 2
963 0
964 1
965 0
966 0
967 0
968 0
969 0
970 0
971 0
972 2
973 0
974 0
975 2
976 2
977 0
978 0
979 2
980 1
981 0
982 1
983 1
984 0
985 0
986 0
987 0
988 2
989 0
990 0
991 0
992 0
993 0
994 1
995 1
996 2
997 0
998 0
999 2
1000 0
