0 2
1 2
2 0
3 2
4 0
5 0
6 0
7 2
8 0
9 0
10 0
11 2
12 0
13 0
14 0
15 0
16 0
17 0
18 0
19 0
20 0
21 0
22 0
23 0
24 0
25 0
26 0
27 0
28 0
29 0
30 2
31 2
32 0
33 0
34 2
35 0
36 2
37 2
38 0
39 2
40 2
41 2
42 0
43 0
44 0
45 0
46 0
47 2
48 2
49 2
50 0
51 2
52 0
53 0
54 2
55 2
56 2
57 0
58 0
59 0
60 2
61 0
62 0
63 0
64 0
65 2
66 0
67 2
68 2
69 0
70 1
71 0
72 0
73 0
74 2
75 2
76 2
77 0
78 2
79 0
80 0
81 2
82 2
83 0
84 0
85 2
86 2
87 2
88 0
89 0
90 2
91 0
92 0
93 0
94 0
95 1
96 2
97 0
98 0
99 2
100 0
101 2
102 2
103 2
104 1
105 0
106 0
107 2
108 0
109 2
110 2
111 0
112 0
113 0
114 2
115 1
116 2
117 2
118 2
119 0
120 2
121 2
122 0
123 0
124 1
125 0
126 0
127 2
128 1
129 0
130 0
131 2
132 0
133 2
134 0
135 0
136 2
137 0
138 2
139 0
140 2
141 2
142 0
143 0
144 0
145 2
146 0
147 0
148 2
149 1
150 2
151 0
152 2
153 0
154 2
155 2
156 0
157 0
158 2
159 0
160 0
161 0
162 0
163 0
164 0
165 0
166 0
167 0
168 2
169 2
170 2
171 2
172 2
173 0
174 0
175 1
176 0
177 0
178 0
179 0
180 2
181 2
182 0
183 2
184 0
185 2
186 0
187 2
188 2
189 0
190 0
191 2
192 2
193 1
194 0
195 2
196 0
197 0
198 0
199 0
200 0
201 2
202 0
203 1
204 2
205 0
206 1
207 2
208 0
209 2
210 0
211 2
212 0
213 0
214 0
215 0
216 0
217 1
218 2
219 2
220 0
221 2
222 0
223 0
224 2
225 0
226 0
227 2
228 0
229 1
230 1
231 0
232 0
233 0
234 2
235 0
236 2
237 0
238 0
239 2
240 2
241 2
242 0
243 0
244 2
245 0
246 1
247 2
248 2
249 2
250 0
251 0
252 0
253 2
254 2
255 2
256 2
257 0
258 0
259 2
260 0
261 2
262 0
263 0
264 0
265 0
266 2
267 2
268 2
269 0
270 2
271 0
272 2
273 2
274 0
275 0
276 0
277 0
278 0
279 0
280 0
281 0
282 2
283 2
284 2
285 2
286 2
287 0
288 1
289 0
290 0
291 0
292 2
293 0
294 0
295 2
296 0
297 0
298 0
299 1
300 1
301 0
302 0
303 0
304 0
305 2
306 2
307 0
308 0
309 2
310 1
311 2
312 0
313 0
314 0
315 2
316 0
317 0
318 1
319 2
320 0
321 0
322 2
323 0
324 2
325 0
326 2
327 0
328 0
329 2
330 0
331 2
332 2
333 0
334 0
335 1
336 2
337 0
338 0
339 1
340 0
341 0
342 0
343 2
344 0
345 2
346 2
347 2
348 0
349 0
350 2
351 0
352 0
353 0
354 2
355 0
356 2
357 2
358 0
359 2
360 2
361 2
362 2
363 0
364 0
365 2
366 0
367 2
368 0
369 2
370 2
371 0
372 0
373 0
374 1
375 0
376 0
377 1
378 0
379 2
380 1
381 0
382 0
383 0
384 0
385 0
386 0
387 2
388 0
389 1
390 0
391 0
392 0
393 0
394 0
395 2
396 1
397 2
398 2
399 2
400 0
401 1
402 0
403 0
404 2
405 2
406 2
407 0
408 2
409 1
410 1
411 2
412 2
413 1
414 2
415 2
416 0
417 0
418 2
419 2
420 0
421 0
422 0
423 0
424 2
425 2
426 2
427 2
428 0
429 0
430 2
431 2
432 2
433 0
434 0
435 0
436 2
437 1
438 0
439 1
440 0
441 2
442 0
443 2
444 0
445 0
446 2
447 1
448 0
449 0
450 0
451 2
452 0
453 0
454 0
455 2
456 0
457 1
458 2
459 2
460 2
461 2
462 0
463 0
464 0
465 2
466 0
467 2
468 0
469 2
470 0
471 1
472 0
473 0
474 0
475 2
476 2
477 0
478 2
479 0
480 1
481 0
482 0
483 0
484 0
485 0
486 0
487 2
488 0
489 2
490 0
491 2
492 0
493 0
494 0
495 2
496 2
497 0
498 0
499 0
500 0
501 0
502 0
503 2
504 2
505 2
506 2
507 0
508 0
509 0
510 0
511 2
512 0
513 2
514 2
515 2
516 2
517 2
518 0
519 0
520 2
521 0
522 0
523 0
524 0
525 2
526 0
527 0
528 2
529 0
530 0
531 0
532 0
533 0
534 1
535 0
536 0
537 2
538 2
539 0
540 0
541 2
542 2
543 0
544 2
545 1
546 2
547 0
548 2
549 0
550 0
551 0
552 0
553 2
554 2
555 1
556 2
557 2
558 0
559 2
560 2
561 2
562 2
563 2
564 0
565 0
566 1
567 0
568 0
569 2
570 2
571 2
572 2
573 1
574 2
575 1
576 1
577 0
578 2
579 2
580 0
581 1
582 0
583 0
584 0
585 2
586 2
587 0
588 2
589 2
590 0
591 0
592 0
593 2
594 0
595 1
596 1
597 0
598 2
599 0
600 2
601 0
602 2
603 0
604 2
605 0
606 0
607 2
608 2
609 2
610 0
611 2
612 0
613 1
614 0
615 1
616 0
617 0
618 2
619 2
620 0
621 2
622 2
623 2
624 0
625 2
626 0
627 0
628 2
629 0
630 2
631 0
632 0
633 0
634 0
635 0
636 0
637 0
638 0
639 2
640 0
641 2
642 1
643 2
644 1
645 2
646 0
647 0
648 2
649 0
650 0
651 0
652 0
653 2
654 1
655 2
656 0
657 2
658 0
659 2
660 0
661 2
662 2
663 0
664 0
665 0
666 0
667 2
668 0
669 2
670 2
671 0
672 2
673 0
674 0
675 0
676 0
677 2
678 2
679 0
680 0
681 0
682 2
683 2
684 0
685 0
686 2
687 0
688 0
689 0
690 0
691 2
692 1
693 2
694 2
695 1
696 0
697 0
698 1
699 2
700 0
701 2
702 2
703 2
704 2
705 0
706 0
707 0
708 0
709 0
710 0
711 0
712 1
713 2
714 0
715 2
716 0
717 2
718 2
719 0
720 0
721 2
722 2
723 2
724 0
725 0
726 0
727 2
728 2
729 0
730 1
731 0
732 2
733 2
734 0
735 1
736 2
737 0
738 2
739 0
740 2
741 0
742 2
743 2
744 0
745 0
746 2
747 0
748 1
749 2
750 2
751 1
752 0
753 0
754 2
755 0
756 0
757 2
758 0
759 0
760 0
761 0
762 2
763 0
764 0
765 2
766 0
767 0
768 0
769 0
770 0
771 0
772 0
773 2
774 0
775 1
776 2
777 0
778 0
779 2
780 0
781 0
782 0
783 0
784 0
785 2
786 0
787 2
788 0
789 0
790 1
791 0
792 2
793 2
794 0
795 0
796 0
797 0
798 2
799 2
800 2
801 2
802 2
803 0
804 1
805 0
806 0
807 0
808 0
809 2
810 0
811 2
812 2
813 0
814 2
815 2
816 0
817 2
818 2
819 0
820 0
821 2
822 2
823 2
824 0
825 0
826 2
827 2
828 1
829 2
830 0
831 2
832 0
833 0
834 0
835 2
836 2
837 2
838 2
839 2
840 0
841 2
842 0
843 0
844 0
845 0
846 0
847 0
848 0
849 2
850 2
851 2
852 0
853 2
854 0
855 0
856 2
857 0
858 2
859 2
860 2
861 1
862 0
863 0
864 2
865 2
866 1
867 0
868 2
869 0
870 0
871 0
872 0
873 2
874 0
875 0
876 2
877 0
878 0
879 1
880 0
881 0
882 0
883 0
884 0
885 2
886 1
887 0
888 0
889 0
890 0
891 1
892 0
893 2
894 0
895 0
896 0
897 0
898 0
899 0
900 0
901 0
902 0
903 2
904 1
905 0
906 1
907 0
908 2
909 0
910 2
911 2
912 2
913 2
914 2
915 0
916 2
917 1
918 2
919 2
920 0
921 0
922 0
923 2
924 2
925 0
926 0
927 0
928 0
929 2
930 1
931 0
932 0
933 0
934 2
935 0
936 0
937 2
938 0
939 0
940 0
941 0
942 0
943 2
944 2
945 1
946 0
947 0
948 0
949 2
950 2
951 2
952 0
953 0
954 0
955 1
956 1
957 2
958 0
959 2
960 1
961 2
962 0
963 0
964 0
965 2
966 2
967 2
968 0
969 0
970 2
971 0
972 0
973 0
974 2
975 2
976 0
977 2
978 0
979 2
980 2
981 2
982 0
983 0
984 0
985 0
986 0
987 2
988 0
989 2
990 0
991 0
992 0
993 0
994 2
995 1
996 0
997 2
998 2
999 2
1000 0
1001 0
1002 0
1003 0
1004 2
1005 0
1006 0
1007 0
1008 0
1009 0
1010 0
1011 0
1012 2
1013 2
1014 2
1015 0
1016 1
1017 0
1018 0
1019 0
1020 0
1021 0
1022 2
1023 1
1024 2
1025 2
1026 2
1027 2
1028 1
1029 0
1030 2
1031 2
1032 0
1033 2
1034 0
1035 0
1036 0
1037 2
1038 0
1039 0
1040 2
1041 2
1042 0
1043 0
1044 0
1045 0
1046 2
1047 0
1048 2
1049 2
1050 0
1051 0
1052 2
1053 0
1054 0
1055 0
1056 0
1057 1
1058 2
1059 0
1060 0
1061 2
1062 0
1063 0
1064 0
1065 2
1066 0
1067 0
1068 2
1069 0
1070 0
1071 0
1072 0
1073 1
1074 2
1075 0
1076 2
1077 2
1078 0
1079 0
1080 2
1081 0
1082 0
1083 2
1084 1
1085 2
1086 0
1087 0
1088 0
1089 0
1090 1
1091 0
1092 1
1093 0
1094 0
1095 0
1096 0
1097 2
1098 2
1099 2
1100 0
1101 0
1102 0
1103 2
1104 0
1105 0
1106 2
1107 2
1108 2
1109 2
1110 1
1111 0
1112 2
1113 0
1114 2
1115 0
1116 2
1117 0
1118 2
1119 0
1120 1
1121 0
1122 2
1123 2
1124 0
1125 0
1126 2
1127 0
1128 0
1129 0
1130 2
1131 2
1132 0
1133 1
1134 0
1135 1
1136 0
1137 2
1138 2
1139 0
1140 1
1141 0
1142 2
1143 1
1144 0
1145 0
1146 2
1147 2
1148 2
1149 0
1150 0
1151 0
1152 2
1153 0
1154 0
1155 0
1156 2
1157 2
1158 2
1159 0
1160 0
1161 0
1162 2
1163 2
1164 2
1165 0
1166 2
1167 0
1168 0
1169 0
1170 0
1171 0
1172 2
1173 0
1174 0
1175 0
1176 2
1177 0
1178 2
1179 0
1180 0
1181 0
1182 0
1183 0
1184 0
1185 0
1186 0
1187 2
1188 0
1189 0
1190 2
1191 0
1192 1
1193 0
1194 2
1195 2
1196 1
1197 2
1198 1
1199 2
1200 2
1201 1
1202 0
1203 0
