0 0
1 0
2 2
3 2
4 0
5 1
6 0
7 1
8 1
9 2
10 1
11 0
12 0
13 2
14 2
15 1
16 0
17 2
18 0
19 0
20 0
21 0
22 1
23 0
24 0
25 0
26 0
27 2
28 0
29 2
30 0
31 1
32 0
33 0
34 0
35 0
36 2
37 0
38 0
39 2
40 2
41 2
42 0
43 0
44 2
45 0
46 2
47 0
48 1
49 0
50 0
51 0
52 0
53 0
54 0
55 2
56 2
57 2
58 0
59 0
60 2
61 2
62 1
63 0
64 0
65 2
66 0
67 0
68 2
69 1
70 2
71 0
72 2
73 2
74 0
75 2
76 0
77 0
78 0
79 0
80 2
81 0
82 0
83 2
84 0
85 2
86 0
87 0
88 0
89 1
90 0
91 0
92 0
93 0
94 2
95 0
96 0
97 0
98 0
99 0
100 2
101 0
102 0
103 0
104 0
105 0
106 0
107 2
108 2
109 0
110 0
111 2
112 0
113 0
114 0
115 1
116 1
117 2
118 2
119 0
120 0
121 0
122 0
123 2
124 0
125 0
126 2
127 0
128 2
129 0
130 0
131 0
132 2
133 0
134 2
135 0
136 0
137 0
138 0
139 0
140 2
141 0
142 0
143 0
144 1
145 2
146 0
147 0
148 0
149 1
150 0
151 0
152 0
153 0
154 0
155 1
156 2
157 0
158 2
159 2
160 0
161 0
162 2
163 2
164 2
165 2
166 0
167 0
168 1
169 2
170 0
171 2
172 2
173 0
174 2
175 0
176 2
177 2
178 0
179 2
180 0
181 2
182 2
183 2
184 0
185 0
186 0
187 0
188 1
189 2
190 1
191 2
192 0
193 0
194 0
195 2
196 2
197 2
198 0
199 0
200 2
201 0
202 0
203 2
204 2
205 2
206 0
207 0
208 0
209 0
210 0
211 2
212 2
213 2
214 0
215 2
216 0
217 2
218 0
219 0
220 2
221 0
222 2
223 0
224 0
225 1
226 0
227 2
228 2
229 0
230 0
231 2
232 0
233 2
234 0
235 0
236 2
237 0
238 0
239 2
240 0
241 0
242 0
243 2
244 0
245 0
246 2
247 2
248 0
249 0
250 1
251 0
252 0
253 0
254 0
255 2
256 2
257 0
258 0
259 0
260 0
261 0
262 0
263 2
264 2
265 0
266 2
267 0
268 0
269 2
270 1
271 2
272 2
273 0
274 0
275 2
276 0
277 2
278 0
279 2
280 2
281 0
282 2
283 2
284 2
285 0
286 0
287 0
288 0
289 0
290 1
291 0
292 2
293 0
294 1
295 0
296 0
297 0
298 2
299 2
300 1
301 2
302 0
303 2
304 2
305 0
306 0
307 0
308 0
309 2
310 0
311 2
312 2
313 0
314 2
315 0
316 2
317 0
318 0
319 0
320 0
321 0
322 0
323 0
324 2
325 0
326 0
327 0
328 2
329 0
330 0
331 0
332 0
333 1
334 1
335 2
336 2
337 0
338 0
339 0
340 0
341 2
342 0
343 0
344 2
345 2
346 2
347 2
348 0
349 2
350 2
351 0
352 0
353 0
354 0
355 2
356 2
357 0
358 2
359 0
360 0
361 0
362 2
363 2
364 2
365 0
366 2
367 2
368 0
369 2
370 1
371 0
372 0
373 2
374 0
375 0
376 0
377 2
378 2
379 0
380 2
381 0
382 0
383 0
384 0
385 1
386 0
387 2
388 0
389 0
390 0
391 0
392 0
393 2
394 0
395 0
396 0
397 0
398 2
399 2
400 2
401 2
402 2
403 0
404 0
405 1
406 2
407 0
408 2
409 2
410 2
411 2
412 0
413 2
414 2
415 0
416 2
417 2
418 1
419 0
420 0
421 2
422 0
423 2
424 2
425 2
426 0
427 2
428 2
429 2
430 0
431 2
432 0
433 0
434 0
435 2
436 2
437 2
438 2
439 0
440 2
441 0
442 0
443 0
444 2
445 1
446 0
447 0
448 0
449 0
450 0
451 0
452 1
453 2
454 0
455 0
456 2
457 0
458 0
459 0
460 0
461 0
462 2
463 0
464 2
465 0
466 0
467 0
