0 0
1 2
2 0
3 1
4 0
5 1
6 0
7 2
8 0
9 0
10 0
11 1
12 0
13 0
14 0
15 0
16 2
17 0
18 0
19 0
20 0
21 0
22 1
23 0
24 0
25 0
26 2
27 1
28 0
29 2
30 0
31 0
32 0
33 2
34 2
35 0
36 0
37 2
38 0
39 0
40 1
41 1
42 0
43 0
44 1
45 2
46 0
47 0
48 0
49 2
50 2
51 2
52 0
53 2
54 2
55 1
56 2
57 1
58 2
59 1
60 2
61 1
62 0
63 0
64 1
65 0
66 0
67 1
68 2
69 0
70 1
71 1
72 1
73 0
74 0
75 2
76 0
77 0
78 2
79 2
80 2
81 0
82 0
83 2
84 0
85 1
86 0
87 0
88 0
89 0
90 1
91 1
92 0
93 1
94 0
95 0
96 0
97 1
98 0
99 0
100 0
101 0
102 2
103 0
104 1
105 0
106 0
107 2
108 2
109 2
110 0
111 0
112 0
113 1
114 1
115 0
116 0
117 2
118 1
119 0
120 0
121 2
122 0
123 0
124 1
125 2
126 1
127 2
128 0
129 2
130 2
131 2
132 0
133 2
134 0
135 0
136 1
137 0
138 1
139 1
140 0
141 0
142 2
143 0
144 1
145 0
146 2
147 1
148 0
149 2
150 2
151 1
152 1
153 2
154 2
155 2
156 1
157 0
158 0
159 0
160 0
161 0
162 2
163 1
164 0
165 2
166 2
167 1
168 0
169 0
170 2
171 0
172 0
173 1
174 0
175 1
176 1
177 0
178 2
179 0
180 0
181 0
182 2
183 2
184 0
185 2
186 0
187 0
188 0
189 0
190 1
191 1
192 2
193 2
194 2
195 2
196 1
197 0
198 2
199 0
200 0
201 1
202 0
203 2
204 2
205 0
206 0
207 0
208 2
209 0
210 0
211 2
212 1
213 0
214 0
215 0
216 0
217 0
218 0
219 0
220 2
221 2
222 0
223 0
224 2
225 2
226 0
227 0
228 2
229 1
230 0
231 0
232 1
233 1
234 1
235 0
236 0
237 1
238 0
239 1
240 0
241 1
242 0
243 1
244 2
245 0
246 0
247 2
248 1
249 2
250 0
251 1
252 1
253 0
254 0
255 0
256 2
257 0
258 0
259 0
260 1
261 0
262 0
263 0
264 0
265 1
266 1
267 2
268 2
269 2
270 0
271 0
272 1
273 0
274 0
275 0
276 0
277 2
278 1
279 2
280 0
281 0
282 0
283 2
284 2
285 2
286 0
287 1
288 2
289 2
290 0
291 0
292 0
293 1
294 1
295 0
296 2
297 0
298 1
299 1
300 2
301 0
302 2
303 0
304 1
305 1
306 0
307 0
308 1
309 0
310 1
311 2
312 0
313 1
314 0
315 1
316 2
317 0
318 1
319 0
320 1
321 2
322 1
323 2
324 2
325 0
326 0
327 0
328 1
329 2
330 0
331 1
332 0
333 0
334 1
335 0
336 0
337 1
338 2
339 1
340 0
341 1
342 0
343 2
344 2
345 0
346 0
347 0
348 2
349 2
350 0
351 1
352 1
353 0
354 1
355 0
356 0
357 0
358 2
359 1
360 2
361 0
362 0
363 2
364 2
365 0
366 1
367 1
368 1
369 1
370 2
371 2
372 1
373 1
374 2
375 1
376 0
377 0
378 2
379 0
380 0
381 0
382 1
383 2
384 2
385 0
386 2
387 0
388 1
389 2
390 1
391 2
392 2
393 2
394 0
395 0
396 1
397 0
398 2
399 1
400 1
401 1
402 1
403 1
404 0
405 2
406 0
407 2
408 0
409 0
410 0
411 2
412 0
413 2
414 0
415 0
416 0
417 1
418 0
419 0
420 2
421 2
422 1
423 2
424 0
425 2
426 1
427 0
428 0
429 1
430 0
431 1
432 1
433 0
434 0
435 0
436 0
437 1
438 2
439 0
440 0
441 0
442 2
443 0
444 0
445 2
446 2
447 1
448 0
449 1
450 0
451 0
452 1
453 2
454 2
455 0
456 0
457 0
458 0
459 2
460 0
461 1
462 0
463 0
464 2
465 0
466 1
467 1
468 1
469 0
470 2
471 0
472 2
473 0
474 0
475 2
476 2
477 1
478 0
479 0
480 2
481 0
482 0
483 1
484 1
485 0
486 2
487 0
488 1
489 0
490 2
491 2
492 0
493 2
494 2
495 0
496 1
497 1
498 2
499 0
500 0
501 0
502 2
503 0
504 2
505 1
506 0
507 0
508 0
509 2
510 0
511 2
512 2
513 2
514 0
515 0
516 2
517 1
518 0
519 1
520 1
521 2
522 2
523 0
524 0
525 1
526 0
527 0
528 0
529 2
530 0
531 0
532 0
533 0
534 2
535 2
536 2
537 1
538 0
539 2
540 2
541 2
542 1
543 1
544 2
545 1
546 2
547 1
548 0
549 2
550 1
551 1
552 0
553 0
554 0
555 2
556 0
557 1
558 2
559 1
560 1
561 0
562 0
563 1
564 0
565 2
566 0
567 2
568 2
569 0
570 2
571 1
572 1
573 0
574 0
575 2
576 2
577 2
578 2
579 2
580 0
581 2
582 0
583 2
584 0
585 0
586 0
587 0
588 1
589 0
590 2
591 0
592 0
593 2
594 2
595 0
596 0
597 1
598 1
599 0
600 0
601 0
602 2
603 2
604 1
605 2
606 0
607 1
608 1
609 1
610 2
611 0
612 2
613 1
614 0
615 1
616 1
617 2
618 0
619 0
620 0
621 0
622 1
623 2
624 0
625 1
626 2
627 2
628 0
629 0
630 1
631 2
632 2
633 2
634 1
635 0
636 0
637 0
638 0
639 0
640 1
641 0
642 2
643 2
644 2
645 1
646 2
647 2
648 0
649 2
650 2
651 1
652 0
653 0
654 0
655 0
656 0
657 2
658 2
659 2
660 0
661 0
662 0
663 0
664 1
665 1
666 2
667 0
668 0
669 0
670 0
671 0
672 1
673 1
674 0
675 0
676 0
677 1
678 1
679 1
680 0
681 0
682 2
683 1
684 1
685 2
686 2
687 0
688 0
689 0
690 2
691 2
692 2
693 0
694 1
695 1
696 0
697 1
698 2
699 0
700 0
701 1
702 1
703 1
704 0
705 0
706 0
707 1
708 0
709 2
710 0
711 0
712 2
713 0
714 0
715 0
716 2
717 0
718 2
719 0
720 0
721 0
722 0
723 2
724 1
725 2
726 0
727 0
728 1
729 0
730 1
731 0
732 2
733 2
734 1
735 1
736 2
737 1
738 0
739 2
740 1
741 1
742 0
743 2
744 0
745 1
746 0
747 1
748 2
749 2
750 2
751 0
752 1
753 1
754 1
755 2
756 2
757 1
758 1
759 2
760 0
761 2
762 0
763 0
764 2
765 0
766 0
767 0
768 2
769 0
770 0
771 1
772 0
773 2
774 1
775 2
776 2
777 0
778 2
779 1
780 0
781 0
782 1
783 0
784 1
785 2
786 2
787 1
788 2
789 0
790 0
791 2
792 0
793 2
794 1
795 0
796 2
797 2
798 0
799 2
800 2
801 1
802 2
803 0
804 2
805 0
806 0
807 0
808 1
809 1
810 0
811 0
812 0
813 2
814 2
815 2
816 2
817 1
818 1
819 2
820 0
821 2
822 1
823 1
824 1
825 0
826 2
827 1
828 0
829 0
830 0
831 2
832 2
833 1
834 1
835 1
836 2
837 0
838 0
839 0
840 1
841 0
842 2
843 0
844 0
845 1
846 2
847 1
848 0
849 1
850 2
851 0
852 2
853 2
854 2
855 1
856 0
857 2
858 0
859 0
860 1
861 0
862 1
863 1
864 2
865 0
866 2
867 0
868 2
869 1
870 2
871 0
872 0
873 2
874 0
875 2
876 2
877 0
878 1
879 1
880 2
881 2
882 0
883 0
884 0
885 0
886 2
887 0
888 0
889 1
890 0
891 0
892 2
893 0
894 0
895 1
896 1
897 1
898 0
899 2
900 2
901 2
902 0
903 0
904 0
905 0
906 1
907 2
908 0
909 0
910 0
911 0
912 0
913 2
914 2
915 0
916 1
917 0
918 1
919 1
920 2
921 2
922 0
923 0
924 1
925 0
926 0
927 2
928 1
929 2
930 2
931 0
932 1
933 2
934 0
935 0
936 0
937 2
938 1
939 2
940 0
941 2
942 1
943 2
944 2
945 0
946 1
947 0
948 0
949 1
950 2
951 1
952 2
953 0
954 0
955 0
956 2
957 2
958 2
959 2
960 1
961 2
962 1
963 0
964 1
965 0
966 0
967 1
968 2
969 0
970 0
971 2
972 0
973 2
974 2
975 2
976 2
977 0
978 2
979 1
980 0
981 0
982 0
983 2
984 1
985 0
986 0
987 0
988 2
989 0
990 1
991 1
992 0
993 0
994 0
995 2
996 1
997 0
998 0
999 1
1000 0
1001 0
1002 0
1003 0
1004 1
1005 2
1006 2
1007 0
1008 0
1009 0
1010 2
1011 2
1012 1
1013 1
1014 0
1015 1
1016 0
1017 2
1018 2
1019 2
1020 2
1021 2
1022 0
1023 2
1024 1
1025 0
1026 0
1027 0
1028 1
1029 0
1030 1
1031 0
1032 1
1033 0
1034 2
1035 0
1036 1
1037 1
1038 2
1039 0
1040 2
1041 2
1042 2
1043 2
1044 2
1045 2
1046 1
1047 2
1048 2
1049 0
1050 2
1051 0
1052 0
1053 2
1054 1
1055 1
1056 1
1057 0
1058 0
1059 0
1060 0
1061 0
1062 2
1063 0
1064 0
1065 0
1066 0
1067 0
1068 2
1069 2
1070 0
1071 1
1072 0
1073 0
1074 2
1075 1
1076 2
1077 2
1078 1
1079 0
1080 2
1081 0
1082 1
1083 0
1084 1
1085 0
1086 0
1087 1
1088 0
1089 2
1090 0
1091 0
1092 1
1093 1
1094 1
1095 2
1096 2
1097 1
1098 0
1099 1
1100 0
1101 1
1102 1
1103 2
1104 0
1105 1
1106 0
1107 0
1108 2
1109 0
1110 2
1111 0
1112 0
1113 0
1114 0
1115 0
1116 0
1117 0
1118 1
1119 2
1120 1
1121 1
1122 1
1123 0
1124 0
1125 2
1126 0
1127 0
1128 0
1129 2
1130 0
1131 2
1132 2
1133 2
1134 0
1135 0
1136 2
1137 2
1138 1
1139 2
1140 1
1141 2
1142 0
1143 1
1144 2
1145 2
1146 1
1147 0
1148 2
1149 0
1150 0
1151 1
1152 2
1153 0
1154 0
1155 0
1156 0
1157 1
1158 0
1159 2
1160 2
1161 2
1162 2
1163 0
1164 1
1165 2
1166 2
1167 2
1168 0
1169 1
1170 0
1171 2
1172 0
1173 1
1174 0
1175 0
1176 2
1177 1
1178 0
1179 0
1180 1
1181 2
1182 2
1183 2
1184 0
1185 1
1186 1
1187 2
1188 0
1189 0
1190 0
1191 1
1192 2
1193 1
1194 0
1195 1
1196 0
1197 1
1198 0
1199 1
1200 2
1201 2
1202 2
1203 2
1204 2
1205 0
1206 1
1207 1
1208 2
1209 1
1210 0
1211 1
1212 0
1213 0
1214 0
1215 0
1216 2
1217 0
1218 1
1219 0
1220 2
1221 2
1222 0
1223 0
1224 2
1225 2
1226 0
1227 2
1228 2
1229 0
1230 1
1231 0
1232 0
1233 1
1234 0
1235 2
1236 0
1237 0
1238 0
1239 2
1240 0
1241 0
1242 0
1243 0
1244 2
1245 0
1246 1
1247 2
1248 2
1249 2
1250 2
1251 1
1252 0
1253 1
1254 0
1255 0
1256 0
1257 2
1258 0
1259 0
1260 2
1261 2
1262 2
1263 0
1264 1
1265 1
1266 0
1267 2
1268 1
1269 1
1270 1
1271 2
1272 1
1273 0
1274 0
1275 2
1276 0
1277 0
1278 0
1279 1
1280 0
1281 2
1282 2
1283 2
1284 0
1285 0
1286 0
1287 0
1288 0
1289 1
1290 1
1291 2
1292 2
1293 0
1294 0
1295 0
1296 0
1297 1
1298 1
1299 0
1300 1
1301 2
1302 2
1303 2
1304 2
1305 2
1306 2
1307 0
1308 0
1309 0
1310 1
1311 0
1312 1
1313 1
1314 1
1315 0
1316 2
1317 0
1318 0
1319 2
1320 0
1321 0
1322 2
1323 1
1324 2
1325 2
1326 1
1327 2
1328 0
1329 0
1330 0
1331 0
1332 0
1333 1
1334 2
1335 0
1336 0
1337 1
1338 0
1339 1
1340 2
1341 2
1342 0
1343 0
1344 1
1345 1
1346 1
1347 0
1348 0
1349 0
1350 0
1351 2
1352 0
1353 1
1354 0
1355 2
1356 0
1357 0
1358 0
1359 2
1360 0
1361 1
1362 1
1363 1
1364 2
1365 2
1366 1
1367 1
1368 0
1369 1
1370 0
1371 2
1372 2
1373 0
1374 1
1375 1
1376 0
1377 1
1378 0
1379 0
1380 1
1381 0
1382 0
1383 1
1384 0
1385 1
1386 0
1387 2
1388 0
1389 0
1390 1
1391 2
1392 2
1393 0
1394 2
1395 0
1396 2
1397 2
1398 0
1399 2
1400 1
1401 1
1402 2
1403 2
1404 0
1405 0
1406 0
1407 1
1408 0
1409 2
1410 0
1411 2
1412 0
1413 2
1414 1
1415 1
1416 0
1417 2
1418 2
1419 0
1420 2
1421 0
1422 1
1423 2
1424 0
1425 1
1426 1
1427 1
1428 0
1429 0
1430 0
1431 1
1432 2
1433 0
1434 2
1435 2
1436 2
1437 0
1438 0
1439 2
1440 0
1441 0
1442 0
1443 0
1444 0
1445 0
1446 1
1447 0
1448 2
1449 0
1450 1
1451 2
1452 0
1453 1
1454 1
1455 2
1456 2
1457 0
1458 0
1459 2
1460 0
1461 2
1462 2
1463 0
1464 1
1465 1
1466 1
1467 1
1468 0
1469 1
1470 2
1471 1
1472 0
1473 1
1474 2
1475 2
1476 2
1477 0
1478 1
1479 2
1480 2
1481 0
1482 1
1483 0
1484 2
1485 1
1486 0
1487 0
1488 1
1489 1
1490 2
1491 2
1492 0
1493 0
1494 1
1495 0
1496 1
1497 1
1498 0
1499 0
1500 2
1501 0
1502 2
1503 2
1504 1
1505 0
1506 1
1507 1
1508 0
1509 0
1510 1
1511 0
1512 0
1513 0
1514 0
1515 0
1516 0
1517 1
1518 1
1519 0
1520 0
1521 2
1522 2
1523 2
1524 2
1525 0
1526 1
1527 2
1528 2
1529 1
1530 0
1531 1
1532 0
1533 0
1534 0
1535 1
1536 1
1537 0
1538 0
1539 1
1540 2
1541 1
1542 0
1543 0
1544 1
1545 2
1546 0
1547 1
1548 0
1549 0
1550 2
1551 1
1552 1
1553 2
1554 2
1555 0
1556 0
1557 2
1558 2
1559 2
1560 2
1561 1
1562 1
1563 0
1564 0
1565 2
1566 1
1567 1
1568 0
1569 1
1570 0
1571 0
1572 0
1573 2
1574 2
1575 0
1576 0
1577 1
1578 1
1579 2
1580 0
1581 2
1582 0
1583 0
1584 1
1585 2
1586 0
1587 2
1588 2
1589 0
1590 0
1591 2
1592 0
1593 1
1594 0
1595 0
1596 0
1597 1
1598 0
1599 1
1600 0
1601 0
1602 0
1603 0
1604 0
1605 0
1606 1
1607 2
1608 2
1609 0
1610 0
1611 0
1612 0
1613 0
1614 2
1615 1
1616 2
1617 2
1618 0
1619 2
1620 1
1621 2
1622 2
1623 0
1624 0
1625 2
1626 0
1627 0
1628 1
1629 0
1630 0
1631 2
1632 0
1633 0
1634 2
1635 0
1636 0
1637 2
1638 0
1639 0
1640 2
1641 2
1642 2
1643 1
1644 2
1645 0
1646 0
1647 1
1648 2
1649 0
1650 0
1651 0
1652 0
1653 1
1654 1
1655 0
1656 1
1657 2
1658 0
1659 2
1660 2
1661 1
1662 1
1663 2
1664 1
1665 0
1666 0
1667 2
1668 0
1669 0
1670 2
1671 2
1672 0
1673 2
1674 0
1675 2
1676 2
1677 0
1678 0
1679 0
1680 1
1681 1
1682 2
1683 2
1684 0
1685 2
1686 1
1687 0
1688 0
1689 2
1690 2
1691 2
1692 1
1693 2
1694 0
1695 2
1696 0
1697 1
1698 0
1699 0
1700 1
1701 0
1702 1
1703 1
1704 1
1705 2
1706 0
1707 0
1708 2
1709 2
1710 0
1711 0
1712 2
1713 0
1714 2
1715 2
1716 1
1717 0
1718 2
1719 1
1720 2
1721 1
1722 1
1723 1
1724 0
1725 0
1726 0
1727 1
1728 0
1729 2
1730 0
1731 0
1732 0
1733 2
1734 2
1735 0
1736 2
1737 2
1738 1
1739 0
1740 0
1741 1
1742 0
1743 0
1744 0
1745 1
1746 1
1747 0
1748 0
1749 2
1750 0
1751 0
1752 1
1753 2
1754 2
1755 2
1756 0
1757 2
1758 1
1759 0
1760 0
1761 0
1762 0
1763 0
1764 0
1765 2
1766 0
1767 1
1768 2
1769 0
1770 1
1771 0
1772 1
1773 0
1774 2
1775 0
1776 0
1777 0
1778 1
1779 2
1780 0
1781 0
1782 0
1783 2
1784 2
1785 1
1786 0
1787 0
1788 0
1789 0
1790 2
1791 1
1792 2
1793 1
1794 2
1795 0
1796 0
1797 0
1798 2
1799 0
1800 0
1801 1
1802 1
1803 1
1804 2
1805 2
1806 0
1807 2
1808 0
1809 1
1810 1
1811 0
1812 2
1813 0
1814 0
1815 1
1816 0
1817 1
1818 1
1819 0
1820 2
1821 0
1822 2
1823 0
1824 0
1825 0
1826 0
1827 2
1828 0
1829 1
1830 2
1831 2
1832 0
1833 0
1834 2
1835 2
1836 1
1837 2
1838 2
1839 2
1840 1
1841 2
1842 0
1843 1
1844 0
1845 2
1846 0
1847 0
1848 0
1849 0
1850 1
1851 2
1852 1
1853 0
1854 1
1855 2
1856 1
1857 0
1858 1
1859 0
1860 2
1861 2
1862 2
1863 1
1864 0
1865 1
1866 0
1867 1
1868 2
1869 2
1870 0
1871 2
1872 0
1873 0
1874 1
1875 1
1876 0
1877 2
1878 2
1879 0
1880 0
1881 0
1882 2
1883 0
1884 0
1885 2
1886 0
1887 1
1888 0
1889 0
1890 1
1891 0
1892 2
1893 1
1894 2
1895 1
1896 0
1897 0
1898 2
1899 0
1900 0
1901 0
1902 1
1903 1
1904 1
1905 0
1906 1
1907 1
1908 0
1909 0
1910 0
1911 1
1912 1
1913 1
1914 2
1915 2
1916 1
1917 1
1918 0
1919 0
1920 0
1921 2
1922 2
1923 0
1924 2
1925 2
1926 1
1927 0
1928 2
1929 1
1930 1
1931 0
1932 0
1933 1
1934 0
1935 0
1936 0
1937 0
1938 2
1939 0
1940 0
1941 1
1942 0
1943 1
1944 2
1945 2
1946 1
1947 0
1948 1
1949 2
1950 2
1951 2
1952 2
1953 2
1954 0
1955 0
1956 0
1957 2
1958 0
1959 0
1960 1
1961 2
1962 2
1963 2
1964 2
1965 0
1966 0
1967 0
1968 1
1969 1
1970 0
1971 2
1972 0
1973 0
1974 0
1975 2
1976 0
1977 0
1978 0
1979 2
1980 0
1981 2
1982 1
1983 0
1984 0
1985 2
1986 0
1987 1
1988 1
1989 0
1990 1
1991 2
1992 2
1993 2
1994 0
1995 0
1996 2
1997 0
1998 1
1999 2
2000 2
2001 0
2002 1
2003 0
2004 2
2005 1
2006 2
2007 2
2008 0
2009 0
2010 2
2011 2
2012 2
2013 2
2014 0
2015 0
2016 1
2017 1
2018 0
2019 0
2020 1
2021 0
2022 1
2023 0
2024 2
2025 0
2026 0
2027 1
2028 0
2029 2
2030 2
2031 0
2032 0
2033 0
2034 0
2035 1
2036 0
2037 0
2038 1
2039 1
2040 0
2041 2
2042 0
2043 0
2044 0
2045 2
2046 2
2047 2
2048 0
2049 2
2050 2
2051 0
2052 2
2053 2
2054 2
2055 1
2056 2
2057 2
2058 2
2059 1
2060 2
2061 1
2062 2
2063 1
2064 2
2065 0
2066 0
2067 0
2068 0
2069 1
2070 2
2071 0
2072 2
2073 1
2074 0
2075 0
2076 0
2077 0
2078 2
2079 2
2080 1
2081 0
2082 1
2083 1
2084 0
2085 0
2086 0
2087 0
2088 0
2089 0
2090 0
2091 2
2092 0
2093 1
2094 0
2095 2
2096 0
2097 1
2098 0
2099 1
2100 1
2101 0
2102 1
2103 0
2104 0
2105 0
2106 2
2107 1
2108 1
2109 0
2110 1
2111 0
2112 1
2113 0
2114 1
2115 2
2116 0
2117 0
2118 0
2119 2
2120 0
2121 1
2122 1
2123 1
2124 1
2125 0
2126 0
2127 1
2128 0
2129 2
2130 2
2131 0
2132 0
2133 1
2134 2
2135 1
2136 1
2137 2
2138 0
2139 2
2140 1
2141 0
2142 0
2143 0
2144 0
2145 2
2146 0
2147 0
2148 2
2149 0
2150 0
2151 0
2152 2
2153 1
2154 0
2155 2
2156 0
2157 0
2158 2
2159 2
2160 1
2161 0
2162 1
2163 0
2164 2
2165 0
2166 0
2167 0
2168 0
2169 0
2170 0
2171 1
2172 0
2173 0
2174 0
2175 2
2176 0
2177 2
2178 2
2179 2
2180 0
2181 1
2182 0
2183 0
2184 0
2185 1
2186 2
2187 1
2188 1
2189 1
2190 1
2191 2
2192 0
2193 0
2194 1
2195 0
2196 2
2197 0
2198 2
2199 0
2200 2
2201 1
2202 2
2203 1
2204 1
2205 1
2206 0
2207 0
2208 2
2209 1
2210 0
2211 0
2212 1
2213 0
2214 0
2215 2
2216 2
2217 1
2218 2
2219 0
2220 0
2221 2
2222 2
2223 0
2224 0
2225 1
2226 2
2227 1
2228 0
2229 0
2230 2
2231 1
2232 2
2233 0
2234 2
2235 1
2236 0
2237 0
2238 2
2239 2
2240 2
2241 2
2242 0
2243 1
2244 0
2245 1
2246 0
2247 0
2248 1
2249 1
2250 0
2251 1
2252 2
2253 0
2254 1
2255 1
2256 1
2257 1
2258 0
2259 1
2260 1
2261 0
2262 1
2263 2
2264 2
2265 2
2266 1
2267 1
2268 0
2269 1
2270 0
2271 1
2272 0
2273 0
2274 2
2275 1
2276 0
2277 2
2278 0
2279 1
2280 2
2281 2
2282 0
2283 0
2284 1
2285 0
2286 2
2287 2
2288 0
2289 1
2290 2
2291 1
2292 1
2293 0
2294 0
2295 1
2296 1
2297 0
2298 2
2299 0
2300 2
2301 1
2302 1
2303 1
2304 2
2305 2
2306 1
2307 1
2308 2
2309 0
2310 0
2311 0
2312 0
2313 2
2314 1
2315 0
2316 0
2317 2
2318 0
2319 0
2320 2
2321 1
2322 0
2323 2
2324 0
2325 0
2326 0
2327 2
2328 0
2329 2
2330 2
2331 1
2332 1
2333 2
2334 2
2335 2
2336 0
2337 0
2338 0
2339 0
2340 2
2341 2
2342 0
2343 1
2344 2
2345 2
2346 0
2347 1
2348 2
2349 0
2350 1
2351 0
2352 0
2353 0
2354 1
2355 1
2356 1
2357 0
2358 2
2359 0
2360 1
2361 1
2362 2
2363 2
2364 1
2365 0
2366 0
2367 2
2368 0
2369 1
2370 1
2371 1
2372 1
2373 1
2374 0
2375 1
2376 0
2377 0
2378 0
2379 0
2380 0
2381 2
2382 1
2383 1
2384 0
2385 2
2386 0
2387 0
2388 2
2389 2
2390 0
2391 0
2392 2
2393 1
2394 0
2395 0
2396 1
2397 1
2398 0
2399 0
2400 2
2401 1
2402 0
2403 0
2404 1
2405 1
2406 0
2407 0
2408 0
2409 0
2410 0
2411 2
2412 1
2413 1
2414 0
2415 0
2416 0
2417 0
2418 0
2419 2
2420 1
2421 0
2422 0
2423 0
2424 2
2425 1
2426 2
2427 2
2428 0
2429 1
2430 2
2431 0
2432 0
2433 0
2434 0
2435 1
2436 1
2437 0
2438 1
2439 1
2440 0
2441 2
2442 2
2443 2
2444 2
2445 0
2446 1
2447 0
2448 1
2449 0
2450 1
2451 0
2452 1
2453 0
2454 0
2455 1
2456 2
2457 0
2458 1
2459 0
2460 2
2461 1
2462 2
2463 2
2464 0
2465 0
2466 0
2467 1
2468 0
2469 0
2470 2
2471 1
2472 0
2473 2
2474 1
2475 1
2476 0
2477 2
2478 0
2479 2
2480 0
2481 1
2482 0
2483 0
2484 0
2485 0
2486 1
2487 0
2488 0
2489 0
2490 0
2491 2
2492 2
2493 1
2494 0
2495 1
2496 0
2497 2
2498 0
2499 0
2500 1
2501 0
2502 2
2503 0
2504 0
2505 1
2506 2
2507 0
2508 1
2509 0
2510 0
2511 1
2512 2
2513 1
2514 2
2515 2
2516 2
2517 0
2518 1
2519 2
2520 1
2521 1
2522 0
2523 0
2524 2
2525 0
2526 0
2527 2
2528 1
2529 0
2530 0
2531 2
2532 2
2533 2
2534 2
2535 1
2536 0
2537 2
2538 1
2539 1
2540 1
2541 0
2542 0
2543 2
2544 2
2545 2
2546 2
2547 0
2548 0
2549 1
2550 2
2551 0
2552 0
2553 0
2554 0
2555 2
2556 0
2557 0
2558 0
2559 0
2560 0
2561 0
2562 0
2563 1
2564 0
2565 0
2566 0
2567 0
2568 0
2569 2
2570 0
2571 2
2572 0
2573 2
2574 0
2575 0
2576 0
2577 0
2578 0
2579 0
2580 0
2581 0
2582 2
2583 2
2584 0
2585 1
2586 2
2587 0
2588 2
2589 1
2590 2
2591 1
2592 2
2593 2
2594 0
2595 0
2596 1
2597 1
2598 0
2599 1
2600 1
2601 2
2602 0
2603 2
2604 0
2605 1
2606 1
2607 1
2608 2
2609 0
2610 1
2611 0
2612 1
2613 0
2614 0
2615 0
2616 0
2617 0
2618 0
2619 2
2620 0
2621 0
2622 0
2623 0
2624 1
2625 0
2626 0
2627 0
2628 0
2629 0
2630 0
2631 0
2632 2
2633 1
2634 0
2635 2
2636 0
2637 1
2638 0
2639 0
2640 1
2641 1
2642 1
2643 1
2644 0
2645 0
2646 2
2647 0
2648 2
2649 1
2650 2
2651 2
2652 1
2653 2
2654 0
2655 2
2656 1
2657 2
2658 0
2659 0
2660 0
2661 1
2662 0
2663 2
2664 0
2665 2
2666 2
2667 2
2668 2
2669 1
2670 0
2671 1
2672 1
2673 0
2674 2
2675 1
2676 2
2677 2
2678 0
2679 1
2680 1
2681 0
2682 2
2683 2
2684 0
2685 1
2686 2
2687 1
2688 0
2689 1
2690 1
2691 1
2692 0
2693 1
2694 1
2695 1
2696 0
2697 2
2698 1
2699 1
2700 1
2701 0
2702 0
2703 2
2704 0
2705 2
2706 1
2707 2
2708 0
2709 0
2710 1
2711 2
2712 0
2713 0
2714 2
2715 2
2716 1
2717 2
2718 2
2719 0
2720 0
2721 0
2722 1
2723 1
2724 0
2725 2
2726 0
2727 0
2728 0
2729 0
2730 1
2731 1
2732 2
2733 0
2734 1
2735 1
2736 2
2737 1
2738 1
2739 1
2740 0
2741 0
2742 0
2743 0
2744 0
2745 1
2746 0
2747 0
2748 0
2749 0
2750 1
2751 0
2752 0
2753 1
2754 2
2755 1
2756 2
2757 0
2758 0
2759 2
2760 0
2761 2
2762 1
2763 2
2764 0
2765 2
2766 0
2767 1
2768 2
2769 0
2770 2
2771 0
2772 2
2773 0
2774 2
2775 2
2776 0
2777 0
2778 0
2779 2
2780 0
2781 2
2782 1
2783 0
2784 0
2785 1
2786 2
2787 1
2788 1
2789 0
2790 2
2791 1
2792 2
2793 2
2794 2
2795 1
2796 0
2797 2
2798 0
2799 0
2800 0
2801 2
2802 0
2803 0
2804 0
2805 0
2806 0
2807 2
2808 0
2809 2
2810 2
2811 0
2812 2
2813 1
2814 1
2815 0
2816 1
2817 0
2818 0
2819 0
2820 0
2821 0
2822 2
2823 2
2824 0
2825 1
2826 2
2827 1
2828 2
2829 0
2830 2
2831 0
2832 0
2833 0
2834 2
2835 2
2836 0
2837 1
2838 0
2839 0
2840 2
2841 2
2842 2
2843 1
2844 0
2845 1
2846 0
2847 0
2848 0
2849 1
2850 0
2851 0
2852 2
2853 0
2854 0
2855 1
2856 1
2857 1
2858 0
2859 2
2860 0
2861 2
2862 2
2863 1
2864 1
2865 2
2866 2
2867 0
2868 2
2869 2
2870 0
2871 0
2872 0
2873 2
2874 0
2875 0
2876 2
2877 0
2878 2
2879 2
2880 0
2881 2
2882 2
2883 2
2884 2
2885 2
2886 2
2887 2
2888 1
2889 1
2890 1
2891 2
2892 0
2893 0
2894 2
2895 0
2896 2
2897 0
2898 0
2899 1
2900 2
2901 2
2902 2
2903 2
2904 0
2905 1
2906 0
2907 2
2908 1
2909 0
2910 1
2911 1
2912 0
2913 0
2914 2
2915 0
2916 0
2917 0
2918 1
2919 1
2920 0
2921 2
2922 2
2923 1
2924 0
2925 0
2926 0
2927 1
2928 0
2929 2
2930 0
2931 0
2932 0
2933 1
2934 1
2935 0
2936 1
2937 0
2938 2
2939 2
2940 2
2941 0
2942 0
2943 0
2944 0
2945 0
2946 0
2947 1
2948 0
2949 0
2950 1
2951 0
2952 0
2953 1
2954 2
2955 0
2956 0
2957 2
2958 0
2959 1
2960 0
2961 2
2962 2
2963 1
2964 0
2965 0
2966 0
2967 0
2968 0
2969 0
2970 0
2971 1
2972 0
2973 2
2974 2
2975 2
2976 0
2977 0
2978 0
2979 0
2980 0
2981 0
2982 0
2983 2
2984 0
2985 2
2986 1
2987 1
2988 0
2989 0
2990 0
2991 0
2992 0
2993 0
2994 1
2995 0
2996 1
2997 0
2998 1
2999 0
3000 2
3001 0
3002 1
3003 1
3004 0
3005 2
3006 0
3007 0
3008 0
3009 0
3010 0
3011 0
3012 2
3013 0
3014 0
3015 2
3016 2
3017 1
3018 0
3019 1
3020 1
3021 2
3022 0
3023 2
3024 0
3025 0
3026 2
3027 0
3028 0
3029 1
3030 0
3031 2
3032 0
3033 0
3034 1
3035 0
3036 0
3037 0
3038 2
3039 1
3040 2
3041 0
3042 2
3043 2
3044 0
3045 0
3046 2
3047 1
3048 0
3049 0
3050 2
3051 2
3052 2
3053 0
3054 0
3055 1
3056 0
3057 0
3058 2
3059 2
3060 0
3061 1
3062 1
3063 0
3064 2
3065 0
3066 2
3067 0
3068 2
3069 2
3070 2
3071 0
3072 0
3073 2
3074 1
3075 1
3076 0
3077 2
3078 0
3079 2
3080 1
3081 2
3082 2
3083 0
3084 0
3085 0
3086 0
3087 0
3088 2
3089 0
3090 0
3091 1
3092 2
3093 0
3094 1
3095 1
3096 2
3097 0
3098 2
3099 0
3100 0
3101 2
3102 0
3103 0
3104 1
3105 0
3106 0
3107 1
3108 2
3109 0
3110 0
3111 2
3112 1
3113 2
3114 1
3115 1
3116 0
3117 0
3118 0
3119 2
3120 0
3121 0
3122 0
3123 0
3124 0
3125 0
3126 0
3127 0
3128 0
3129 2
3130 2
3131 2
3132 2
3133 0
3134 0
3135 1
3136 0
3137 0
3138 0
3139 0
3140 2
3141 1
3142 1
3143 2
3144 1
3145 2
3146 2
3147 0
3148 0
3149 1
3150 2
3151 0
3152 1
3153 0
3154 0
3155 0
3156 2
3157 0
3158 0
3159 0
3160 1
3161 0
3162 0
3163 1
3164 2
3165 2
3166 1
3167 1
3168 0
3169 2
3170 0
3171 0
3172 0
3173 2
3174 2
3175 1
3176 1
3177 1
3178 2
3179 2
3180 1
3181 2
3182 2
3183 2
3184 0
3185 0
3186 1
3187 2
3188 0
3189 0
3190 2
3191 2
3192 0
3193 2
3194 2
3195 1
3196 0
3197 2
3198 0
3199 0
3200 1
3201 0
3202 2
3203 1
3204 2
3205 1
3206 0
3207 0
3208 2
3209 0
3210 0
3211 1
3212 0
3213 1
3214 2
3215 0
3216 1
3217 0
3218 1
3219 0
3220 1
3221 2
3222 0
3223 0
3224 0
3225 1
3226 1
3227 2
3228 2
3229 0
3230 0
3231 2
3232 1
3233 2
3234 1
3235 0
3236 2
3237 0
3238 0
3239 2
3240 0
3241 0
3242 2
3243 1
3244 2
3245 1
3246 2
3247 0
3248 1
3249 0
3250 2
3251 0
3252 2
3253 0
3254 0
3255 0
3256 0
3257 1
3258 0
3259 0
3260 1
3261 1
3262 2
3263 2
3264 0
3265 2
3266 0
3267 0
3268 0
3269 0
3270 1
3271 0
3272 2
3273 0
3274 0
3275 1
3276 0
3277 1
3278 1
3279 2
3280 2
3281 0
3282 1
3283 2
3284 0
3285 0
3286 1
3287 0
3288 1
3289 2
3290 1
3291 0
3292 0
3293 2
3294 1
3295 0
3296 2
3297 2
3298 0
3299 1
3300 0
3301 1
3302 1
3303 2
3304 1
3305 0
3306 1
3307 0
3308 2
3309 0
3310 1
3311 0
3312 0
3313 0
3314 2
3315 0
3316 0
3317 0
3318 1
3319 1
3320 2
3321 2
3322 0
3323 2
3324 2
3325 1
3326 0
3327 2
3328 0
3329 1
3330 0
3331 0
3332 1
3333 1
3334 0
3335 1
3336 2
3337 2
3338 1
3339 1
3340 1
3341 1
3342 2
3343 0
3344 2
3345 0
3346 0
3347 2
3348 2
3349 2
3350 0
3351 2
3352 1
3353 1
3354 2
3355 2
3356 0
3357 0
3358 2
3359 0
3360 0
3361 1
3362 0
3363 0
3364 2
3365 1
3366 0
3367 2
3368 1
3369 0
3370 0
3371 0
3372 1
3373 2
3374 1
3375 1
3376 0
3377 2
3378 0
3379 2
3380 1
3381 0
3382 0
3383 0
3384 1
3385 0
3386 2
3387 1
3388 1
3389 0
3390 0
3391 0
3392 2
3393 2
3394 2
3395 1
3396 0
3397 0
3398 2
3399 0
3400 1
3401 1
3402 0
3403 1
3404 2
3405 0
3406 0
3407 0
3408 2
3409 0
3410 1
3411 0
3412 0
3413 1
3414 0
3415 2
3416 0
3417 1
3418 1
3419 2
3420 0
3421 1
3422 1
3423 2
3424 0
3425 2
3426 0
3427 1
3428 1
3429 1
3430 2
3431 2
3432 2
3433 1
3434 1
3435 0
3436 0
3437 2
3438 2
3439 0
3440 0
3441 2
3442 0
3443 1
3444 1
3445 0
3446 2
3447 2
3448 0
3449 2
3450 0
3451 0
3452 1
3453 0
3454 1
3455 2
3456 1
3457 0
3458 2
3459 1
3460 2
3461 0
3462 0
3463 1
3464 2
3465 2
3466 0
3467 1
3468 1
3469 2
3470 1
3471 2
3472 2
3473 1
3474 2
3475 1
3476 2
3477 2
3478 0
3479 0
3480 2
3481 2
3482 0
3483 2
3484 0
3485 0
3486 0
3487 0
3488 0
3489 0
3490 0
3491 0
3492 0
3493 0
3494 0
3495 0
