0 0
1 2
2 0
3 2
4 0
5 2
6 0
7 1
8 0
9 0
10 0
11 1
12 0
13 0
14 0
15 0
16 2
17 0
18 0
19 0
20 0
21 0
22 2
23 0
24 0
25 0
26 2
27 1
28 0
29 2
30 0
31 0
32 0
33 1
34 1
35 0
36 0
37 1
38 0
39 0
40 1
41 2
42 0
43 0
44 1
45 2
46 0
47 0
48 0
49 1
50 2
51 2
52 0
53 2
54 2
55 1
56 2
57 2
58 1
59 2
60 1
61 2
62 0
63 0
64 1
65 0
66 0
67 1
68 2
69 0
70 2
71 2
72 1
73 0
74 0
75 1
76 0
77 0
78 2
79 2
80 1
81 0
82 0
83 2
84 0
85 2
86 0
87 0
88 0
89 0
90 2
91 1
92 0
93 1
94 0
95 0
96 0
97 2
98 0
99 0
100 0
101 0
102 1
103 0
104 2
105 0
106 0
107 1
108 2
109 2
110 0
111 0
112 0
113 1
114 1
115 0
116 0
117 1
118 2
119 0
120 0
121 2
122 0
123 0
124 2
125 1
126 2
127 2
128 0
129 2
130 2
131 2
132 0
133 1
134 0
135 0
136 1
137 0
138 2
139 1
140 0
141 0
142 2
143 0
144 1
145 0
146 1
147 2
148 0
149 1
150 1
151 2
152 1
153 1
154 2
155 1
156 2
157 0
158 0
159 0
160 0
161 0
162 1
163 2
164 0
165 1
166 1
167 1
168 0
169 0
170 2
171 0
172 0
173 2
174 0
175 1
176 1
177 0
178 1
179 0
180 0
181 0
182 1
183 1
184 0
185 1
186 0
187 0
188 0
189 0
190 2
191 1
192 1
193 2
194 2
195 2
196 1
197 0
198 1
199 0
200 0
201 1
202 0
203 2
204 2
205 0
206 0
207 0
208 1
209 0
210 0
211 2
212 2
213 0
214 0
215 0
216 0
217 0
218 0
219 0
220 2
221 2
222 0
223 0
224 1
225 1
226 0
227 0
228 1
229 1
230 0
231 0
232 1
233 2
234 1
235 0
236 0
237 1
238 0
239 2
240 0
241 2
242 0
243 1
244 1
245 0
246 0
247 2
248 2
249 2
250 0
251 1
252 2
253 0
254 0
255 0
256 2
257 0
258 0
259 0
260 2
261 0
262 0
263 0
264 0
265 2
266 2
267 1
268 1
269 1
270 0
271 0
272 2
273 0
274 0
275 0
276 0
277 2
278 2
279 2
280 0
281 0
282 0
283 2
284 1
285 2
286 0
287 2
288 2
289 1
290 0
291 0
292 0
293 1
294 2
295 0
296 2
297 0
298 2
299 1
300 2
301 0
302 2
303 0
304 2
305 2
306 0
307 0
308 1
309 0
310 1
311 1
312 0
313 1
314 0
315 2
316 2
317 0
318 1
319 0
320 2
321 2
322 2
323 1
324 2
325 0
326 0
327 0
328 1
329 1
330 0
331 2
332 0
333 0
334 1
335 0
336 0
337 1
338 2
339 2
340 0
341 1
342 0
343 1
344 1
345 0
346 0
347 0
348 2
349 2
350 0
351 1
352 2
353 0
354 2
355 0
356 0
357 0
358 2
359 1
360 1
361 0
362 0
363 2
364 1
365 0
366 1
367 1
368 1
369 1
370 2
371 1
372 1
373 2
374 1
375 1
376 0
377 0
378 1
379 0
380 0
381 0
382 2
383 2
384 1
385 0
386 2
387 0
388 2
389 2
390 2
391 1
392 2
393 2
394 0
395 0
396 1
397 0
398 1
399 1
400 2
401 1
402 2
403 2
404 0
405 2
406 0
407 2
408 0
409 0
410 0
411 1
412 0
413 2
414 0
415 0
416 0
417 1
418 0
419 0
420 1
421 1
422 1
423 2
424 0
425 1
426 2
427 0
428 0
429 1
430 0
431 1
432 2
433 0
434 0
435 0
436 0
437 1
438 1
439 0
440 0
441 0
442 2
443 0
444 0
445 2
446 1
447 2
448 0
449 2
450 0
451 0
452 1
453 2
454 1
455 0
456 0
457 0
458 0
459 1
460 0
461 2
462 0
463 0
464 2
465 0
466 2
467 1
468 2
469 0
470 2
471 0
472 2
473 0
474 0
475 1
476 2
477 1
478 0
479 0
480 1
481 0
482 0
483 2
484 2
485 0
486 2
487 0
488 2
489 0
490 2
491 2
492 0
493 2
494 2
495 0
496 2
497 2
498 2
499 0
500 0
501 0
502 1
503 0
504 1
505 2
506 0
507 0
508 0
509 2
510 0
511 1
512 1
513 1
514 0
515 0
516 2
517 2
518 0
519 2
520 1
521 2
522 2
523 0
524 0
525 2
526 0
527 0
528 0
529 2
530 0
531 0
532 0
533 0
534 1
535 1
536 1
537 2
538 0
539 2
540 2
541 2
542 1
543 2
544 1
545 2
546 2
547 1
548 0
549 1
550 2
551 1
552 0
553 0
554 0
555 2
556 0
557 1
558 1
559 2
560 2
561 0
562 0
563 1
564 0
565 2
566 0
567 2
568 2
569 0
570 1
571 1
572 1
573 0
574 0
575 2
576 1
577 2
578 1
579 1
580 0
581 1
582 0
583 1
584 0
585 0
586 0
587 0
588 1
589 0
590 1
591 0
592 0
593 1
594 2
595 0
596 0
597 1
598 1
599 0
600 0
601 0
602 2
603 2
604 1
605 2
606 0
607 2
608 1
609 2
610 2
611 0
612 1
613 2
614 0
615 1
616 1
617 2
618 0
619 0
620 0
621 0
622 1
623 2
624 0
625 1
626 2
627 1
628 0
629 0
630 2
631 2
632 1
633 2
634 1
635 0
636 0
637 0
638 0
639 0
640 2
641 0
642 2
643 2
644 1
645 1
646 1
647 2
648 0
649 1
650 2
651 1
652 0
653 0
654 0
655 0
656 0
657 2
658 1
659 1
660 0
661 0
662 0
663 0
664 2
665 2
666 2
667 0
668 0
669 0
670 0
671 0
672 1
673 1
674 0
675 0
676 0
677 1
678 2
679 1
680 0
681 0
682 1
683 2
684 2
685 2
686 1
687 0
688 0
689 0
690 1
691 1
692 1
693 0
694 2
695 2
696 0
697 1
698 1
699 0
700 0
701 2
702 1
703 2
704 0
705 0
706 0
707 2
708 0
709 2
710 0
711 0
712 2
713 0
714 0
715 0
716 2
717 0
718 1
719 0
720 0
721 0
722 0
723 2
724 2
725 1
726 0
727 0
728 2
729 0
730 2
731 0
732 1
733 1
734 2
735 2
736 2
737 1
738 0
739 1
740 2
741 2
742 0
743 2
744 0
745 2
746 0
747 1
748 2
749 2
750 1
751 0
752 1
753 2
754 1
755 1
756 1
757 2
758 1
759 2
760 0
761 2
762 0
763 0
764 1
765 0
766 0
767 0
768 1
769 0
770 0
771 2
772 0
773 1
774 2
775 1
776 2
777 0
778 2
779 1
780 0
781 0
782 2
783 0
784 1
785 1
786 2
787 2
788 1
789 0
790 0
791 2
792 0
793 1
794 2
795 0
796 1
797 1
798 0
799 1
800 2
801 2
802 2
803 0
804 2
805 0
806 0
807 0
808 2
809 2
810 0
811 0
812 0
813 2
814 2
815 1
816 1
817 2
818 1
819 1
820 0
821 1
822 1
823 1
824 2
825 0
826 1
827 2
828 0
829 0
830 0
831 1
832 2
833 2
834 1
835 2
836 2
837 0
838 0
839 0
840 2
841 0
842 2
843 0
844 0
845 2
846 2
847 2
848 0
849 2
850 2
851 0
852 1
853 2
854 1
855 2
856 0
857 1
858 0
859 0
860 1
861 0
862 1
863 1
864 1
865 0
866 2
867 0
868 1
869 2
870 1
871 0
872 0
873 2
874 0
875 1
876 2
877 0
878 2
879 1
880 2
881 1
882 0
883 0
884 0
885 0
886 2
887 0
888 0
889 1
890 0
891 0
892 2
893 0
894 0
895 1
896 2
897 1
898 0
899 2
900 1
901 2
902 0
903 0
904 0
905 0
906 1
907 1
908 0
909 0
910 0
911 0
912 0
913 1
914 1
915 0
916 1
917 0
918 2
919 2
920 2
921 2
922 0
923 0
924 2
925 0
926 0
927 2
928 2
929 2
930 2
931 0
932 2
933 2
934 0
935 0
936 0
937 1
938 1
939 2
940 0
941 2
942 1
943 1
944 2
945 0
946 2
947 0
948 0
949 1
950 1
951 1
952 1
953 0
954 0
955 0
956 1
957 2
958 2
959 2
960 2
961 2
962 1
963 0
964 2
965 0
966 0
967 2
968 2
969 0
970 0
971 2
972 0
973 2
974 2
975 2
976 1
977 0
978 1
979 2
980 0
981 0
982 0
983 1
984 2
985 0
986 0
987 0
988 2
989 0
990 1
991 2
992 0
993 0
994 0
995 2
996 1
997 0
998 0
999 1
1000 0
1001 0
1002 0
1003 0
1004 2
1005 2
1006 2
1007 0
1008 0
1009 0
1010 1
1011 2
1012 2
1013 2
1014 0
1015 1
1016 0
1017 1
1018 2
1019 2
1020 1
1021 1
1022 0
1023 2
1024 1
1025 0
1026 0
1027 0
1028 2
1029 0
1030 2
1031 0
1032 2
1033 0
1034 1
1035 0
1036 2
1037 2
1038 2
1039 0
1040 1
1041 1
1042 2
1043 2
1044 2
1045 1
1046 1
1047 2
1048 1
1049 0
1050 1
1051 0
1052 0
1053 2
1054 1
1055 1
1056 2
1057 0
1058 0
1059 0
1060 0
1061 0
1062 2
1063 0
1064 0
1065 0
1066 0
1067 0
1068 2
1069 2
1070 0
1071 1
1072 0
1073 0
1074 2
1075 2
1076 2
1077 1
1078 1
1079 0
1080 1
1081 0
1082 2
1083 0
1084 2
1085 0
1086 0
1087 2
1088 0
1089 2
1090 0
1091 0
1092 1
1093 2
1094 1
1095 1
1096 2
1097 2
1098 0
1099 2
1100 0
1101 1
1102 2
1103 2
1104 0
1105 1
1106 0
1107 0
1108 2
1109 0
1110 1
1111 0
1112 0
1113 0
1114 0
1115 0
1116 0
1117 0
1118 2
1119 2
1120 2
1121 1
1122 2
1123 0
1124 0
1125 2
1126 0
1127 0
1128 0
1129 1
1130 0
1131 2
1132 2
1133 2
1134 0
1135 0
1136 1
1137 2
1138 2
1139 1
1140 2
1141 2
1142 0
1143 2
1144 1
1145 2
1146 1
1147 0
1148 2
1149 0
1150 0
1151 2
1152 2
1153 0
1154 0
1155 0
1156 0
1157 2
1158 0
1159 2
1160 1
1161 1
1162 2
1163 0
1164 1
1165 1
1166 2
1167 2
1168 0
1169 2
1170 0
1171 2
1172 0
1173 2
1174 0
1175 0
1176 2
1177 2
1178 0
1179 0
1180 2
1181 1
1182 2
1183 1
1184 0
1185 2
1186 2
1187 2
1188 0
1189 0
1190 0
1191 1
1192 2
1193 2
1194 0
1195 1
1196 0
1197 2
1198 0
1199 1
1200 2
1201 2
1202 1
1203 2
1204 2
1205 0
1206 2
1207 1
1208 1
1209 2
1210 0
1211 1
1212 0
1213 0
1214 0
1215 0
1216 1
1217 0
1218 2
1219 0
1220 1
1221 2
1222 0
1223 0
1224 1
1225 1
1226 0
1227 1
1228 1
1229 0
1230 2
1231 0
1232 0
1233 2
1234 0
1235 2
1236 0
1237 0
1238 0
1239 1
1240 0
1241 0
1242 0
1243 0
1244 2
1245 0
1246 1
1247 2
1248 1
1249 1
1250 2
1251 2
1252 0
1253 2
1254 0
1255 0
1256 0
1257 2
1258 0
1259 0
1260 2
1261 2
1262 2
1263 0
1264 1
1265 1
1266 0
1267 1
1268 1
1269 1
1270 2
1271 2
1272 2
1273 0
1274 0
1275 2
1276 0
1277 0
1278 0
1279 1
1280 0
1281 2
1282 2
1283 1
1284 0
1285 0
1286 0
1287 0
1288 0
1289 2
1290 1
1291 2
1292 1
1293 0
1294 0
1295 0
1296 0
1297 1
1298 2
1299 0
1300 1
1301 1
1302 2
1303 1
1304 2
1305 2
1306 1
1307 0
1308 0
1309 0
1310 1
1311 0
1312 1
1313 2
1314 1
1315 0
1316 1
1317 0
1318 0
1319 2
1320 0
1321 0
1322 2
1323 1
1324 1
1325 2
1326 2
1327 2
1328 0
1329 0
1330 0
1331 0
1332 0
1333 2
1334 2
1335 0
1336 0
1337 1
1338 0
1339 2
1340 1
1341 1
1342 0
1343 0
1344 2
1345 1
1346 2
1347 0
1348 0
1349 0
1350 0
1351 2
1352 0
1353 2
1354 0
1355 1
1356 0
1357 0
1358 0
1359 2
1360 0
1361 1
1362 2
1363 2
1364 1
1365 2
1366 1
1367 2
1368 0
1369 2
1370 0
1371 2
1372 1
1373 0
1374 2
1375 2
1376 0
1377 1
1378 0
1379 0
1380 1
1381 0
1382 0
1383 2
1384 0
1385 1
1386 0
1387 2
1388 0
1389 0
1390 1
1391 2
1392 1
1393 0
1394 1
1395 0
1396 2
1397 1
1398 0
1399 2
1400 1
1401 1
1402 2
1403 1
1404 0
1405 0
1406 0
1407 1
1408 0
1409 2
1410 0
1411 2
1412 0
1413 1
1414 1
1415 2
1416 0
1417 1
1418 1
1419 0
1420 2
1421 0
1422 2
1423 2
1424 0
1425 1
1426 2
1427 2
1428 0
1429 0
1430 0
1431 2
1432 1
1433 0
1434 1
1435 1
1436 2
1437 0
1438 0
1439 2
1440 0
1441 0
1442 0
1443 0
1444 0
1445 0
1446 1
1447 0
1448 2
1449 0
1450 2
1451 2
1452 0
1453 2
1454 2
1455 2
1456 2
1457 0
1458 0
1459 2
1460 0
1461 2
1462 1
1463 0
1464 2
1465 1
1466 1
1467 1
1468 0
1469 2
1470 1
1471 1
1472 0
1473 2
1474 1
1475 2
1476 1
1477 0
1478 2
1479 2
1480 1
1481 0
1482 1
1483 0
1484 2
1485 1
1486 0
1487 0
1488 1
1489 1
1490 2
1491 1
1492 0
1493 0
1494 1
1495 0
1496 1
1497 2
1498 0
1499 0
1500 2
1501 0
1502 2
1503 2
1504 2
1505 0
1506 2
1507 2
1508 0
1509 0
1510 2
1511 0
1512 0
1513 0
1514 0
1515 0
1516 0
1517 2
1518 2
1519 0
1520 0
1521 2
1522 2
1523 2
1524 1
1525 0
1526 2
1527 2
1528 1
1529 2
1530 0
1531 1
1532 0
1533 0
1534 0
1535 2
1536 2
1537 0
1538 0
1539 2
1540 2
1541 2
1542 0
1543 0
1544 1
1545 1
1546 0
1547 1
1548 0
1549 0
1550 1
1551 1
1552 2
1553 1
1554 1
1555 0
1556 0
1557 1
1558 1
1559 1
1560 2
1561 1
1562 1
1563 0
1564 0
1565 2
1566 1
1567 2
1568 0
1569 2
1570 0
1571 0
1572 0
1573 2
1574 2
1575 0
1576 0
1577 2
1578 2
1579 2
1580 0
1581 1
1582 0
1583 0
1584 2
1585 2
1586 0
1587 1
1588 1
1589 0
1590 0
1591 2
1592 0
1593 2
1594 0
1595 0
1596 0
1597 1
1598 0
1599 2
1600 0
1601 0
1602 0
1603 0
1604 0
1605 0
1606 1
1607 2
1608 2
1609 0
1610 0
1611 0
1612 0
1613 0
1614 1
1615 1
1616 1
1617 2
1618 0
1619 1
1620 1
1621 2
1622 1
1623 0
1624 0
1625 1
1626 0
1627 0
1628 2
1629 0
1630 0
1631 1
1632 0
1633 0
1634 2
1635 0
1636 0
1637 1
1638 0
1639 0
1640 1
1641 2
1642 1
1643 2
1644 1
1645 0
1646 0
1647 1
1648 2
1649 0
1650 0
1651 0
1652 0
1653 1
1654 2
1655 0
1656 2
1657 2
1658 0
1659 2
1660 1
1661 1
1662 1
1663 2
1664 1
1665 0
1666 0
1667 1
1668 0
1669 0
1670 2
1671 1
1672 0
1673 2
1674 0
1675 1
1676 1
1677 0
1678 0
1679 0
1680 1
1681 2
1682 2
1683 1
1684 0
1685 1
1686 1
1687 0
1688 0
1689 2
1690 2
1691 1
1692 2
1693 2
1694 0
1695 1
1696 0
1697 2
1698 0
1699 0
1700 2
1701 0
1702 1
1703 2
1704 1
1705 1
1706 0
1707 0
1708 1
1709 1
1710 0
1711 0
1712 1
1713 0
1714 2
1715 2
1716 1
1717 0
1718 2
1719 1
1720 1
1721 1
1722 2
1723 1
1724 0
1725 0
1726 0
1727 2
1728 0
1729 1
1730 0
1731 0
1732 0
1733 2
1734 1
1735 0
1736 2
1737 1
1738 2
1739 0
1740 0
1741 2
1742 0
1743 0
1744 0
1745 2
1746 1
1747 0
1748 0
1749 1
1750 0
1751 0
1752 2
1753 1
1754 2
1755 2
1756 0
1757 2
1758 1
1759 0
1760 0
1761 0
1762 0
1763 0
1764 0
1765 2
1766 0
1767 1
1768 1
1769 0
1770 1
1771 0
1772 2
1773 0
1774 1
1775 0
1776 0
1777 0
1778 2
1779 2
1780 0
1781 0
1782 0
1783 2
1784 1
1785 1
1786 0
1787 0
1788 0
1789 0
1790 1
1791 1
1792 2
1793 2
1794 1
1795 0
1796 0
1797 0
1798 2
1799 0
1800 0
1801 2
1802 2
1803 1
1804 1
1805 2
1806 0
1807 2
1808 0
1809 2
1810 2
1811 0
1812 1
1813 0
1814 0
1815 1
1816 0
1817 1
1818 2
1819 0
1820 2
1821 0
1822 2
1823 0
1824 0
1825 0
1826 0
1827 2
1828 0
1829 2
1830 2
1831 2
1832 0
1833 0
1834 1
1835 1
1836 2
1837 1
1838 2
1839 2
1840 1
1841 1
1842 0
1843 1
1844 0
1845 2
1846 0
1847 0
1848 0
1849 0
1850 2
1851 2
1852 1
1853 0
1854 1
1855 1
1856 2
1857 0
1858 1
1859 0
1860 1
1861 2
1862 2
1863 2
1864 0
1865 1
1866 0
1867 1
1868 1
1869 1
1870 0
1871 1
1872 0
1873 0
1874 2
1875 2
1876 0
1877 2
1878 2
1879 0
1880 0
1881 0
1882 2
1883 0
1884 0
1885 1
1886 0
1887 2
1888 0
1889 0
1890 2
1891 0
1892 1
1893 1
1894 2
1895 2
1896 0
1897 0
1898 1
1899 0
1900 0
1901 0
1902 1
1903 2
1904 2
1905 0
1906 2
1907 1
1908 0
1909 0
1910 0
1911 1
1912 2
1913 1
1914 1
1915 1
1916 2
1917 1
1918 0
1919 0
1920 0
1921 2
1922 2
1923 0
1924 2
1925 1
1926 2
1927 0
1928 2
1929 2
1930 2
1931 0
1932 0
1933 2
1934 0
1935 0
1936 0
1937 0
1938 2
1939 0
1940 0
1941 2
1942 0
1943 1
1944 2
1945 2
1946 1
1947 0
1948 1
1949 1
1950 2
1951 2
1952 1
1953 1
1954 0
1955 0
1956 0
1957 2
1958 0
1959 0
1960 1
1961 1
1962 1
1963 1
1964 1
1965 0
1966 0
1967 0
1968 2
1969 2
1970 0
1971 1
1972 0
1973 0
1974 0
1975 2
1976 0
1977 0
1978 0
1979 2
1980 0
1981 1
1982 1
1983 0
1984 0
1985 2
1986 0
1987 1
1988 2
1989 0
1990 2
1991 2
1992 1
1993 2
1994 0
1995 0
1996 2
1997 0
1998 1
1999 1
2000 1
2001 0
2002 2
2003 0
2004 2
2005 1
2006 2
2007 1
2008 0
2009 0
2010 2
2011 2
2012 2
2013 1
2014 0
2015 0
2016 1
2017 1
2018 0
2019 0
2020 2
2021 0
2022 1
2023 0
2024 2
2025 0
2026 0
2027 2
2028 0
2029 2
2030 2
2031 0
2032 0
2033 0
2034 0
2035 1
2036 0
2037 0
2038 1
2039 2
2040 0
2041 1
2042 0
2043 0
2044 0
2045 2
2046 1
2047 1
2048 0
2049 1
2050 1
2051 0
2052 2
2053 1
2054 2
2055 2
2056 1
2057 2
2058 2
2059 2
2060 2
2061 2
2062 2
2063 2
2064 2
2065 0
2066 0
2067 0
2068 0
2069 2
2070 1
2071 0
2072 2
2073 1
2074 0
2075 0
2076 0
2077 0
2078 2
2079 1
2080 1
2081 0
2082 1
2083 2
2084 0
2085 0
2086 0
2087 0
2088 0
2089 0
2090 0
2091 2
2092 0
2093 2
2094 0
2095 2
2096 0
2097 1
2098 0
2099 1
2100 1
2101 0
2102 1
2103 0
2104 0
2105 0
2106 2
2107 2
2108 1
2109 0
2110 2
2111 0
2112 2
2113 0
2114 1
2115 1
2116 0
2117 0
2118 0
2119 2
2120 0
2121 2
2122 2
2123 2
2124 1
2125 0
2126 0
2127 2
2128 0
2129 2
2130 1
2131 0
2132 0
2133 1
2134 1
2135 2
2136 1
2137 2
2138 0
2139 1
2140 1
2141 0
2142 0
2143 0
2144 0
2145 2
2146 0
2147 0
2148 1
2149 0
2150 0
2151 0
2152 1
2153 1
2154 0
2155 1
2156 0
2157 0
2158 2
2159 1
2160 2
2161 0
2162 2
2163 0
2164 2
2165 0
2166 0
2167 0
2168 0
2169 0
2170 0
2171 1
2172 0
2173 0
2174 0
2175 2
2176 0
2177 2
2178 2
2179 2
2180 0
2181 2
2182 0
2183 0
2184 0
2185 2
2186 2
2187 2
2188 2
2189 1
2190 1
2191 1
2192 0
2193 0
2194 1
2195 0
2196 2
2197 0
2198 1
2199 0
2200 2
2201 2
2202 2
2203 2
2204 1
2205 2
2206 0
2207 0
2208 2
2209 1
2210 0
2211 0
2212 1
2213 0
2214 0
2215 2
2216 1
2217 1
2218 2
2219 0
2220 0
2221 2
2222 1
2223 0
2224 0
2225 1
2226 1
2227 1
2228 0
2229 0
2230 2
2231 1
2232 1
2233 0
2234 2
2235 1
2236 0
2237 0
2238 2
2239 1
2240 2
2241 1
2242 0
2243 1
2244 0
2245 1
2246 0
2247 0
2248 1
2249 2
2250 0
2251 2
2252 2
2253 0
2254 1
2255 2
2256 1
2257 1
2258 0
2259 2
2260 1
2261 0
2262 2
2263 1
2264 1
2265 1
2266 2
2267 1
2268 0
2269 2
2270 0
2271 1
2272 0
2273 0
2274 1
2275 2
2276 0
2277 1
2278 0
2279 1
2280 2
2281 1
2282 0
2283 0
2284 2
2285 0
2286 2
2287 2
2288 0
2289 1
2290 1
2291 1
2292 2
2293 0
2294 0
2295 1
2296 1
2297 0
2298 2
2299 0
2300 1
2301 2
2302 2
2303 2
2304 2
2305 2
2306 2
2307 2
2308 1
2309 0
2310 0
2311 0
2312 0
2313 1
2314 1
2315 0
2316 0
2317 1
2318 0
2319 0
2320 2
2321 1
2322 0
2323 2
2324 0
2325 0
2326 0
2327 1
2328 0
2329 2
2330 2
2331 1
2332 1
2333 2
2334 1
2335 1
2336 0
2337 0
2338 0
2339 0
2340 2
2341 2
2342 0
2343 2
2344 2
2345 1
2346 0
2347 1
2348 1
2349 0
2350 1
2351 0
2352 0
2353 0
2354 1
2355 2
2356 2
2357 0
2358 2
2359 0
2360 1
2361 2
2362 1
2363 1
2364 2
2365 0
2366 0
2367 2
2368 0
2369 2
2370 1
2371 1
2372 2
2373 2
2374 0
2375 1
2376 0
2377 0
2378 0
2379 0
2380 0
2381 2
2382 1
2383 1
2384 0
2385 1
2386 0
2387 0
2388 2
2389 1
2390 0
2391 0
2392 1
2393 1
2394 0
2395 0
2396 2
2397 2
2398 0
2399 0
2400 1
2401 1
2402 0
2403 0
2404 1
2405 2
2406 0
2407 0
2408 0
2409 0
2410 0
2411 1
2412 2
2413 1
2414 0
2415 0
2416 0
2417 0
2418 0
2419 1
2420 1
2421 0
2422 0
2423 0
2424 2
2425 2
2426 2
2427 2
2428 0
2429 2
2430 1
2431 0
2432 0
2433 0
2434 0
2435 2
2436 2
2437 0
2438 1
2439 2
2440 0
2441 2
2442 1
2443 2
2444 2
2445 0
2446 2
2447 0
2448 2
2449 0
2450 1
2451 0
2452 1
2453 0
2454 0
2455 1
2456 2
2457 0
2458 2
2459 0
2460 1
2461 1
2462 1
2463 1
2464 0
2465 0
2466 0
2467 1
2468 0
2469 0
2470 1
2471 1
2472 0
2473 2
2474 1
2475 1
2476 0
2477 1
2478 0
2479 1
2480 0
2481 1
2482 0
2483 0
2484 0
2485 0
2486 2
2487 0
2488 0
2489 0
2490 0
2491 2
2492 2
2493 1
2494 0
2495 1
2496 0
2497 1
2498 0
2499 0
2500 2
2501 0
2502 2
2503 0
2504 0
2505 2
2506 2
2507 0
2508 1
2509 0
2510 0
2511 1
2512 2
2513 1
2514 2
2515 1
2516 1
2517 0
2518 1
2519 2
2520 2
2521 1
2522 0
2523 0
2524 1
2525 0
2526 0
2527 2
2528 2
2529 0
2530 0
2531 1
2532 1
2533 1
2534 1
2535 2
2536 0
2537 1
2538 2
2539 1
2540 1
2541 0
2542 0
2543 1
2544 1
2545 2
2546 2
2547 0
2548 0
2549 2
2550 2
2551 0
2552 0
2553 0
2554 0
2555 2
2556 0
2557 0
2558 0
2559 0
2560 0
2561 0
2562 0
2563 2
2564 0
2565 0
2566 0
2567 0
2568 0
2569 1
2570 0
2571 2
2572 0
2573 1
2574 0
2575 0
2576 0
2577 0
2578 0
2579 0
2580 0
2581 0
2582 2
2583 2
2584 0
2585 2
2586 1
2587 0
2588 2
2589 1
2590 1
2591 1
2592 1
2593 1
2594 0
2595 0
2596 2
2597 2
2598 0
2599 2
2600 2
2601 2
2602 0
2603 1
2604 0
2605 1
2606 2
2607 1
2608 2
2609 0
2610 2
2611 0
2612 2
2613 0
2614 0
2615 0
2616 0
2617 0
2618 0
2619 1
2620 0
2621 0
2622 0
2623 0
2624 1
2625 0
2626 0
2627 0
2628 0
2629 0
2630 0
2631 0
2632 2
2633 2
2634 0
2635 2
2636 0
2637 1
2638 0
2639 0
2640 1
2641 2
2642 2
2643 2
2644 0
2645 0
2646 2
2647 0
2648 1
2649 1
2650 2
2651 1
2652 1
2653 2
2654 0
2655 1
2656 2
2657 2
2658 0
2659 0
2660 0
2661 1
2662 0
2663 2
2664 0
2665 1
2666 2
2667 2
2668 2
2669 1
2670 0
2671 2
2672 2
2673 0
2674 1
2675 1
2676 2
2677 2
2678 0
2679 2
2680 1
2681 0
2682 1
2683 2
2684 0
2685 2
2686 2
2687 2
2688 0
2689 2
2690 1
2691 2
2692 0
2693 1
2694 1
2695 1
2696 0
2697 1
2698 1
2699 1
2700 1
2701 0
2702 0
2703 1
2704 0
2705 2
2706 2
2707 2
2708 0
2709 0
2710 2
2711 2
2712 0
2713 0
2714 1
2715 2
2716 2
2717 1
2718 2
2719 0
2720 0
2721 0
2722 2
2723 2
2724 0
2725 2
2726 0
2727 0
2728 0
2729 0
2730 2
2731 1
2732 1
2733 0
2734 2
2735 1
2736 1
2737 1
2738 2
2739 2
2740 0
2741 0
2742 0
2743 0
2744 0
2745 1
2746 0
2747 0
2748 0
2749 0
2750 1
2751 0
2752 0
2753 1
2754 2
2755 2
2756 2
2757 0
2758 0
2759 1
2760 0
2761 2
2762 2
2763 2
2764 0
2765 2
2766 0
2767 2
2768 2
2769 0
2770 1
2771 0
2772 2
2773 0
2774 2
2775 2
2776 0
2777 0
2778 0
2779 1
2780 0
2781 2
2782 1
2783 0
2784 0
2785 2
2786 2
2787 2
2788 1
2789 0
2790 1
2791 1
2792 2
2793 2
2794 1
2795 1
2796 0
2797 2
2798 0
2799 0
2800 0
2801 2
2802 0
2803 0
2804 0
2805 0
2806 0
2807 1
2808 0
2809 1
2810 1
2811 0
2812 1
2813 2
2814 2
2815 0
2816 1
2817 0
2818 0
2819 0
2820 0
2821 0
2822 1
2823 2
2824 0
2825 2
2826 2
2827 2
2828 2
2829 0
2830 2
2831 0
2832 0
2833 0
2834 1
2835 1
2836 0
2837 2
2838 0
2839 0
2840 2
2841 2
2842 2
2843 2
2844 0
2845 2
2846 0
2847 0
2848 0
2849 2
2850 0
2851 0
2852 1
2853 0
2854 0
2855 2
2856 2
2857 2
2858 0
2859 2
2860 0
2861 2
2862 2
2863 2
2864 1
2865 2
2866 2
2867 0
2868 1
2869 2
2870 0
2871 0
2872 0
2873 1
2874 0
2875 0
2876 1
2877 0
2878 2
2879 1
2880 0
2881 1
2882 2
2883 1
2884 2
2885 1
2886 1
2887 2
2888 1
2889 2
2890 1
2891 1
2892 0
2893 0
2894 1
2895 0
2896 2
2897 0
2898 0
2899 1
2900 1
2901 2
2902 2
2903 1
2904 0
2905 2
2906 0
2907 2
2908 1
2909 0
2910 2
2911 1
2912 0
2913 0
2914 2
2915 0
2916 0
2917 0
2918 2
2919 2
2920 0
2921 1
2922 2
2923 1
2924 0
2925 0
2926 0
2927 1
2928 0
2929 1
2930 0
2931 0
2932 0
2933 2
2934 1
2935 0
2936 1
2937 0
2938 2
2939 1
2940 2
2941 0
2942 0
2943 0
2944 0
2945 0
2946 0
2947 2
2948 0
2949 0
2950 2
2951 0
2952 0
2953 1
2954 1
2955 0
2956 0
2957 1
2958 0
2959 1
2960 0
2961 2
2962 1
2963 2
2964 0
2965 0
2966 0
2967 0
2968 0
2969 0
2970 0
2971 2
2972 0
2973 2
2974 1
2975 1
2976 0
2977 0
2978 0
2979 0
2980 0
2981 0
2982 0
2983 1
2984 0
2985 1
2986 1
2987 1
2988 0
2989 0
2990 0
2991 0
2992 0
2993 0
2994 2
2995 0
2996 2
2997 0
2998 2
2999 0
3000 1
3001 0
3002 2
3003 1
3004 0
3005 1
3006 0
3007 0
3008 0
3009 0
3010 0
3011 0
3012 2
3013 0
3014 0
3015 2
3016 2
3017 1
3018 0
3019 2
3020 2
3021 2
3022 0
3023 2
3024 0
3025 0
3026 1
3027 0
3028 0
3029 1
3030 0
3031 1
3032 0
3033 0
3034 1
3035 0
3036 0
3037 0
3038 2
3039 2
3040 2
3041 0
3042 1
3043 2
3044 0
3045 0
3046 1
3047 2
3048 0
3049 0
3050 2
3051 2
3052 1
3053 0
3054 0
3055 2
3056 0
3057 0
3058 2
3059 1
3060 0
3061 2
3062 2
3063 0
3064 2
3065 0
3066 1
3067 0
3068 1
3069 1
3070 2
3071 0
3072 0
3073 2
3074 2
3075 1
3076 0
3077 2
3078 0
3079 2
3080 2
3081 1
3082 1
3083 0
3084 0
3085 0
3086 0
3087 0
3088 2
3089 0
3090 0
3091 2
3092 1
3093 0
3094 1
3095 1
3096 2
3097 0
3098 2
3099 0
3100 0
3101 2
3102 0
3103 0
3104 2
3105 0
3106 0
3107 1
3108 2
3109 0
3110 0
3111 2
3112 2
3113 2
3114 2
3115 1
3116 0
3117 0
3118 0
3119 1
3120 0
3121 0
3122 0
3123 0
3124 0
3125 0
3126 0
3127 0
3128 0
3129 2
3130 1
3131 2
3132 2
3133 0
3134 0
3135 2
3136 0
3137 0
3138 0
3139 0
3140 2
3141 2
3142 2
3143 2
3144 2
3145 1
3146 2
3147 0
3148 0
3149 1
3150 2
3151 0
3152 1
3153 0
3154 0
3155 0
3156 2
3157 0
3158 0
3159 0
3160 1
3161 0
3162 0
3163 2
3164 1
3165 1
3166 2
3167 1
3168 0
3169 1
3170 0
3171 0
3172 0
3173 1
3174 1
3175 1
3176 2
3177 1
3178 2
3179 1
3180 2
3181 1
3182 1
3183 1
3184 0
3185 0
3186 2
3187 1
3188 0
3189 0
3190 2
3191 1
3192 0
3193 2
3194 1
3195 2
3196 0
3197 2
3198 0
3199 0
3200 1
3201 0
3202 1
3203 1
3204 1
3205 1
3206 0
3207 0
3208 1
3209 0
3210 0
3211 2
3212 0
3213 2
3214 1
3215 0
3216 2
3217 0
3218 1
3219 0
3220 1
3221 1
3222 0
3223 0
3224 0
3225 2
3226 2
3227 2
3228 2
3229 0
3230 0
3231 1
3232 1
3233 2
3234 2
3235 0
3236 2
3237 0
3238 0
3239 2
3240 0
3241 0
3242 2
3243 1
3244 2
3245 2
3246 1
3247 0
3248 2
3249 0
3250 2
3251 0
3252 2
3253 0
3254 0
3255 0
3256 0
3257 1
3258 0
3259 0
3260 2
3261 1
3262 1
3263 2
3264 0
3265 1
3266 0
3267 0
3268 0
3269 0
3270 2
3271 0
3272 2
3273 0
3274 0
3275 1
3276 0
3277 1
3278 1
3279 2
3280 2
3281 0
3282 1
3283 1
3284 0
3285 0
3286 2
3287 0
3288 2
3289 1
3290 1
3291 0
3292 0
3293 2
3294 2
3295 0
3296 2
3297 1
3298 0
3299 2
3300 0
3301 1
3302 2
3303 2
3304 1
3305 0
3306 2
3307 0
3308 2
3309 0
3310 1
3311 0
3312 0
3313 0
3314 1
3315 0
3316 0
3317 0
3318 1
3319 1
3320 1
3321 2
3322 0
3323 2
3324 1
3325 1
3326 0
3327 1
3328 0
3329 2
3330 0
3331 0
3332 1
3333 2
3334 0
3335 2
3336 1
3337 1
3338 2
3339 1
3340 2
3341 2
3342 1
3343 0
3344 2
3345 0
3346 0
3347 1
3348 1
3349 1
3350 0
3351 2
3352 2
3353 2
3354 1
3355 2
3356 0
3357 0
3358 1
3359 0
3360 0
3361 2
3362 0
3363 0
3364 2
3365 1
3366 0
3367 2
3368 2
3369 0
3370 0
3371 0
3372 2
3373 1
3374 1
3375 1
3376 0
3377 2
3378 0
3379 1
3380 1
3381 0
3382 0
3383 0
3384 2
3385 0
3386 2
3387 2
3388 1
3389 0
3390 0
3391 0
3392 2
3393 2
3394 2
3395 2
3396 0
3397 0
3398 1
3399 0
3400 1
3401 2
3402 0
3403 2
3404 1
3405 0
3406 0
3407 0
3408 1
3409 0
3410 2
3411 0
3412 0
3413 2
3414 0
3415 1
3416 0
3417 2
3418 2
3419 2
3420 0
3421 2
3422 1
3423 2
3424 0
3425 2
3426 0
3427 2
3428 1
3429 1
3430 1
3431 2
3432 2
3433 1
3434 2
3435 0
3436 0
3437 1
3438 1
3439 0
3440 0
3441 2
3442 0
3443 2
3444 1
3445 0
3446 1
3447 1
3448 0
3449 2
3450 0
3451 0
3452 2
3453 0
3454 2
3455 1
3456 1
3457 0
3458 1
3459 1
3460 1
3461 0
3462 0
3463 1
3464 1
3465 1
3466 0
3467 1
3468 2
3469 2
3470 2
3471 2
3472 2
3473 2
3474 2
3475 2
3476 2
3477 1
3478 0
3479 0
3480 2
3481 2
3482 0
3483 1
3484 0
3485 0
3486 0
3487 0
3488 0
3489 0
3490 0
3491 0
3492 0
3493 0
3494 0
3495 0
