0 0
1 2
2 0
3 2
4 0
5 1
6 0
7 2
8 0
9 0
10 0
11 2
12 0
13 0
14 0
15 0
16 2
17 0
18 0
19 0
20 0
21 0
22 2
23 0
24 0
25 0
26 1
27 2
28 0
29 2
30 0
31 0
32 0
33 2
34 1
35 0
36 0
37 2
38 0
39 0
40 2
41 2
42 0
43 0
44 2
45 1
46 0
47 0
48 0
49 2
50 1
51 1
52 0
53 1
54 2
55 2
56 2
57 2
58 1
59 1
60 2
61 1
62 0
63 0
64 2
65 0
66 0
67 2
68 2
69 0
70 2
71 1
72 2
73 0
74 0
75 1
76 0
77 0
78 1
79 1
80 2
81 0
82 0
83 1
84 0
85 1
86 0
87 0
88 0
89 0
90 1
91 2
92 0
93 1
94 0
95 0
96 0
97 1
98 0
99 0
100 0
101 0
102 2
103 0
104 1
105 0
106 0
107 1
108 2
109 2
110 0
111 0
112 0
113 2
114 2
115 0
116 0
117 1
118 2
119 0
120 0
121 1
122 0
123 0
124 2
125 2
126 1
127 2
128 0
129 1
130 1
131 1
132 0
133 1
134 0
135 0
136 1
137 0
138 1
139 1
140 0
141 0
142 1
143 0
144 2
145 0
146 1
147 1
148 0
149 2
150 1
151 2
152 2
153 2
154 2
155 1
156 1
157 0
158 0
159 0
160 0
161 0
162 2
163 2
164 0
165 2
166 1
167 1
168 0
169 0
170 1
171 0
172 0
173 2
174 0
175 2
176 2
177 0
178 2
179 0
180 0
181 0
182 2
183 1
184 0
185 2
186 0
187 0
188 0
189 0
190 1
191 2
192 2
193 2
194 2
195 1
196 2
197 0
198 2
199 0
200 0
201 1
202 0
203 1
204 1
205 0
206 0
207 0
208 1
209 0
210 0
211 1
212 2
213 0
214 0
215 0
216 0
217 0
218 0
219 0
220 2
221 2
222 0
223 0
224 2
225 2
226 0
227 0
228 2
229 2
230 0
231 0
232 1
233 2
234 2
235 0
236 0
237 2
238 0
239 1
240 0
241 2
242 0
243 2
244 1
245 0
246 0
247 1
248 2
249 2
250 0
251 2
252 2
253 0
254 0
255 0
256 1
257 0
258 0
259 0
260 1
261 0
262 0
263 0
264 0
265 2
266 2
267 2
268 2
269 1
270 0
271 0
272 1
273 0
274 0
275 0
276 0
277 1
278 1
279 2
280 0
281 0
282 0
283 2
284 2
285 1
286 0
287 1
288 2
289 2
290 0
291 0
292 0
293 1
294 1
295 0
296 2
297 0
298 2
299 1
300 1
301 0
302 1
303 0
304 1
305 1
306 0
307 0
308 1
309 0
310 1
311 2
312 0
313 2
314 0
315 2
316 2
317 0
318 1
319 0
320 2
321 2
322 1
323 2
324 2
325 0
326 0
327 0
328 1
329 2
330 0
331 2
332 0
333 0
334 1
335 0
336 0
337 1
338 2
339 2
340 0
341 2
342 0
343 2
344 1
345 0
346 0
347 0
348 2
349 2
350 0
351 2
352 1
353 0
354 2
355 0
356 0
357 0
358 1
359 1
360 1
361 0
362 0
363 2
364 2
365 0
366 1
367 1
368 2
369 2
370 2
371 2
372 2
373 2
374 2
375 2
376 0
377 0
378 2
379 0
380 0
381 0
382 1
383 2
384 1
385 0
386 1
387 0
388 1
389 2
390 1
391 2
392 2
393 2
394 0
395 0
396 2
397 0
398 2
399 1
400 2
401 2
402 1
403 2
404 0
405 1
406 0
407 1
408 0
409 0
410 0
411 2
412 0
413 2
414 0
415 0
416 0
417 1
418 0
419 0
420 2
421 1
422 1
423 1
424 0
425 2
426 2
427 0
428 0
429 2
430 0
431 2
432 1
433 0
434 0
435 0
436 0
437 2
438 2
439 0
440 0
441 0
442 2
443 0
444 0
445 2
446 1
447 2
448 0
449 1
450 0
451 0
452 1
453 2
454 2
455 0
456 0
457 0
458 0
459 1
460 0
461 2
462 0
463 0
464 2
465 0
466 1
467 2
468 2
469 0
470 1
471 0
472 1
473 0
474 0
475 2
476 2
477 1
478 0
479 0
480 2
481 0
482 0
483 2
484 1
485 0
486 1
487 0
488 2
489 0
490 1
491 1
492 0
493 1
494 1
495 0
496 2
497 2
498 2
499 0
500 0
501 0
502 2
503 0
504 2
505 2
506 0
507 0
508 0
509 2
510 0
511 1
512 2
513 2
514 0
515 0
516 2
517 1
518 0
519 1
520 2
521 2
522 1
523 0
524 0
525 1
526 0
527 0
528 0
529 1
530 0
531 0
532 0
533 0
534 1
535 1
536 1
537 1
538 0
539 1
540 1
541 2
542 2
543 2
544 1
545 2
546 1
547 2
548 0
549 2
550 1
551 1
552 0
553 0
554 0
555 1
556 0
557 2
558 2
559 1
560 2
561 0
562 0
563 1
564 0
565 2
566 0
567 1
568 1
569 0
570 1
571 2
572 1
573 0
574 0
575 1
576 1
577 2
578 2
579 2
580 0
581 1
582 0
583 1
584 0
585 0
586 0
587 0
588 1
589 0
590 2
591 0
592 0
593 1
594 1
595 0
596 0
597 2
598 2
599 0
600 0
601 0
602 1
603 1
604 1
605 1
606 0
607 1
608 1
609 1
610 1
611 0
612 1
613 2
614 0
615 1
616 1
617 2
618 0
619 0
620 0
621 0
622 1
623 1
624 0
625 1
626 2
627 1
628 0
629 0
630 1
631 2
632 1
633 2
634 1
635 0
636 0
637 0
638 0
639 0
640 2
641 0
642 2
643 1
644 1
645 2
646 2
647 1
648 0
649 1
650 2
651 2
652 0
653 0
654 0
655 0
656 0
657 2
658 1
659 1
660 0
661 0
662 0
663 0
664 1
665 1
666 2
667 0
668 0
669 0
670 0
671 0
672 2
673 1
674 0
675 0
676 0
677 2
678 1
679 2
680 0
681 0
682 1
683 2
684 1
685 1
686 1
687 0
688 0
689 0
690 1
691 2
692 2
693 0
694 2
695 2
696 0
697 2
698 2
699 0
700 0
701 2
702 1
703 2
704 0
705 0
706 0
707 1
708 0
709 1
710 0
711 0
712 2
713 0
714 0
715 0
716 1
717 0
718 2
719 0
720 0
721 0
722 0
723 2
724 2
725 1
726 0
727 0
728 2
729 0
730 2
731 0
732 1
733 2
734 2
735 2
736 2
737 1
738 0
739 1
740 1
741 2
742 0
743 1
744 0
745 2
746 0
747 2
748 2
749 1
750 1
751 0
752 1
753 2
754 2
755 2
756 1
757 1
758 2
759 1
760 0
761 2
762 0
763 0
764 1
765 0
766 0
767 0
768 1
769 0
770 0
771 1
772 0
773 1
774 2
775 1
776 1
777 0
778 2
779 1
780 0
781 0
782 2
783 0
784 2
785 1
786 2
787 1
788 2
789 0
790 0
791 1
792 0
793 1
794 1
795 0
796 2
797 1
798 0
799 1
800 1
801 2
802 2
803 0
804 2
805 0
806 0
807 0
808 1
809 1
810 0
811 0
812 0
813 2
814 2
815 2
816 1
817 2
818 2
819 2
820 0
821 2
822 1
823 2
824 1
825 0
826 2
827 2
828 0
829 0
830 0
831 1
832 1
833 2
834 2
835 2
836 2
837 0
838 0
839 0
840 1
841 0
842 2
843 0
844 0
845 2
846 1
847 2
848 0
849 2
850 1
851 0
852 2
853 2
854 1
855 1
856 0
857 2
858 0
859 0
860 2
861 0
862 1
863 1
864 2
865 0
866 1
867 0
868 1
869 2
870 2
871 0
872 0
873 1
874 0
875 2
876 2
877 0
878 2
879 2
880 1
881 2
882 0
883 0
884 0
885 0
886 1
887 0
888 0
889 1
890 0
891 0
892 1
893 0
894 0
895 2
896 2
897 1
898 0
899 1
900 2
901 2
902 0
903 0
904 0
905 0
906 2
907 1
908 0
909 0
910 0
911 0
912 0
913 1
914 1
915 0
916 2
917 0
918 2
919 2
920 2
921 1
922 0
923 0
924 1
925 0
926 0
927 2
928 2
929 1
930 1
931 0
932 1
933 2
934 0
935 0
936 0
937 2
938 2
939 2
940 0
941 2
942 2
943 2
944 1
945 0
946 1
947 0
948 0
949 2
950 1
951 1
952 2
953 0
954 0
955 0
956 1
957 2
958 1
959 2
960 1
961 1
962 1
963 0
964 1
965 0
966 0
967 2
968 1
969 0
970 0
971 1
972 0
973 1
974 1
975 2
976 2
977 0
978 2
979 2
980 0
981 0
982 0
983 2
984 1
985 0
986 0
987 0
988 2
989 0
990 2
991 2
992 0
993 0
994 0
995 2
996 1
997 0
998 0
999 1
1000 0
1001 0
1002 0
1003 0
1004 2
1005 1
1006 2
1007 0
1008 0
1009 0
1010 2
1011 1
1012 1
1013 2
1014 0
1015 2
1016 0
1017 2
1018 1
1019 2
1020 2
1021 1
1022 0
1023 2
1024 1
1025 0
1026 0
1027 0
1028 2
1029 0
1030 1
1031 0
1032 1
1033 0
1034 1
1035 0
1036 1
1037 1
1038 2
1039 0
1040 2
1041 1
1042 1
1043 1
1044 1
1045 2
1046 1
1047 2
1048 2
1049 0
1050 1
1051 0
1052 0
1053 1
1054 1
1055 1
1056 1
1057 0
1058 0
1059 0
1060 0
1061 0
1062 1
1063 0
1064 0
1065 0
1066 0
1067 0
1068 1
1069 2
1070 0
1071 1
1072 0
1073 0
1074 2
1075 2
1076 1
1077 2
1078 2
1079 0
1080 2
1081 0
1082 2
1083 0
1084 1
1085 0
1086 0
1087 2
1088 0
1089 1
1090 0
1091 0
1092 2
1093 1
1094 2
1095 2
1096 1
1097 2
1098 0
1099 2
1100 0
1101 2
1102 1
1103 2
1104 0
1105 1
1106 0
1107 0
1108 1
1109 0
1110 1
1111 0
1112 0
1113 0
1114 0
1115 0
1116 0
1117 0
1118 2
1119 1
1120 2
1121 1
1122 1
1123 0
1124 0
1125 2
1126 0
1127 0
1128 0
1129 2
1130 0
1131 2
1132 2
1133 1
1134 0
1135 0
1136 2
1137 1
1138 2
1139 2
1140 1
1141 1
1142 0
1143 1
1144 2
1145 1
1146 1
1147 0
1148 1
1149 0
1150 0
1151 2
1152 2
1153 0
1154 0
1155 0
1156 0
1157 2
1158 0
1159 2
1160 1
1161 1
1162 2
1163 0
1164 1
1165 2
1166 1
1167 2
1168 0
1169 1
1170 0
1171 2
1172 0
1173 2
1174 0
1175 0
1176 2
1177 1
1178 0
1179 0
1180 2
1181 1
1182 1
1183 1
1184 0
1185 2
1186 2
1187 2
1188 0
1189 0
1190 0
1191 2
1192 2
1193 2
1194 0
1195 1
1196 0
1197 2
1198 0
1199 2
1200 2
1201 2
1202 1
1203 2
1204 1
1205 0
1206 1
1207 2
1208 2
1209 2
1210 0
1211 1
1212 0
1213 0
1214 0
1215 0
1216 2
1217 0
1218 2
1219 0
1220 1
1221 2
1222 0
1223 0
1224 1
1225 2
1226 0
1227 2
1228 2
1229 0
1230 1
1231 0
1232 0
1233 2
1234 0
1235 2
1236 0
1237 0
1238 0
1239 2
1240 0
1241 0
1242 0
1243 0
1244 1
1245 0
1246 2
1247 2
1248 2
1249 1
1250 1
1251 1
1252 0
1253 1
1254 0
1255 0
1256 0
1257 2
1258 0
1259 0
1260 2
1261 1
1262 2
1263 0
1264 1
1265 2
1266 0
1267 1
1268 1
1269 2
1270 1
1271 2
1272 1
1273 0
1274 0
1275 1
1276 0
1277 0
1278 0
1279 2
1280 0
1281 1
1282 2
1283 2
1284 0
1285 0
1286 0
1287 0
1288 0
1289 2
1290 2
1291 2
1292 2
1293 0
1294 0
1295 0
1296 0
1297 2
1298 1
1299 0
1300 1
1301 1
1302 2
1303 1
1304 1
1305 2
1306 2
1307 0
1308 0
1309 0
1310 2
1311 0
1312 1
1313 1
1314 2
1315 0
1316 1
1317 0
1318 0
1319 1
1320 0
1321 0
1322 2
1323 1
1324 1
1325 1
1326 1
1327 2
1328 0
1329 0
1330 0
1331 0
1332 0
1333 1
1334 2
1335 0
1336 0
1337 1
1338 0
1339 2
1340 1
1341 1
1342 0
1343 0
1344 2
1345 2
1346 1
1347 0
1348 0
1349 0
1350 0
1351 2
1352 0
1353 1
1354 0
1355 1
1356 0
1357 0
1358 0
1359 2
1360 0
1361 1
1362 2
1363 2
1364 1
1365 1
1366 2
1367 1
1368 0
1369 2
1370 0
1371 2
1372 1
1373 0
1374 2
1375 1
1376 0
1377 1
1378 0
1379 0
1380 1
1381 0
1382 0
1383 1
1384 0
1385 1
1386 0
1387 2
1388 0
1389 0
1390 1
1391 1
1392 2
1393 0
1394 1
1395 0
1396 1
1397 1
1398 0
1399 2
1400 2
1401 1
1402 2
1403 1
1404 0
1405 0
1406 0
1407 2
1408 0
1409 2
1410 0
1411 1
1412 0
1413 2
1414 2
1415 2
1416 0
1417 2
1418 1
1419 0
1420 1
1421 0
1422 2
1423 2
1424 0
1425 2
1426 1
1427 1
1428 0
1429 0
1430 0
1431 2
1432 2
1433 0
1434 2
1435 2
1436 1
1437 0
1438 0
1439 1
1440 0
1441 0
1442 0
1443 0
1444 0
1445 0
1446 2
1447 0
1448 1
1449 0
1450 1
1451 2
1452 0
1453 2
1454 2
1455 2
1456 2
1457 0
1458 0
1459 1
1460 0
1461 2
1462 2
1463 0
1464 1
1465 2
1466 2
1467 2
1468 0
1469 1
1470 1
1471 2
1472 0
1473 2
1474 2
1475 1
1476 2
1477 0
1478 1
1479 1
1480 1
1481 0
1482 1
1483 0
1484 2
1485 1
1486 0
1487 0
1488 1
1489 2
1490 2
1491 1
1492 0
1493 0
1494 1
1495 0
1496 1
1497 2
1498 0
1499 0
1500 1
1501 0
1502 2
1503 2
1504 1
1505 0
1506 2
1507 2
1508 0
1509 0
1510 2
1511 0
1512 0
1513 0
1514 0
1515 0
1516 0
1517 2
1518 1
1519 0
1520 0
1521 1
1522 2
1523 2
1524 2
1525 0
1526 2
1527 1
1528 2
1529 2
1530 0
1531 2
1532 0
1533 0
1534 0
1535 1
1536 1
1537 0
1538 0
1539 2
1540 2
1541 2
1542 0
1543 0
1544 2
1545 2
1546 0
1547 2
1548 0
1549 0
1550 1
1551 1
1552 1
1553 2
1554 2
1555 0
1556 0
1557 1
1558 2
1559 2
1560 2
1561 2
1562 1
1563 0
1564 0
1565 2
1566 2
1567 1
1568 0
1569 2
1570 0
1571 0
1572 0
1573 1
1574 2
1575 0
1576 0
1577 2
1578 2
1579 2
1580 0
1581 1
1582 0
1583 0
1584 1
1585 2
1586 0
1587 1
1588 2
1589 0
1590 0
1591 2
1592 0
1593 2
1594 0
1595 0
1596 0
1597 1
1598 0
1599 1
1600 0
1601 0
1602 0
1603 0
1604 0
1605 0
1606 1
1607 2
1608 2
1609 0
1610 0
1611 0
1612 0
1613 0
1614 2
1615 2
1616 1
1617 1
1618 0
1619 2
1620 1
1621 1
1622 2
1623 0
1624 0
1625 1
1626 0
1627 0
1628 1
1629 0
1630 0
1631 1
1632 0
1633 0
1634 2
1635 0
1636 0
1637 2
1638 0
1639 0
1640 2
1641 2
1642 1
1643 2
1644 1
1645 0
1646 0
1647 2
1648 2
1649 0
1650 0
1651 0
1652 0
1653 2
1654 1
1655 0
1656 2
1657 1
1658 0
1659 2
1660 1
1661 1
1662 2
1663 1
1664 2
1665 0
1666 0
1667 1
1668 0
1669 0
1670 1
1671 2
1672 0
1673 2
1674 0
1675 1
1676 1
1677 0
1678 0
1679 0
1680 2
1681 1
1682 1
1683 2
1684 0
1685 1
1686 1
1687 0
1688 0
1689 2
1690 2
1691 1
1692 2
1693 1
1694 0
1695 1
1696 0
1697 1
1698 0
1699 0
1700 2
1701 0
1702 1
1703 1
1704 2
1705 1
1706 0
1707 0
1708 2
1709 2
1710 0
1711 0
1712 2
1713 0
1714 1
1715 2
1716 2
1717 0
1718 1
1719 1
1720 2
1721 2
1722 1
1723 2
1724 0
1725 0
1726 0
1727 2
1728 0
1729 2
1730 0
1731 0
1732 0
1733 1
1734 2
1735 0
1736 2
1737 1
1738 2
1739 0
1740 0
1741 2
1742 0
1743 0
1744 0
1745 2
1746 1
1747 0
1748 0
1749 1
1750 0
1751 0
1752 2
1753 2
1754 2
1755 1
1756 0
1757 2
1758 1
1759 0
1760 0
1761 0
1762 0
1763 0
1764 0
1765 1
1766 0
1767 1
1768 2
1769 0
1770 2
1771 0
1772 2
1773 0
1774 1
1775 0
1776 0
1777 0
1778 2
1779 1
1780 0
1781 0
1782 0
1783 1
1784 1
1785 2
1786 0
1787 0
1788 0
1789 0
1790 2
1791 1
1792 2
1793 2
1794 1
1795 0
1796 0
1797 0
1798 1
1799 0
1800 0
1801 2
1802 1
1803 2
1804 2
1805 2
1806 0
1807 1
1808 0
1809 2
1810 1
1811 0
1812 1
1813 0
1814 0
1815 1
1816 0
1817 1
1818 1
1819 0
1820 1
1821 0
1822 2
1823 0
1824 0
1825 0
1826 0
1827 2
1828 0
1829 2
1830 1
1831 2
1832 0
1833 0
1834 2
1835 1
1836 1
1837 1
1838 2
1839 2
1840 2
1841 2
1842 0
1843 1
1844 0
1845 1
1846 0
1847 0
1848 0
1849 0
1850 2
1851 2
1852 2
1853 0
1854 2
1855 2
1856 2
1857 0
1858 1
1859 0
1860 1
1861 1
1862 1
1863 1
1864 0
1865 2
1866 0
1867 1
1868 2
1869 1
1870 0
1871 2
1872 0
1873 0
1874 2
1875 1
1876 0
1877 1
1878 1
1879 0
1880 0
1881 0
1882 2
1883 0
1884 0
1885 1
1886 0
1887 2
1888 0
1889 0
1890 2
1891 0
1892 2
1893 1
1894 2
1895 2
1896 0
1897 0
1898 2
1899 0
1900 0
1901 0
1902 1
1903 2
1904 1
1905 0
1906 2
1907 1
1908 0
1909 0
1910 0
1911 1
1912 1
1913 1
1914 1
1915 1
1916 2
1917 2
1918 0
1919 0
1920 0
1921 2
1922 2
1923 0
1924 1
1925 1
1926 2
1927 0
1928 1
1929 2
1930 2
1931 0
1932 0
1933 1
1934 0
1935 0
1936 0
1937 0
1938 1
1939 0
1940 0
1941 1
1942 0
1943 2
1944 2
1945 2
1946 1
1947 0
1948 2
1949 1
1950 1
1951 2
1952 2
1953 2
1954 0
1955 0
1956 0
1957 1
1958 0
1959 0
1960 1
1961 1
1962 1
1963 2
1964 2
1965 0
1966 0
1967 0
1968 2
1969 1
1970 0
1971 2
1972 0
1973 0
1974 0
1975 1
1976 0
1977 0
1978 0
1979 2
1980 0
1981 2
1982 2
1983 0
1984 0
1985 2
1986 0
1987 1
1988 1
1989 0
1990 2
1991 2
1992 2
1993 1
1994 0
1995 0
1996 1
1997 0
1998 1
1999 1
2000 2
2001 0
2002 1
2003 0
2004 1
2005 1
2006 1
2007 1
2008 0
2009 0
2010 2
2011 1
2012 1
2013 2
2014 0
2015 0
2016 1
2017 2
2018 0
2019 0
2020 2
2021 0
2022 1
2023 0
2024 1
2025 0
2026 0
2027 2
2028 0
2029 1
2030 1
2031 0
2032 0
2033 0
2034 0
2035 2
2036 0
2037 0
2038 1
2039 2
2040 0
2041 1
2042 0
2043 0
2044 0
2045 2
2046 1
2047 1
2048 0
2049 1
2050 1
2051 0
2052 2
2053 1
2054 2
2055 1
2056 2
2057 2
2058 2
2059 1
2060 2
2061 2
2062 1
2063 1
2064 1
2065 0
2066 0
2067 0
2068 0
2069 1
2070 2
2071 0
2072 1
2073 1
2074 0
2075 0
2076 0
2077 0
2078 1
2079 2
2080 2
2081 0
2082 1
2083 2
2084 0
2085 0
2086 0
2087 0
2088 0
2089 0
2090 0
2091 2
2092 0
2093 1
2094 0
2095 1
2096 0
2097 2
2098 0
2099 2
2100 2
2101 0
2102 1
2103 0
2104 0
2105 0
2106 2
2107 1
2108 1
2109 0
2110 2
2111 0
2112 2
2113 0
2114 1
2115 1
2116 0
2117 0
2118 0
2119 2
2120 0
2121 2
2122 2
2123 1
2124 1
2125 0
2126 0
2127 1
2128 0
2129 2
2130 1
2131 0
2132 0
2133 1
2134 2
2135 2
2136 2
2137 2
2138 0
2139 1
2140 2
2141 0
2142 0
2143 0
2144 0
2145 1
2146 0
2147 0
2148 2
2149 0
2150 0
2151 0
2152 2
2153 2
2154 0
2155 1
2156 0
2157 0
2158 1
2159 2
2160 1
2161 0
2162 1
2163 0
2164 1
2165 0
2166 0
2167 0
2168 0
2169 0
2170 0
2171 2
2172 0
2173 0
2174 0
2175 1
2176 0
2177 1
2178 1
2179 2
2180 0
2181 1
2182 0
2183 0
2184 0
2185 2
2186 2
2187 2
2188 2
2189 2
2190 2
2191 2
2192 0
2193 0
2194 1
2195 0
2196 2
2197 0
2198 2
2199 0
2200 2
2201 2
2202 1
2203 2
2204 2
2205 2
2206 0
2207 0
2208 1
2209 1
2210 0
2211 0
2212 2
2213 0
2214 0
2215 1
2216 2
2217 2
2218 2
2219 0
2220 0
2221 1
2222 2
2223 0
2224 0
2225 2
2226 1
2227 1
2228 0
2229 0
2230 2
2231 1
2232 2
2233 0
2234 2
2235 1
2236 0
2237 0
2238 2
2239 1
2240 1
2241 1
2242 0
2243 1
2244 0
2245 2
2246 0
2247 0
2248 2
2249 1
2250 0
2251 2
2252 2
2253 0
2254 1
2255 2
2256 2
2257 1
2258 0
2259 2
2260 2
2261 0
2262 1
2263 2
2264 1
2265 1
2266 1
2267 1
2268 0
2269 2
2270 0
2271 1
2272 0
2273 0
2274 2
2275 2
2276 0
2277 2
2278 0
2279 2
2280 2
2281 1
2282 0
2283 0
2284 2
2285 0
2286 1
2287 1
2288 0
2289 2
2290 2
2291 2
2292 2
2293 0
2294 0
2295 1
2296 2
2297 0
2298 1
2299 0
2300 1
2301 1
2302 2
2303 2
2304 2
2305 2
2306 2
2307 1
2308 1
2309 0
2310 0
2311 0
2312 0
2313 1
2314 1
2315 0
2316 0
2317 2
2318 0
2319 0
2320 1
2321 1
2322 0
2323 2
2324 0
2325 0
2326 0
2327 1
2328 0
2329 2
2330 1
2331 1
2332 1
2333 1
2334 2
2335 1
2336 0
2337 0
2338 0
2339 0
2340 1
2341 2
2342 0
2343 1
2344 1
2345 1
2346 0
2347 1
2348 2
2349 0
2350 2
2351 0
2352 0
2353 0
2354 2
2355 2
2356 2
2357 0
2358 2
2359 0
2360 1
2361 2
2362 2
2363 2
2364 2
2365 0
2366 0
2367 1
2368 0
2369 1
2370 2
2371 2
2372 2
2373 2
2374 0
2375 1
2376 0
2377 0
2378 0
2379 0
2380 0
2381 1
2382 2
2383 1
2384 0
2385 1
2386 0
2387 0
2388 2
2389 2
2390 0
2391 0
2392 1
2393 2
2394 0
2395 0
2396 1
2397 2
2398 0
2399 0
2400 2
2401 2
2402 0
2403 0
2404 2
2405 2
2406 0
2407 0
2408 0
2409 0
2410 0
2411 1
2412 1
2413 2
2414 0
2415 0
2416 0
2417 0
2418 0
2419 1
2420 2
2421 0
2422 0
2423 0
2424 2
2425 1
2426 2
2427 2
2428 0
2429 1
2430 1
2431 0
2432 0
2433 0
2434 0
2435 1
2436 2
2437 0
2438 2
2439 2
2440 0
2441 1
2442 2
2443 1
2444 1
2445 0
2446 1
2447 0
2448 2
2449 0
2450 2
2451 0
2452 2
2453 0
2454 0
2455 1
2456 2
2457 0
2458 1
2459 0
2460 2
2461 1
2462 2
2463 2
2464 0
2465 0
2466 0
2467 1
2468 0
2469 0
2470 1
2471 1
2472 0
2473 2
2474 2
2475 2
2476 0
2477 1
2478 0
2479 1
2480 0
2481 1
2482 0
2483 0
2484 0
2485 0
2486 2
2487 0
2488 0
2489 0
2490 0
2491 2
2492 1
2493 1
2494 0
2495 1
2496 0
2497 1
2498 0
2499 0
2500 2
2501 0
2502 1
2503 0
2504 0
2505 2
2506 2
2507 0
2508 2
2509 0
2510 0
2511 2
2512 2
2513 1
2514 1
2515 2
2516 2
2517 0
2518 1
2519 2
2520 1
2521 1
2522 0
2523 0
2524 2
2525 0
2526 0
2527 1
2528 1
2529 0
2530 0
2531 1
2532 2
2533 2
2534 1
2535 2
2536 0
2537 2
2538 1
2539 1
2540 1
2541 0
2542 0
2543 1
2544 1
2545 1
2546 2
2547 0
2548 0
2549 1
2550 1
2551 0
2552 0
2553 0
2554 0
2555 1
2556 0
2557 0
2558 0
2559 0
2560 0
2561 0
2562 0
2563 1
2564 0
2565 0
2566 0
2567 0
2568 0
2569 1
2570 0
2571 2
2572 0
2573 2
2574 0
2575 0
2576 0
2577 0
2578 0
2579 0
2580 0
2581 0
2582 2
2583 1
2584 0
2585 1
2586 1
2587 0
2588 2
2589 1
2590 2
2591 1
2592 1
2593 1
2594 0
2595 0
2596 1
2597 2
2598 0
2599 2
2600 2
2601 2
2602 0
2603 2
2604 0
2605 2
2606 1
2607 2
2608 1
2609 0
2610 2
2611 0
2612 2
2613 0
2614 0
2615 0
2616 0
2617 0
2618 0
2619 2
2620 0
2621 0
2622 0
2623 0
2624 1
2625 0
2626 0
2627 0
2628 0
2629 0
2630 0
2631 0
2632 2
2633 2
2634 0
2635 1
2636 0
2637 1
2638 0
2639 0
2640 2
2641 2
2642 1
2643 1
2644 0
2645 0
2646 2
2647 0
2648 2
2649 2
2650 2
2651 1
2652 1
2653 2
2654 0
2655 2
2656 2
2657 2
2658 0
2659 0
2660 0
2661 2
2662 0
2663 2
2664 0
2665 2
2666 1
2667 1
2668 2
2669 2
2670 0
2671 1
2672 2
2673 0
2674 1
2675 1
2676 2
2677 1
2678 0
2679 2
2680 1
2681 0
2682 2
2683 1
2684 0
2685 1
2686 1
2687 2
2688 0
2689 1
2690 2
2691 2
2692 0
2693 2
2694 2
2695 1
2696 0
2697 1
2698 2
2699 2
2700 1
2701 0
2702 0
2703 2
2704 0
2705 1
2706 2
2707 1
2708 0
2709 0
2710 2
2711 2
2712 0
2713 0
2714 2
2715 1
2716 1
2717 2
2718 1
2719 0
2720 0
2721 0
2722 2
2723 2
2724 0
2725 1
2726 0
2727 0
2728 0
2729 0
2730 2
2731 2
2732 2
2733 0
2734 1
2735 2
2736 1
2737 2
2738 1
2739 2
2740 0
2741 0
2742 0
2743 0
2744 0
2745 2
2746 0
2747 0
2748 0
2749 0
2750 2
2751 0
2752 0
2753 1
2754 2
2755 1
2756 1
2757 0
2758 0
2759 1
2760 0
2761 1
2762 1
2763 1
2764 0
2765 2
2766 0
2767 1
2768 2
2769 0
2770 2
2771 0
2772 2
2773 0
2774 2
2775 2
2776 0
2777 0
2778 0
2779 1
2780 0
2781 1
2782 2
2783 0
2784 0
2785 2
2786 2
2787 1
2788 2
2789 0
2790 2
2791 2
2792 2
2793 2
2794 2
2795 2
2796 0
2797 2
2798 0
2799 0
2800 0
2801 1
2802 0
2803 0
2804 0
2805 0
2806 0
2807 2
2808 0
2809 2
2810 2
2811 0
2812 2
2813 2
2814 2
2815 0
2816 2
2817 0
2818 0
2819 0
2820 0
2821 0
2822 2
2823 2
2824 0
2825 2
2826 1
2827 2
2828 2
2829 0
2830 1
2831 0
2832 0
2833 0
2834 1
2835 2
2836 0
2837 1
2838 0
2839 0
2840 2
2841 1
2842 2
2843 2
2844 0
2845 1
2846 0
2847 0
2848 0
2849 2
2850 0
2851 0
2852 1
2853 0
2854 0
2855 2
2856 2
2857 1
2858 0
2859 1
2860 0
2861 1
2862 1
2863 1
2864 2
2865 2
2866 2
2867 0
2868 1
2869 1
2870 0
2871 0
2872 0
2873 2
2874 0
2875 0
2876 1
2877 0
2878 2
2879 1
2880 0
2881 2
2882 1
2883 1
2884 2
2885 1
2886 1
2887 2
2888 2
2889 1
2890 2
2891 1
2892 0
2893 0
2894 2
2895 0
2896 2
2897 0
2898 0
2899 2
2900 2
2901 1
2902 2
2903 2
2904 0
2905 2
2906 0
2907 2
2908 2
2909 0
2910 1
2911 1
2912 0
2913 0
2914 2
2915 0
2916 0
2917 0
2918 1
2919 1
2920 0
2921 2
2922 1
2923 1
2924 0
2925 0
2926 0
2927 2
2928 0
2929 1
2930 0
2931 0
2932 0
2933 1
2934 2
2935 0
2936 1
2937 0
2938 2
2939 1
2940 2
2941 0
2942 0
2943 0
2944 0
2945 0
2946 0
2947 2
2948 0
2949 0
2950 1
2951 0
2952 0
2953 1
2954 1
2955 0
2956 0
2957 2
2958 0
2959 2
2960 0
2961 2
2962 2
2963 1
2964 0
2965 0
2966 0
2967 0
2968 0
2969 0
2970 0
2971 2
2972 0
2973 1
2974 2
2975 2
2976 0
2977 0
2978 0
2979 0
2980 0
2981 0
2982 0
2983 1
2984 0
2985 1
2986 2
2987 2
2988 0
2989 0
2990 0
2991 0
2992 0
2993 0
2994 2
2995 0
2996 2
2997 0
2998 1
2999 0
3000 1
3001 0
3002 2
3003 1
3004 0
3005 2
3006 0
3007 0
3008 0
3009 0
3010 0
3011 0
3012 2
3013 0
3014 0
3015 1
3016 2
3017 1
3018 0
3019 1
3020 2
3021 2
3022 0
3023 2
3024 0
3025 0
3026 2
3027 0
3028 0
3029 2
3030 0
3031 1
3032 0
3033 0
3034 2
3035 0
3036 0
3037 0
3038 2
3039 2
3040 2
3041 0
3042 1
3043 1
3044 0
3045 0
3046 2
3047 2
3048 0
3049 0
3050 1
3051 2
3052 1
3053 0
3054 0
3055 2
3056 0
3057 0
3058 2
3059 1
3060 0
3061 1
3062 2
3063 0
3064 1
3065 0
3066 1
3067 0
3068 2
3069 1
3070 2
3071 0
3072 0
3073 1
3074 2
3075 2
3076 0
3077 1
3078 0
3079 1
3080 2
3081 2
3082 1
3083 0
3084 0
3085 0
3086 0
3087 0
3088 1
3089 0
3090 0
3091 1
3092 2
3093 0
3094 2
3095 1
3096 2
3097 0
3098 2
3099 0
3100 0
3101 2
3102 0
3103 0
3104 2
3105 0
3106 0
3107 1
3108 2
3109 0
3110 0
3111 2
3112 2
3113 1
3114 1
3115 2
3116 0
3117 0
3118 0
3119 2
3120 0
3121 0
3122 0
3123 0
3124 0
3125 0
3126 0
3127 0
3128 0
3129 1
3130 1
3131 1
3132 2
3133 0
3134 0
3135 2
3136 0
3137 0
3138 0
3139 0
3140 2
3141 1
3142 1
3143 1
3144 1
3145 2
3146 2
3147 0
3148 0
3149 2
3150 2
3151 0
3152 2
3153 0
3154 0
3155 0
3156 2
3157 0
3158 0
3159 0
3160 1
3161 0
3162 0
3163 2
3164 2
3165 1
3166 2
3167 1
3168 0
3169 2
3170 0
3171 0
3172 0
3173 2
3174 1
3175 1
3176 2
3177 2
3178 2
3179 1
3180 1
3181 2
3182 2
3183 1
3184 0
3185 0
3186 2
3187 1
3188 0
3189 0
3190 2
3191 2
3192 0
3193 1
3194 2
3195 2
3196 0
3197 1
3198 0
3199 0
3200 1
3201 0
3202 2
3203 2
3204 2
3205 1
3206 0
3207 0
3208 1
3209 0
3210 0
3211 2
3212 0
3213 1
3214 2
3215 0
3216 2
3217 0
3218 2
3219 0
3220 1
3221 2
3222 0
3223 0
3224 0
3225 2
3226 2
3227 2
3228 2
3229 0
3230 0
3231 2
3232 2
3233 1
3234 1
3235 0
3236 2
3237 0
3238 0
3239 1
3240 0
3241 0
3242 2
3243 2
3244 2
3245 2
3246 1
3247 0
3248 1
3249 0
3250 1
3251 0
3252 2
3253 0
3254 0
3255 0
3256 0
3257 2
3258 0
3259 0
3260 2
3261 1
3262 2
3263 1
3264 0
3265 1
3266 0
3267 0
3268 0
3269 0
3270 1
3271 0
3272 1
3273 0
3274 0
3275 2
3276 0
3277 2
3278 1
3279 1
3280 2
3281 0
3282 1
3283 1
3284 0
3285 0
3286 1
3287 0
3288 2
3289 2
3290 2
3291 0
3292 0
3293 2
3294 2
3295 0
3296 1
3297 2
3298 0
3299 1
3300 0
3301 2
3302 2
3303 1
3304 2
3305 0
3306 2
3307 0
3308 2
3309 0
3310 1
3311 0
3312 0
3313 0
3314 1
3315 0
3316 0
3317 0
3318 2
3319 2
3320 1
3321 2
3322 0
3323 2
3324 1
3325 1
3326 0
3327 2
3328 0
3329 2
3330 0
3331 0
3332 2
3333 2
3334 0
3335 1
3336 1
3337 1
3338 1
3339 2
3340 2
3341 1
3342 1
3343 0
3344 1
3345 0
3346 0
3347 2
3348 2
3349 2
3350 0
3351 2
3352 1
3353 1
3354 1
3355 1
3356 0
3357 0
3358 2
3359 0
3360 0
3361 1
3362 0
3363 0
3364 2
3365 2
3366 0
3367 1
3368 2
3369 0
3370 0
3371 0
3372 1
3373 1
3374 1
3375 2
3376 0
3377 2
3378 0
3379 2
3380 2
3381 0
3382 0
3383 0
3384 2
3385 0
3386 2
3387 1
3388 2
3389 0
3390 0
3391 0
3392 2
3393 2
3394 2
3395 1
3396 0
3397 0
3398 2
3399 0
3400 1
3401 1
3402 0
3403 2
3404 1
3405 0
3406 0
3407 0
3408 2
3409 0
3410 1
3411 0
3412 0
3413 1
3414 0
3415 2
3416 0
3417 1
3418 2
3419 2
3420 0
3421 2
3422 2
3423 2
3424 0
3425 1
3426 0
3427 2
3428 2
3429 1
3430 2
3431 2
3432 1
3433 2
3434 2
3435 0
3436 0
3437 2
3438 2
3439 0
3440 0
3441 2
3442 0
3443 2
3444 2
3445 0
3446 1
3447 2
3448 0
3449 1
3450 0
3451 0
3452 1
3453 0
3454 1
3455 1
3456 2
3457 0
3458 2
3459 2
3460 1
3461 0
3462 0
3463 1
3464 1
3465 1
3466 0
3467 1
3468 1
3469 1
3470 1
3471 2
3472 1
3473 2
3474 2
3475 1
3476 1
3477 1
3478 0
3479 0
3480 2
3481 1
3482 0
3483 1
3484 0
3485 0
3486 0
3487 0
3488 0
3489 0
3490 0
3491 0
3492 0
3493 0
3494 0
3495 0
