0 2
1 0
2 0
3 1
4 0
5 0
6 1
7 2
8 1
9 2
10 1
11 0
12 1
13 0
14 0
15 1
16 0
17 0
18 1
19 2
20 0
21 0
22 0
23 0
24 1
25 1
26 2
27 1
28 0
29 0
30 2
31 2
32 2
33 1
34 0
35 0
36 1
37 2
38 1
39 0
40 2
41 0
42 0
43 2
44 2
45 0
46 0
47 0
48 1
49 0
50 0
51 2
52 2
53 1
54 0
55 0
56 0
57 1
58 0
59 0
60 0
61 1
62 1
63 0
64 0
65 0
66 0
67 0
68 1
69 2
70 2
71 1
72 2
73 1
74 0
75 1
76 2
77 0
78 1
79 2
80 0
81 0
82 0
83 1
84 0
85 1
86 1
87 0
88 0
89 2
90 2
91 2
92 0
93 1
94 0
95 1
96 1
97 2
98 2
99 1
100 0
101 1
102 2
103 0
104 0
105 2
106 0
107 1
108 0
109 0
110 0
111 0
112 2
113 0
114 0
115 1
116 2
117 1
118 1
119 0
120 0
121 1
122 1
123 0
124 0
125 2
126 2
127 2
128 0
129 0
130 0
131 1
132 0
133 0
134 1
135 2
136 0
137 0
138 1
139 2
140 0
141 0
142 0
143 1
144 0
145 0
146 1
147 0
148 0
149 2
150 0
151 0
152 0
153 1
154 0
155 0
156 1
157 1
158 1
159 0
160 0
161 1
162 2
163 2
164 2
165 1
166 2
167 0
168 1
169 2
170 1
171 2
172 0
173 0
174 0
175 0
176 0
177 1
178 2
179 0
180 0
181 0
182 1
183 0
184 2
185 0
186 0
187 0
188 1
189 0
190 1
191 2
192 1
193 1
194 0
195 0
196 1
197 0
198 2
199 1
200 0
201 2
202 1
203 0
204 0
205 1
206 1
207 1
208 0
209 2
210 0
211 2
212 1
213 0
214 0
215 0
216 0
217 0
218 0
219 1
220 0
221 2
222 0
223 1
224 0
225 1
226 1
227 2
228 0
229 0
230 2
231 2
232 0
233 0
234 1
235 0
236 0
237 0
238 0
239 0
240 2
241 1
242 0
243 0
244 0
245 1
246 0
247 0
248 0
249 2
250 2
251 1
252 0
253 0
254 0
255 1
256 0
257 1
258 1
259 0
260 0
261 0
262 0
263 0
264 0
265 1
266 1
267 0
268 0
269 0
270 2
271 2
272 0
273 0
274 0
275 2
276 0
277 0
278 0
279 2
280 1
281 0
282 0
283 1
284 1
285 2
286 1
287 0
288 0
289 2
290 1
291 2
292 0
293 0
294 0
295 1
296 0
297 0
298 1
299 0
300 1
301 1
302 2
303 0
304 1
305 2
306 1
307 0
308 0
309 2
310 0
311 2
312 0
313 2
314 1
315 0
316 2
317 2
318 2
319 0
320 1
321 2
322 0
323 1
324 2
325 2
326 0
327 1
328 0
329 1
330 0
331 0
332 1
333 0
334 1
335 0
336 2
337 1
338 1
339 0
340 0
341 2
342 0
343 0
344 0
345 0
346 0
347 2
348 0
349 2
350 1
351 0
352 1
353 0
354 2
355 1
356 0
357 0
358 1
359 0
360 1
361 0
362 2
363 0
364 2
365 0
366 0
367 0
368 2
369 0
370 0
371 0
372 1
373 0
374 0
375 2
376 1
377 0
378 0
379 2
380 0
381 0
382 2
383 1
384 0
385 2
386 0
387 0
388 1
389 0
390 1
391 1
392 2
393 1
394 2
395 2
396 0
397 0
398 0
399 1
400 0
401 2
402 2
403 0
404 0
405 0
406 1
407 0
408 1
409 1
410 1
411 0
412 2
413 1
414 1
415 1
416 2
417 0
418 0
419 0
420 2
421 1
422 0
423 1
424 0
425 0
426 1
427 0
428 2
429 2
430 0
431 0
432 1
433 2
434 0
435 0
436 1
437 0
438 1
439 0
440 2
441 0
442 2
443 1
444 0
445 0
446 0
447 2
448 1
449 0
450 0
451 1
452 1
453 0
454 0
455 0
456 0
457 2
458 0
459 1
460 0
461 0
462 0
463 2
464 0
465 0
466 0
467 0
468 2
469 0
470 2
471 2
472 2
473 1
474 0
475 1
476 0
477 2
478 2
479 2
480 2
481 0
482 0
483 0
484 2
485 0
486 0
487 0
488 1
489 0
490 2
491 2
492 2
493 2
494 1
495 2
496 1
497 2
498 0
499 2
500 0
501 1
502 2
503 2
504 0
505 0
506 1
507 0
508 0
509 0
510 1
511 2
512 1
513 0
514 0
515 0
516 1
517 1
518 0
519 1
520 0
521 1
522 1
523 2
524 0
525 0
526 0
527 0
528 0
529 0
530 1
531 0
532 0
533 1
534 1
535 0
536 2
537 0
538 0
539 1
540 2
541 2
542 0
543 1
544 2
545 1
546 0
547 1
548 0
549 1
550 0
551 2
552 0
553 0
554 2
555 0
556 2
557 2
558 0
559 1
560 0
561 2
562 0
563 0
564 1
565 1
566 0
567 2
568 1
569 1
570 2
571 0
572 2
573 2
574 1
575 1
576 0
577 1
578 0
579 2
580 2
581 0
582 2
583 0
584 2
585 2
586 0
587 0
588 1
589 0
590 2
591 1
592 1
593 2
594 1
595 0
596 0
597 0
598 0
599 2
600 0
601 0
602 0
603 1
604 0
605 2
606 1
607 0
608 2
609 1
610 0
611 2
612 0
613 2
614 2
615 1
616 1
617 1
618 0
619 1
620 0
621 0
622 0
623 0
624 1
625 2
626 1
627 0
628 1
629 2
630 1
631 0
632 2
633 0
634 1
635 0
636 2
637 0
638 0
639 0
640 0
641 1
642 0
643 0
644 0
645 2
646 1
647 2
648 1
649 1
650 0
651 2
652 2
653 0
654 1
655 0
656 2
657 0
658 0
659 0
660 0
661 2
662 1
663 2
664 0
665 0
666 2
667 0
668 1
669 0
670 1
671 0
672 0
673 0
674 0
675 0
676 0
677 1
678 2
679 2
680 0
681 0
682 2
683 2
684 0
685 0
686 2
687 2
688 2
689 0
690 1
691 0
692 2
693 2
694 1
695 0
696 1
697 2
698 0
699 1
700 1
701 0
702 2
703 1
704 0
705 1
706 2
707 1
708 0
709 1
710 0
711 0
712 2
713 0
714 1
715 0
716 1
717 0
718 1
719 1
720 0
721 0
722 1
723 0
724 0
725 2
726 2
727 0
728 1
729 1
730 2
731 0
732 0
733 1
734 1
735 0
736 2
737 0
738 0
739 0
740 2
741 2
742 1
743 0
744 2
745 1
746 1
747 0
748 2
749 2
750 0
751 0
752 1
753 0
754 0
755 0
756 2
757 0
758 0
759 2
760 0
761 2
762 2
763 2
764 0
765 1
766 1
767 0
768 1
769 2
770 0
771 2
772 0
773 0
774 0
775 0
776 1
777 2
778 2
779 0
780 1
781 2
782 0
783 1
784 0
785 0
786 2
787 2
788 2
789 2
790 0
791 0
792 0
793 2
794 1
795 2
796 1
797 1
798 2
799 0
800 2
801 0
802 2
803 2
804 2
805 0
806 0
807 1
808 2
809 0
810 0
811 0
812 0
813 1
814 1
815 0
816 1
817 0
818 0
819 1
820 1
821 2
822 2
823 1
824 2
825 0
826 2
827 1
828 2
829 0
830 1
831 0
832 0
833 0
834 1
835 0
836 0
837 1
838 1
839 0
840 0
841 0
842 2
843 1
844 0
845 2
846 1
847 0
848 0
849 1
850 1
851 0
852 0
853 0
854 0
855 1
856 2
857 0
858 1
859 0
860 2
861 0
862 0
863 2
864 2
865 2
866 0
867 1
868 2
869 0
870 1
871 0
872 0
873 2
874 0
875 2
876 1
877 0
878 1
879 0
880 2
881 1
882 0
883 1
884 1
885 0
886 2
887 0
888 1
889 2
890 0
891 0
892 1
893 0
894 1
895 1
896 1
897 0
898 0
899 1
900 2
901 0
902 1
903 0
904 2
905 2
906 1
907 2
908 1
909 2
910 1
911 0
912 1
913 0
914 1
915 0
916 0
917 2
918 1
919 0
920 0
921 0
922 1
923 0
924 0
925 1
926 1
927 2
928 1
929 0
930 0
931 0
932 0
933 1
934 2
935 1
936 1
937 0
938 1
939 1
940 2
941 0
942 2
943 2
944 1
945 0
946 1
947 2
948 0
949 1
950 0
951 0
952 0
953 0
954 0
955 0
956 0
957 2
958 2
959 2
960 1
961 0
962 0
963 0
964 0
965 1
966 1
967 2
968 0
969 0
970 0
971 0
972 1
973 0
974 2
975 1
976 2
977 0
978 1
979 0
980 2
981 1
982 1
983 0
984 0
985 0
986 0
987 0
988 0
989 1
990 0
991 0
992 2
993 0
994 1
995 0
996 0
997 0
998 1
999 2
1000 1
1001 0
1002 1
1003 0
1004 2
1005 0
1006 0
1007 2
1008 0
1009 1
1010 1
1011 0
1012 1
1013 1
1014 0
1015 1
1016 0
1017 2
1018 0
1019 0
1020 1
1021 0
1022 2
1023 2
1024 1
1025 0
1026 1
1027 0
1028 0
1029 0
1030 0
1031 1
1032 2
1033 0
1034 0
1035 1
1036 1
1037 0
1038 0
1039 1
1040 1
1041 0
1042 0
1043 0
1044 2
1045 1
1046 0
1047 0
1048 0
1049 1
1050 1
1051 0
1052 2
1053 0
1054 0
1055 1
1056 1
1057 0
1058 0
1059 1
1060 0
1061 0
1062 2
1063 0
1064 2
1065 0
1066 1
1067 1
1068 0
1069 1
1070 2
1071 1
1072 1
1073 2
1074 1
1075 0
1076 0
1077 0
1078 0
1079 1
1080 2
1081 0
1082 1
1083 2
1084 0
1085 2
1086 0
1087 0
1088 0
1089 0
1090 1
1091 0
1092 2
1093 2
1094 0
1095 1
1096 2
1097 0
1098 0
1099 1
1100 0
1101 1
1102 1
1103 1
1104 2
1105 0
1106 0
1107 0
1108 0
1109 2
1110 2
1111 0
1112 0
1113 1
1114 2
1115 2
1116 0
1117 2
1118 2
1119 0
1120 2
1121 0
1122 0
1123 1
1124 0
1125 0
1126 1
1127 2
1128 1
1129 0
1130 2
1131 0
1132 2
1133 2
1134 1
1135 0
1136 0
1137 2
1138 0
1139 0
1140 2
1141 0
1142 2
1143 1
1144 1
1145 0
1146 2
1147 1
1148 1
1149 0
1150 1
1151 2
1152 1
1153 1
1154 0
1155 0
1156 1
1157 1
1158 1
1159 1
1160 1
1161 2
1162 0
1163 0
1164 0
1165 2
1166 0
1167 2
1168 0
1169 1
1170 1
1171 2
1172 2
1173 0
1174 0
1175 1
1176 0
1177 0
1178 2
1179 2
1180 2
1181 0
1182 2
1183 0
1184 0
1185 0
1186 0
1187 2
1188 2
1189 1
1190 1
1191 0
1192 0
1193 0
1194 1
1195 0
1196 0
1197 1
1198 0
1199 0
1200 0
1201 0
1202 0
1203 2
1204 2
1205 2
1206 2
1207 0
1208 0
1209 0
1210 2
1211 1
1212 1
1213 2
1214 1
1215 1
1216 2
1217 0
1218 1
1219 0
1220 1
1221 0
1222 0
1223 0
1224 0
1225 0
1226 0
1227 2
1228 0
1229 1
1230 2
1231 0
1232 0
1233 2
1234 2
1235 0
1236 0
1237 0
1238 1
1239 0
1240 0
1241 0
1242 0
1243 0
1244 1
1245 0
1246 2
1247 1
1248 2
1249 1
1250 0
1251 1
1252 0
1253 2
1254 0
1255 0
1256 0
1257 0
1258 0
1259 1
1260 1
1261 0
1262 2
1263 0
1264 0
1265 0
1266 1
1267 0
1268 2
1269 0
1270 0
1271 1
1272 0
1273 2
1274 1
1275 0
1276 2
1277 0
1278 0
1279 0
1280 2
1281 0
1282 0
1283 0
1284 1
1285 1
1286 0
1287 2
1288 0
1289 0
1290 1
1291 0
1292 1
1293 1
1294 0
1295 0
1296 0
1297 1
1298 1
1299 0
1300 2
1301 0
1302 1
1303 0
1304 1
1305 0
1306 1
1307 0
1308 0
1309 0
1310 0
1311 0
1312 1
1313 1
1314 2
1315 0
1316 0
1317 1
1318 2
1319 0
1320 2
1321 0
1322 2
1323 0
1324 1
1325 0
1326 0
1327 0
1328 2
1329 1
1330 0
1331 2
1332 0
1333 0
1334 0
1335 1
1336 0
1337 0
1338 0
1339 2
1340 0
1341 0
1342 1
1343 0
1344 1
1345 0
1346 0
1347 0
1348 1
1349 0
1350 2
1351 2
1352 0
1353 2
1354 1
1355 0
1356 0
1357 1
1358 0
1359 0
1360 2
1361 0
1362 0
1363 1
1364 1
1365 1
1366 2
1367 0
1368 0
1369 2
1370 0
1371 0
1372 2
1373 1
1374 1
1375 0
1376 0
1377 0
1378 1
1379 2
1380 1
1381 0
1382 1
1383 2
1384 2
1385 0
1386 0
1387 1
1388 2
1389 2
1390 0
1391 2
1392 0
1393 0
1394 1
1395 1
1396 1
1397 1
1398 1
1399 2
1400 1
1401 0
1402 1
1403 1
1404 2
1405 1
1406 0
1407 0
1408 0
1409 0
1410 0
1411 2
1412 1
1413 1
1414 0
1415 2
1416 1
1417 2
1418 0
1419 0
1420 0
1421 1
1422 1
1423 0
1424 2
1425 0
1426 2
1427 2
1428 2
1429 2
1430 1
1431 0
1432 0
1433 2
1434 2
1435 0
1436 0
1437 0
1438 2
1439 1
1440 0
1441 1
1442 0
1443 0
1444 0
1445 0
1446 1
1447 1
1448 0
1449 0
1450 0
1451 0
1452 2
1453 2
1454 2
1455 0
1456 2
1457 1
1458 2
1459 1
1460 2
1461 1
1462 0
1463 0
1464 0
1465 2
1466 2
1467 1
1468 2
1469 0
1470 1
1471 1
1472 2
1473 0
1474 1
1475 0
1476 2
1477 2
1478 0
1479 1
1480 2
1481 2
1482 2
1483 0
1484 1
1485 0
1486 2
1487 0
1488 2
1489 0
1490 2
1491 0
1492 1
1493 0
1494 1
1495 2
1496 0
1497 2
1498 2
1499 0
1500 1
1501 0
1502 0
1503 0
1504 1
1505 0
1506 0
1507 0
1508 0
1509 2
1510 1
1511 1
1512 2
1513 2
1514 2
1515 1
1516 1
1517 2
1518 0
1519 1
1520 0
1521 1
1522 1
1523 0
1524 0
1525 1
1526 0
1527 1
1528 2
1529 1
1530 2
1531 0
1532 1
1533 0
1534 1
1535 1
1536 1
1537 0
1538 2
1539 0
1540 2
1541 0
1542 0
1543 1
1544 0
1545 2
1546 2
1547 0
1548 0
1549 2
1550 0
1551 1
1552 2
1553 0
1554 0
1555 0
1556 0
1557 0
1558 0
1559 0
1560 2
1561 0
1562 0
1563 0
1564 1
1565 0
1566 0
1567 1
1568 2
1569 0
1570 1
1571 2
1572 0
1573 1
1574 2
1575 0
1576 0
1577 2
1578 1
1579 1
1580 2
1581 1
1582 0
1583 2
1584 0
1585 2
1586 1
1587 0
1588 1
1589 1
1590 0
1591 0
1592 1
1593 2
1594 2
1595 0
1596 1
1597 1
1598 0
1599 1
1600 0
1601 2
1602 0
1603 0
1604 0
1605 1
1606 0
1607 1
1608 0
1609 0
1610 1
1611 2
1612 2
1613 0
1614 0
1615 0
1616 0
1617 0
1618 2
1619 0
1620 0
1621 1
1622 0
1623 0
1624 2
1625 0
1626 0
1627 0
1628 0
1629 0
1630 0
1631 0
1632 2
1633 2
1634 1
1635 0
1636 0
1637 0
1638 0
1639 0
1640 1
1641 0
1642 2
1643 1
1644 2
1645 0
1646 0
1647 0
1648 0
1649 0
1650 0
1651 2
1652 1
1653 1
1654 1
1655 2
1656 0
1657 0
1658 0
1659 1
1660 1
1661 0
1662 2
1663 0
1664 0
1665 1
1666 1
1667 0
1668 2
1669 0
1670 2
1671 0
1672 1
1673 1
1674 1
1675 1
1676 2
1677 2
1678 0
1679 2
1680 0
1681 0
1682 2
1683 1
1684 0
1685 1
1686 2
1687 2
1688 0
1689 0
1690 2
1691 1
1692 0
1693 2
1694 0
1695 0
1696 1
1697 2
1698 1
1699 0
1700 0
1701 1
1702 0
1703 0
1704 0
1705 0
1706 0
1707 0
1708 1
1709 0
1710 2
1711 1
1712 0
1713 0
1714 0
1715 0
1716 0
1717 1
1718 0
1719 0
1720 1
1721 2
1722 2
1723 0
1724 0
1725 0
1726 1
1727 1
1728 2
1729 2
1730 0
1731 2
1732 2
1733 0
1734 1
1735 2
1736 2
1737 0
1738 0
1739 1
1740 1
1741 0
1742 1
1743 0
1744 0
1745 1
1746 2
1747 0
1748 1
1749 1
1750 2
1751 1
1752 1
1753 0
1754 1
1755 2
1756 0
1757 0
1758 0
1759 2
1760 2
1761 2
1762 0
1763 2
1764 0
1765 2
1766 0
1767 0
1768 2
1769 0
1770 2
1771 0
1772 0
1773 0
1774 0
1775 2
1776 0
1777 1
1778 1
1779 2
1780 2
1781 1
1782 0
1783 0
1784 1
1785 2
1786 2
1787 0
1788 0
1789 0
1790 2
1791 0
1792 0
1793 0
1794 0
1795 0
1796 1
1797 1
1798 0
1799 0
1800 0
1801 0
1802 1
1803 2
1804 2
1805 1
1806 0
1807 0
1808 0
1809 0
1810 1
1811 0
1812 2
1813 2
1814 2
1815 0
1816 0
1817 0
1818 0
1819 0
1820 2
1821 0
1822 0
1823 2
1824 2
1825 0
1826 0
1827 0
1828 0
1829 1
1830 0
1831 0
1832 0
1833 1
1834 2
1835 0
1836 0
1837 0
1838 1
1839 1
1840 2
1841 1
1842 1
1843 1
1844 2
1845 2
1846 1
1847 1
1848 0
1849 0
1850 0
1851 2
1852 0
1853 2
1854 0
1855 0
1856 0
1857 2
1858 2
1859 0
1860 1
1861 0
1862 1
1863 1
1864 1
1865 2
1866 2
1867 0
1868 0
1869 1
1870 1
1871 1
1872 1
1873 1
1874 2
1875 1
1876 0
1877 0
1878 0
1879 0
1880 2
1881 0
1882 0
1883 1
1884 0
1885 1
1886 0
1887 0
1888 0
1889 2
1890 2
1891 0
1892 1
1893 0
1894 0
1895 2
1896 1
1897 1
1898 2
1899 1
1900 1
1901 1
1902 2
1903 1
1904 0
1905 2
1906 0
1907 2
1908 0
1909 1
1910 0
1911 0
1912 1
1913 2
1914 2
1915 2
1916 1
1917 1
1918 0
1919 0
1920 0
1921 2
1922 1
1923 0
1924 2
1925 0
1926 2
1927 0
1928 0
1929 1
1930 0
1931 1
1932 0
1933 0
1934 0
1935 1
1936 2
1937 1
1938 1
1939 0
1940 0
1941 0
1942 1
1943 0
1944 2
1945 2
1946 2
1947 1
1948 2
1949 0
1950 0
1951 0
1952 2
1953 2
1954 2
1955 2
1956 0
1957 0
1958 0
1959 0
1960 0
1961 0
1962 2
1963 1
1964 1
1965 0
1966 0
1967 0
1968 0
1969 2
1970 2
1971 2
1972 0
1973 0
1974 1
1975 1
1976 0
1977 1
1978 1
1979 2
1980 0
1981 2
1982 0
1983 2
1984 0
1985 0
1986 1
1987 1
1988 0
1989 1
1990 0
1991 1
1992 0
1993 0
1994 1
1995 2
1996 0
1997 0
1998 2
1999 0
2000 1
2001 0
2002 2
2003 2
2004 1
2005 0
2006 0
2007 0
2008 1
2009 0
2010 0
2011 1
2012 1
2013 2
2014 0
2015 2
2016 1
2017 0
2018 2
2019 1
2020 0
2021 0
2022 0
2023 2
2024 0
2025 0
2026 1
2027 1
2028 2
2029 1
2030 1
2031 1
2032 0
2033 0
2034 0
2035 2
2036 2
2037 1
2038 0
2039 0
2040 2
2041 0
2042 2
2043 1
2044 1
2045 0
2046 0
2047 2
2048 2
2049 0
2050 0
2051 1
2052 2
2053 2
2054 2
2055 1
2056 1
2057 1
2058 0
2059 0
2060 2
2061 2
2062 0
2063 0
2064 1
2065 0
2066 1
2067 0
2068 0
2069 2
2070 0
2071 1
2072 1
2073 1
2074 1
2075 0
2076 2
2077 0
2078 1
2079 0
2080 0
2081 0
2082 1
2083 0
2084 0
2085 0
2086 0
2087 0
2088 2
2089 2
2090 2
2091 0
2092 1
2093 0
2094 0
2095 1
2096 2
2097 2
2098 1
2099 0
2100 1
2101 0
2102 1
2103 1
2104 0
2105 2
2106 1
2107 1
2108 2
2109 1
2110 0
2111 0
2112 0
2113 0
2114 0
2115 1
2116 2
2117 1
2118 0
2119 0
2120 0
2121 2
2122 2
2123 0
2124 0
2125 2
2126 1
2127 0
2128 0
2129 0
2130 2
2131 0
2132 2
2133 2
2134 1
2135 0
2136 2
2137 2
2138 2
2139 0
2140 0
2141 0
2142 0
2143 0
2144 0
2145 0
2146 1
2147 2
2148 0
2149 2
2150 0
2151 0
2152 0
2153 0
2154 1
2155 1
2156 0
2157 2
2158 0
2159 0
2160 0
2161 2
2162 0
2163 2
2164 1
2165 1
2166 2
2167 0
2168 2
2169 1
2170 1
2171 1
2172 2
2173 1
2174 0
2175 0
2176 2
2177 2
2178 0
2179 1
2180 0
2181 2
2182 1
2183 0
2184 0
2185 0
2186 1
2187 0
2188 1
2189 0
2190 0
2191 1
2192 0
2193 0
2194 1
2195 1
2196 2
2197 0
2198 0
2199 0
2200 2
2201 1
2202 0
2203 2
2204 0
2205 0
2206 0
2207 2
2208 1
2209 0
2210 2
2211 0
2212 0
2213 2
2214 2
2215 1
2216 0
2217 0
2218 0
2219 2
2220 2
2221 2
2222 0
2223 0
2224 2
2225 2
2226 2
2227 1
2228 0
2229 1
2230 2
2231 0
2232 1
2233 0
2234 1
2235 0
2236 0
2237 0
2238 2
2239 1
2240 1
2241 1
2242 2
2243 0
2244 1
2245 0
2246 1
2247 1
2248 2
2249 0
2250 0
2251 2
2252 0
2253 0
2254 1
2255 1
2256 0
2257 1
2258 2
2259 0
2260 1
2261 0
2262 2
2263 0
2264 1
2265 0
2266 2
2267 1
2268 1
2269 2
2270 0
2271 0
2272 0
2273 1
2274 0
2275 0
2276 1
2277 2
2278 1
2279 2
2280 1
2281 0
2282 0
2283 1
2284 2
2285 2
2286 1
2287 1
2288 0
2289 0
2290 0
2291 1
2292 1
2293 1
2294 1
2295 0
2296 1
2297 2
2298 0
2299 1
2300 0
2301 0
2302 0
2303 0
2304 1
2305 2
2306 2
2307 0
2308 1
2309 0
2310 0
2311 0
2312 1
2313 0
2314 1
2315 1
2316 0
2317 0
2318 0
2319 1
2320 1
2321 0
2322 0
2323 2
2324 1
2325 0
2326 0
2327 1
2328 2
2329 1
2330 0
2331 0
2332 0
2333 0
2334 0
2335 1
2336 0
2337 2
2338 0
2339 1
2340 0
2341 2
2342 1
2343 1
2344 2
2345 2
2346 0
2347 1
2348 1
2349 0
2350 0
2351 0
2352 0
2353 1
2354 1
2355 1
2356 0
2357 1
2358 1
2359 0
2360 0
2361 2
2362 0
2363 1
2364 1
2365 2
2366 0
2367 1
2368 2
2369 0
2370 1
2371 0
2372 1
2373 0
2374 1
2375 1
2376 1
2377 2
2378 2
2379 1
2380 2
2381 1
2382 1
2383 0
2384 0
2385 2
2386 1
2387 1
2388 1
2389 2
2390 0
2391 2
2392 0
2393 2
2394 2
2395 0
2396 0
2397 0
2398 0
2399 0
2400 2
2401 1
2402 2
2403 0
2404 0
2405 1
2406 0
2407 1
2408 0
2409 0
2410 1
2411 1
2412 1
2413 0
2414 1
2415 1
2416 0
2417 1
2418 2
2419 0
2420 0
2421 2
2422 1
2423 2
2424 0
2425 2
2426 0
2427 2
2428 0
2429 1
2430 0
2431 0
2432 2
2433 0
2434 0
2435 0
2436 1
2437 0
2438 1
2439 0
2440 2
2441 1
2442 0
2443 0
2444 1
2445 1
2446 2
2447 1
2448 1
2449 2
2450 0
2451 0
2452 0
2453 0
2454 0
2455 0
2456 0
2457 0
2458 0
2459 0
2460 0
2461 0
2462 0
2463 0
2464 0
2465 0
2466 0
2467 0
2468 0
2469 0
2470 0
2471 0
2472 0
2473 0
2474 0
2475 0
2476 0
2477 0
2478 1
2479 2
2480 1
2481 1
2482 2
2483 2
2484 1
2485 1
2486 2
2487 1
2488 1
2489 2
2490 1
2491 1
2492 1
2493 1
2494 1
2495 2
2496 2
2497 0
2498 2
2499 1
2500 2
2501 2
2502 2
2503 0
2504 0
2505 0
2506 0
