0 2
1 0
2 0
3 1
4 0
5 0
6 2
7 1
8 1
9 1
10 2
11 0
12 2
13 0
14 0
15 1
16 0
17 0
18 1
19 1
20 0
21 0
22 0
23 0
24 2
25 2
26 1
27 1
28 0
29 0
30 2
31 2
32 2
33 2
34 0
35 0
36 1
37 1
38 1
39 0
40 2
41 0
42 0
43 1
44 1
45 0
46 0
47 0
48 2
49 0
50 0
51 2
52 2
53 1
54 0
55 0
56 0
57 1
58 0
59 0
60 0
61 2
62 2
63 0
64 0
65 0
66 0
67 0
68 1
69 1
70 2
71 1
72 2
73 2
74 0
75 1
76 1
77 0
78 2
79 2
80 0
81 0
82 0
83 2
84 0
85 1
86 2
87 0
88 0
89 1
90 1
91 2
92 0
93 1
94 0
95 2
96 2
97 1
98 2
99 1
100 0
101 1
102 2
103 0
104 0
105 2
106 0
107 1
108 0
109 0
110 0
111 0
112 2
113 0
114 0
115 2
116 2
117 2
118 2
119 0
120 0
121 2
122 1
123 0
124 0
125 2
126 1
127 2
128 0
129 0
130 0
131 2
132 0
133 0
134 2
135 2
136 0
137 0
138 1
139 2
140 0
141 0
142 0
143 2
144 0
145 0
146 1
147 0
148 0
149 2
150 0
151 0
152 0
153 2
154 0
155 0
156 2
157 2
158 2
159 0
160 0
161 1
162 1
163 1
164 1
165 2
166 2
167 0
168 2
169 1
170 1
171 2
172 0
173 0
174 0
175 0
176 0
177 1
178 1
179 0
180 0
181 0
182 1
183 0
184 1
185 0
186 0
187 0
188 1
189 0
190 2
191 2
192 1
193 2
194 0
195 0
196 1
197 0
198 1
199 1
200 0
201 1
202 1
203 0
204 0
205 1
206 2
207 1
208 0
209 2
210 0
211 1
212 1
213 0
214 0
215 0
216 0
217 0
218 0
219 1
220 0
221 2
222 0
223 2
224 0
225 2
226 2
227 2
228 0
229 0
230 1
231 2
232 0
233 0
234 1
235 0
236 0
237 0
238 0
239 0
240 1
241 2
242 0
243 0
244 0
245 2
246 0
247 0
248 0
249 2
250 1
251 1
252 0
253 0
254 0
255 1
256 0
257 2
258 1
259 0
260 0
261 0
262 0
263 0
264 0
265 1
266 1
267 0
268 0
269 0
270 1
271 2
272 0
273 0
274 0
275 1
276 0
277 0
278 0
279 1
280 1
281 0
282 0
283 2
284 1
285 1
286 1
287 0
288 0
289 1
290 1
291 1
292 0
293 0
294 0
295 1
296 0
297 0
298 1
299 0
300 1
301 2
302 2
303 0
304 1
305 1
306 2
307 0
308 0
309 2
310 0
311 1
312 0
313 1
314 1
315 0
316 2
317 1
318 1
319 0
320 2
321 1
322 0
323 1
324 2
325 2
326 0
327 1
328 0
329 1
330 0
331 0
332 2
333 0
334 1
335 0
336 1
337 1
338 2
339 0
340 0
341 2
342 0
343 0
344 0
345 0
346 0
347 1
348 0
349 1
350 1
351 0
352 1
353 0
354 1
355 1
356 0
357 0
358 1
359 0
360 1
361 0
362 1
363 0
364 2
365 0
366 0
367 0
368 2
369 0
370 0
371 0
372 2
373 0
374 0
375 1
376 2
377 0
378 0
379 1
380 0
381 0
382 1
383 1
384 0
385 1
386 0
387 0
388 1
389 0
390 2
391 2
392 1
393 2
394 1
395 1
396 0
397 0
398 0
399 2
400 0
401 2
402 1
403 0
404 0
405 0
406 2
407 0
408 1
409 1
410 2
411 0
412 2
413 2
414 2
415 2
416 1
417 0
418 0
419 0
420 2
421 2
422 0
423 2
424 0
425 0
426 2
427 0
428 1
429 1
430 0
431 0
432 1
433 2
434 0
435 0
436 1
437 0
438 1
439 0
440 2
441 0
442 2
443 2
444 0
445 0
446 0
447 1
448 1
449 0
450 0
451 2
452 2
453 0
454 0
455 0
456 0
457 1
458 0
459 1
460 0
461 0
462 0
463 1
464 0
465 0
466 0
467 0
468 1
469 0
470 1
471 1
472 1
473 1
474 0
475 1
476 0
477 1
478 1
479 1
480 2
481 0
482 0
483 0
484 1
485 0
486 0
487 0
488 2
489 0
490 1
491 1
492 2
493 2
494 1
495 1
496 1
497 2
498 0
499 2
500 0
501 2
502 1
503 2
504 0
505 0
506 1
507 0
508 0
509 0
510 2
511 1
512 2
513 0
514 0
515 0
516 1
517 1
518 0
519 1
520 0
521 2
522 2
523 1
524 0
525 0
526 0
527 0
528 0
529 0
530 2
531 0
532 0
533 2
534 1
535 0
536 2
537 0
538 0
539 1
540 1
541 1
542 0
543 1
544 1
545 1
546 0
547 1
548 0
549 2
550 0
551 2
552 0
553 0
554 1
555 0
556 1
557 2
558 0
559 2
560 0
561 2
562 0
563 0
564 1
565 2
566 0
567 2
568 1
569 2
570 1
571 0
572 1
573 2
574 2
575 1
576 0
577 1
578 0
579 1
580 1
581 0
582 2
583 0
584 1
585 1
586 0
587 0
588 2
589 0
590 2
591 1
592 2
593 1
594 1
595 0
596 0
597 0
598 0
599 1
600 0
601 0
602 0
603 1
604 0
605 2
606 1
607 0
608 2
609 1
610 0
611 2
612 0
613 2
614 1
615 2
616 1
617 1
618 0
619 1
620 0
621 0
622 0
623 0
624 2
625 1
626 1
627 0
628 1
629 2
630 1
631 0
632 2
633 0
634 2
635 0
636 1
637 0
638 0
639 0
640 0
641 2
642 0
643 0
644 0
645 2
646 1
647 2
648 2
649 2
650 0
651 1
652 2
653 0
654 1
655 0
656 1
657 0
658 0
659 0
660 0
661 2
662 2
663 1
664 0
665 0
666 1
667 0
668 1
669 0
670 1
671 0
672 0
673 0
674 0
675 0
676 0
677 2
678 1
679 1
680 0
681 0
682 1
683 2
684 0
685 0
686 1
687 2
688 1
689 0
690 2
691 0
692 2
693 2
694 1
695 0
696 1
697 1
698 0
699 1
700 2
701 0
702 1
703 2
704 0
705 2
706 1
707 2
708 0
709 1
710 0
711 0
712 2
713 0
714 1
715 0
716 2
717 0
718 1
719 1
720 0
721 0
722 1
723 0
724 0
725 1
726 1
727 0
728 2
729 1
730 1
731 0
732 0
733 1
734 2
735 0
736 2
737 0
738 0
739 0
740 1
741 2
742 2
743 0
744 2
745 2
746 1
747 0
748 2
749 1
750 0
751 0
752 1
753 0
754 0
755 0
756 1
757 0
758 0
759 1
760 0
761 1
762 1
763 1
764 0
765 2
766 2
767 0
768 2
769 1
770 0
771 1
772 0
773 0
774 0
775 0
776 1
777 2
778 1
779 0
780 1
781 1
782 0
783 2
784 0
785 0
786 2
787 1
788 1
789 1
790 0
791 0
792 0
793 2
794 2
795 2
796 1
797 2
798 2
799 0
800 1
801 0
802 2
803 2
804 2
805 0
806 0
807 1
808 2
809 0
810 0
811 0
812 0
813 1
814 2
815 0
816 2
817 0
818 0
819 1
820 1
821 2
822 2
823 1
824 1
825 0
826 2
827 1
828 1
829 0
830 2
831 0
832 0
833 0
834 2
835 0
836 0
837 1
838 2
839 0
840 0
841 0
842 2
843 1
844 0
845 2
846 1
847 0
848 0
849 1
850 2
851 0
852 0
853 0
854 0
855 2
856 1
857 0
858 2
859 0
860 2
861 0
862 0
863 2
864 1
865 1
866 0
867 1
868 1
869 0
870 1
871 0
872 0
873 2
874 0
875 2
876 2
877 0
878 2
879 0
880 2
881 2
882 0
883 1
884 2
885 0
886 2
887 0
888 2
889 2
890 0
891 0
892 1
893 0
894 1
895 1
896 2
897 0
898 0
899 1
900 2
901 0
902 2
903 0
904 1
905 2
906 1
907 2
908 1
909 1
910 1
911 0
912 1
913 0
914 2
915 0
916 0
917 1
918 1
919 0
920 0
921 0
922 1
923 0
924 0
925 1
926 2
927 2
928 1
929 0
930 0
931 0
932 0
933 1
934 1
935 1
936 2
937 0
938 1
939 1
940 2
941 0
942 1
943 1
944 2
945 0
946 2
947 2
948 0
949 1
950 0
951 0
952 0
953 0
954 0
955 0
956 0
957 1
958 2
959 1
960 2
961 0
962 0
963 0
964 0
965 1
966 1
967 2
968 0
969 0
970 0
971 0
972 2
973 0
974 2
975 2
976 2
977 0
978 2
979 0
980 2
981 2
982 2
983 0
984 0
985 0
986 0
987 0
988 0
989 1
990 0
991 0
992 2
993 0
994 1
995 0
996 0
997 0
998 2
999 1
1000 2
1001 0
1002 1
1003 0
1004 2
1005 0
1006 0
1007 2
1008 0
1009 1
1010 1
1011 0
1012 2
1013 1
1014 0
1015 1
1016 0
1017 2
1018 0
1019 0
1020 1
1021 0
1022 2
1023 2
1024 2
1025 0
1026 2
1027 0
1028 0
1029 0
1030 0
1031 2
1032 2
1033 0
1034 0
1035 2
1036 2
1037 0
1038 0
1039 1
1040 2
1041 0
1042 0
1043 0
1044 2
1045 2
1046 0
1047 0
1048 0
1049 1
1050 1
1051 0
1052 1
1053 0
1054 0
1055 2
1056 1
1057 0
1058 0
1059 1
1060 0
1061 0
1062 1
1063 0
1064 2
1065 0
1066 1
1067 2
1068 0
1069 2
1070 1
1071 1
1072 1
1073 1
1074 1
1075 0
1076 0
1077 0
1078 0
1079 1
1080 1
1081 0
1082 2
1083 2
1084 0
1085 2
1086 0
1087 0
1088 0
1089 0
1090 2
1091 0
1092 2
1093 2
1094 0
1095 2
1096 1
1097 0
1098 0
1099 1
1100 0
1101 2
1102 2
1103 1
1104 2
1105 0
1106 0
1107 0
1108 0
1109 1
1110 1
1111 0
1112 0
1113 1
1114 2
1115 2
1116 0
1117 1
1118 2
1119 0
1120 1
1121 0
1122 0
1123 1
1124 0
1125 0
1126 1
1127 1
1128 1
1129 0
1130 2
1131 0
1132 1
1133 1
1134 1
1135 0
1136 0
1137 2
1138 0
1139 0
1140 1
1141 0
1142 1
1143 1
1144 1
1145 0
1146 1
1147 2
1148 1
1149 0
1150 1
1151 2
1152 1
1153 2
1154 0
1155 0
1156 1
1157 1
1158 1
1159 1
1160 2
1161 2
1162 0
1163 0
1164 0
1165 2
1166 0
1167 1
1168 0
1169 2
1170 1
1171 1
1172 2
1173 0
1174 0
1175 1
1176 0
1177 0
1178 2
1179 2
1180 1
1181 0
1182 1
1183 0
1184 0
1185 0
1186 0
1187 2
1188 1
1189 1
1190 2
1191 0
1192 0
1193 0
1194 2
1195 0
1196 0
1197 1
1198 0
1199 0
1200 0
1201 0
1202 0
1203 1
1204 1
1205 2
1206 2
1207 0
1208 0
1209 0
1210 1
1211 2
1212 2
1213 2
1214 2
1215 1
1216 2
1217 0
1218 1
1219 0
1220 1
1221 0
1222 0
1223 0
1224 0
1225 0
1226 0
1227 2
1228 0
1229 2
1230 2
1231 0
1232 0
1233 2
1234 2
1235 0
1236 0
1237 0
1238 2
1239 0
1240 0
1241 0
1242 0
1243 0
1244 1
1245 0
1246 1
1247 1
1248 2
1249 2
1250 0
1251 1
1252 0
1253 1
1254 0
1255 0
1256 0
1257 0
1258 0
1259 1
1260 2
1261 0
1262 1
1263 0
1264 0
1265 0
1266 2
1267 0
1268 1
1269 0
1270 0
1271 2
1272 0
1273 2
1274 2
1275 0
1276 1
1277 0
1278 0
1279 0
1280 2
1281 0
1282 0
1283 0
1284 2
1285 1
1286 0
1287 2
1288 0
1289 0
1290 2
1291 0
1292 1
1293 2
1294 0
1295 0
1296 0
1297 1
1298 1
1299 0
1300 2
1301 0
1302 2
1303 0
1304 1
1305 0
1306 1
1307 0
1308 0
1309 0
1310 0
1311 0
1312 1
1313 2
1314 1
1315 0
1316 0
1317 1
1318 1
1319 0
1320 2
1321 0
1322 1
1323 0
1324 1
1325 0
1326 0
1327 0
1328 2
1329 2
1330 0
1331 1
1332 0
1333 0
1334 0
1335 2
1336 0
1337 0
1338 0
1339 1
1340 0
1341 0
1342 2
1343 0
1344 1
1345 0
1346 0
1347 0
1348 1
1349 0
1350 2
1351 2
1352 0
1353 2
1354 2
1355 0
1356 0
1357 1
1358 0
1359 0
1360 2
1361 0
1362 0
1363 2
1364 2
1365 1
1366 1
1367 0
1368 0
1369 2
1370 0
1371 0
1372 1
1373 1
1374 2
1375 0
1376 0
1377 0
1378 1
1379 2
1380 1
1381 0
1382 1
1383 1
1384 2
1385 0
1386 0
1387 1
1388 1
1389 1
1390 0
1391 1
1392 0
1393 0
1394 2
1395 1
1396 2
1397 2
1398 1
1399 2
1400 1
1401 0
1402 1
1403 2
1404 1
1405 2
1406 0
1407 0
1408 0
1409 0
1410 0
1411 2
1412 2
1413 1
1414 0
1415 2
1416 2
1417 1
1418 0
1419 0
1420 0
1421 2
1422 1
1423 0
1424 2
1425 0
1426 2
1427 2
1428 2
1429 2
1430 2
1431 0
1432 0
1433 1
1434 1
1435 0
1436 0
1437 0
1438 1
1439 2
1440 0
1441 1
1442 0
1443 0
1444 0
1445 0
1446 2
1447 2
1448 0
1449 0
1450 0
1451 0
1452 1
1453 1
1454 1
1455 0
1456 1
1457 1
1458 1
1459 2
1460 1
1461 1
1462 0
1463 0
1464 0
1465 1
1466 1
1467 2
1468 2
1469 0
1470 2
1471 1
1472 1
1473 0
1474 2
1475 0
1476 1
1477 1
1478 0
1479 1
1480 1
1481 2
1482 1
1483 0
1484 1
1485 0
1486 2
1487 0
1488 2
1489 0
1490 1
1491 0
1492 1
1493 0
1494 2
1495 1
1496 0
1497 2
1498 1
1499 0
1500 1
1501 0
1502 0
1503 0
1504 1
1505 0
1506 0
1507 0
1508 0
1509 2
1510 1
1511 2
1512 1
1513 1
1514 1
1515 1
1516 1
1517 2
1518 0
1519 1
1520 0
1521 1
1522 1
1523 0
1524 0
1525 2
1526 0
1527 1
1528 1
1529 2
1530 2
1531 0
1532 2
1533 0
1534 2
1535 1
1536 1
1537 0
1538 1
1539 0
1540 1
1541 0
1542 0
1543 1
1544 0
1545 1
1546 1
1547 0
1548 0
1549 2
1550 0
1551 1
1552 1
1553 0
1554 0
1555 0
1556 0
1557 0
1558 0
1559 0
1560 2
1561 0
1562 0
1563 0
1564 2
1565 0
1566 0
1567 2
1568 1
1569 0
1570 1
1571 1
1572 0
1573 2
1574 2
1575 0
1576 0
1577 2
1578 1
1579 1
1580 1
1581 2
1582 0
1583 1
1584 0
1585 1
1586 2
1587 0
1588 1
1589 1
1590 0
1591 0
1592 1
1593 1
1594 1
1595 0
1596 1
1597 2
1598 0
1599 1
1600 0
1601 1
1602 0
1603 0
1604 0
1605 2
1606 0
1607 1
1608 0
1609 0
1610 1
1611 2
1612 1
1613 0
1614 0
1615 0
1616 0
1617 0
1618 2
1619 0
1620 0
1621 2
1622 0
1623 0
1624 2
1625 0
1626 0
1627 0
1628 0
1629 0
1630 0
1631 0
1632 2
1633 2
1634 2
1635 0
1636 0
1637 0
1638 0
1639 0
1640 2
1641 0
1642 1
1643 1
1644 2
1645 0
1646 0
1647 0
1648 0
1649 0
1650 0
1651 2
1652 1
1653 2
1654 2
1655 2
1656 0
1657 0
1658 0
1659 2
1660 2
1661 0
1662 1
1663 0
1664 0
1665 1
1666 1
1667 0
1668 2
1669 0
1670 2
1671 0
1672 1
1673 1
1674 2
1675 1
1676 1
1677 2
1678 0
1679 2
1680 0
1681 0
1682 1
1683 2
1684 0
1685 2
1686 2
1687 2
1688 0
1689 0
1690 1
1691 1
1692 0
1693 1
1694 0
1695 0
1696 1
1697 1
1698 1
1699 0
1700 0
1701 2
1702 0
1703 0
1704 0
1705 0
1706 0
1707 0
1708 1
1709 0
1710 2
1711 1
1712 0
1713 0
1714 0
1715 0
1716 0
1717 1
1718 0
1719 0
1720 1
1721 2
1722 2
1723 0
1724 0
1725 0
1726 2
1727 1
1728 1
1729 1
1730 0
1731 2
1732 1
1733 0
1734 2
1735 1
1736 2
1737 0
1738 0
1739 1
1740 2
1741 0
1742 1
1743 0
1744 0
1745 1
1746 2
1747 0
1748 2
1749 2
1750 2
1751 1
1752 2
1753 0
1754 1
1755 1
1756 0
1757 0
1758 0
1759 1
1760 1
1761 2
1762 0
1763 2
1764 0
1765 1
1766 0
1767 0
1768 1
1769 0
1770 2
1771 0
1772 0
1773 0
1774 0
1775 2
1776 0
1777 1
1778 2
1779 1
1780 2
1781 1
1782 0
1783 0
1784 1
1785 1
1786 1
1787 0
1788 0
1789 0
1790 2
1791 0
1792 0
1793 0
1794 0
1795 0
1796 1
1797 2
1798 0
1799 0
1800 0
1801 0
1802 2
1803 1
1804 2
1805 2
1806 0
1807 0
1808 0
1809 0
1810 1
1811 0
1812 1
1813 2
1814 1
1815 0
1816 0
1817 0
1818 0
1819 0
1820 1
1821 0
1822 0
1823 1
1824 2
1825 0
1826 0
1827 0
1828 0
1829 1
1830 0
1831 0
1832 0
1833 1
1834 2
1835 0
1836 0
1837 0
1838 1
1839 2
1840 2
1841 1
1842 2
1843 1
1844 2
1845 1
1846 2
1847 2
1848 0
1849 0
1850 0
1851 1
1852 0
1853 1
1854 0
1855 0
1856 0
1857 1
1858 1
1859 0
1860 2
1861 0
1862 1
1863 1
1864 1
1865 1
1866 2
1867 0
1868 0
1869 2
1870 2
1871 2
1872 1
1873 2
1874 1
1875 1
1876 0
1877 0
1878 0
1879 0
1880 2
1881 0
1882 0
1883 1
1884 0
1885 2
1886 0
1887 0
1888 0
1889 2
1890 2
1891 0
1892 1
1893 0
1894 0
1895 1
1896 2
1897 2
1898 1
1899 1
1900 1
1901 2
1902 2
1903 1
1904 0
1905 1
1906 0
1907 1
1908 0
1909 2
1910 0
1911 0
1912 2
1913 1
1914 2
1915 1
1916 2
1917 2
1918 0
1919 0
1920 0
1921 2
1922 1
1923 0
1924 2
1925 0
1926 1
1927 0
1928 0
1929 2
1930 0
1931 1
1932 0
1933 0
1934 0
1935 2
1936 2
1937 1
1938 1
1939 0
1940 0
1941 0
1942 1
1943 0
1944 1
1945 1
1946 2
1947 1
1948 1
1949 0
1950 0
1951 0
1952 1
1953 2
1954 2
1955 1
1956 0
1957 0
1958 0
1959 0
1960 0
1961 0
1962 2
1963 1
1964 1
1965 0
1966 0
1967 0
1968 0
1969 2
1970 2
1971 1
1972 0
1973 0
1974 2
1975 2
1976 0
1977 1
1978 2
1979 1
1980 0
1981 1
1982 0
1983 2
1984 0
1985 0
1986 1
1987 1
1988 0
1989 2
1990 0
1991 2
1992 0
1993 0
1994 2
1995 2
1996 0
1997 0
1998 1
1999 0
2000 1
2001 0
2002 2
2003 1
2004 1
2005 0
2006 0
2007 0
2008 1
2009 0
2010 0
2011 1
2012 1
2013 1
2014 0
2015 1
2016 2
2017 0
2018 2
2019 2
2020 0
2021 0
2022 0
2023 2
2024 0
2025 0
2026 1
2027 1
2028 2
2029 2
2030 1
2031 1
2032 0
2033 0
2034 0
2035 1
2036 2
2037 1
2038 0
2039 0
2040 2
2041 0
2042 2
2043 2
2044 2
2045 0
2046 0
2047 1
2048 2
2049 0
2050 0
2051 1
2052 1
2053 1
2054 2
2055 2
2056 1
2057 2
2058 0
2059 0
2060 1
2061 1
2062 0
2063 0
2064 2
2065 0
2066 2
2067 0
2068 0
2069 1
2070 0
2071 1
2072 1
2073 1
2074 1
2075 0
2076 2
2077 0
2078 1
2079 0
2080 0
2081 0
2082 2
2083 0
2084 0
2085 0
2086 0
2087 0
2088 1
2089 1
2090 2
2091 0
2092 1
2093 0
2094 0
2095 2
2096 2
2097 2
2098 2
2099 0
2100 2
2101 0
2102 2
2103 2
2104 0
2105 1
2106 2
2107 2
2108 1
2109 2
2110 0
2111 0
2112 0
2113 0
2114 0
2115 2
2116 2
2117 1
2118 0
2119 0
2120 0
2121 1
2122 2
2123 0
2124 0
2125 1
2126 1
2127 0
2128 0
2129 0
2130 1
2131 0
2132 1
2133 2
2134 1
2135 0
2136 2
2137 1
2138 2
2139 0
2140 0
2141 0
2142 0
2143 0
2144 0
2145 0
2146 2
2147 1
2148 0
2149 1
2150 0
2151 0
2152 0
2153 0
2154 1
2155 1
2156 0
2157 2
2158 0
2159 0
2160 0
2161 2
2162 0
2163 2
2164 2
2165 1
2166 2
2167 0
2168 2
2169 1
2170 1
2171 2
2172 2
2173 1
2174 0
2175 0
2176 2
2177 1
2178 0
2179 1
2180 0
2181 1
2182 1
2183 0
2184 0
2185 0
2186 2
2187 0
2188 2
2189 0
2190 0
2191 1
2192 0
2193 0
2194 2
2195 1
2196 1
2197 0
2198 0
2199 0
2200 1
2201 2
2202 0
2203 2
2204 0
2205 0
2206 0
2207 2
2208 1
2209 0
2210 1
2211 0
2212 0
2213 1
2214 1
2215 1
2216 0
2217 0
2218 0
2219 2
2220 1
2221 1
2222 0
2223 0
2224 2
2225 1
2226 1
2227 2
2228 0
2229 2
2230 2
2231 0
2232 1
2233 0
2234 2
2235 0
2236 0
2237 0
2238 2
2239 1
2240 1
2241 1
2242 1
2243 0
2244 2
2245 0
2246 1
2247 1
2248 1
2249 0
2250 0
2251 1
2252 0
2253 0
2254 1
2255 2
2256 0
2257 2
2258 1
2259 0
2260 1
2261 0
2262 2
2263 0
2264 2
2265 0
2266 2
2267 2
2268 2
2269 2
2270 0
2271 0
2272 0
2273 2
2274 0
2275 0
2276 1
2277 2
2278 1
2279 1
2280 2
2281 0
2282 0
2283 1
2284 2
2285 1
2286 2
2287 2
2288 0
2289 0
2290 0
2291 2
2292 2
2293 2
2294 1
2295 0
2296 1
2297 1
2298 0
2299 1
2300 0
2301 0
2302 0
2303 0
2304 2
2305 1
2306 2
2307 0
2308 1
2309 0
2310 0
2311 0
2312 2
2313 0
2314 1
2315 2
2316 0
2317 0
2318 0
2319 2
2320 1
2321 0
2322 0
2323 1
2324 1
2325 0
2326 0
2327 2
2328 2
2329 1
2330 0
2331 0
2332 0
2333 0
2334 0
2335 1
2336 0
2337 1
2338 0
2339 1
2340 0
2341 1
2342 2
2343 2
2344 1
2345 1
2346 0
2347 1
2348 1
2349 0
2350 0
2351 0
2352 0
2353 1
2354 2
2355 1
2356 0
2357 2
2358 2
2359 0
2360 0
2361 1
2362 0
2363 1
2364 2
2365 2
2366 0
2367 1
2368 2
2369 0
2370 1
2371 0
2372 2
2373 0
2374 2
2375 1
2376 1
2377 1
2378 2
2379 2
2380 1
2381 1
2382 1
2383 0
2384 0
2385 2
2386 2
2387 1
2388 1
2389 2
2390 0
2391 1
2392 0
2393 1
2394 1
2395 0
2396 0
2397 0
2398 0
2399 0
2400 2
2401 1
2402 1
2403 0
2404 0
2405 1
2406 0
2407 2
2408 0
2409 0
2410 2
2411 1
2412 2
2413 0
2414 2
2415 2
2416 0
2417 2
2418 2
2419 0
2420 0
2421 1
2422 1
2423 1
2424 0
2425 2
2426 0
2427 2
2428 0
2429 1
2430 0
2431 0
2432 2
2433 0
2434 0
2435 0
2436 1
2437 0
2438 2
2439 0
2440 2
2441 1
2442 0
2443 0
2444 2
2445 1
2446 2
2447 1
2448 2
2449 1
2450 0
2451 0
2452 0
2453 0
2454 0
2455 0
2456 0
2457 0
2458 0
2459 0
2460 0
2461 0
2462 0
2463 0
2464 0
2465 0
2466 0
2467 0
2468 0
2469 0
2470 0
2471 0
2472 0
2473 0
2474 0
2475 0
2476 0
2477 0
2478 2
2479 2
2480 1
2481 1
2482 1
2483 1
2484 2
2485 2
2486 1
2487 1
2488 2
2489 2
2490 1
2491 1
2492 2
2493 2
2494 1
2495 1
2496 2
2497 0
2498 1
2499 1
2500 2
2501 1
2502 2
2503 0
2504 0
2505 0
2506 0
