0 1
1 0
2 0
3 1
4 0
5 0
6 1
7 2
8 2
9 1
10 1
11 0
12 2
13 0
14 0
15 1
16 0
17 0
18 1
19 2
20 0
21 0
22 0
23 0
24 2
25 1
26 1
27 2
28 0
29 0
30 2
31 1
32 2
33 1
34 0
35 0
36 2
37 1
38 1
39 0
40 1
41 0
42 0
43 2
44 1
45 0
46 0
47 0
48 1
49 0
50 0
51 2
52 1
53 1
54 0
55 0
56 0
57 2
58 0
59 0
60 0
61 1
62 2
63 0
64 0
65 0
66 0
67 0
68 1
69 1
70 2
71 1
72 2
73 1
74 0
75 1
76 1
77 0
78 1
79 2
80 0
81 0
82 0
83 2
84 0
85 2
86 2
87 0
88 0
89 2
90 1
91 1
92 0
93 2
94 0
95 2
96 2
97 1
98 1
99 2
100 0
101 1
102 1
103 0
104 0
105 1
106 0
107 2
108 0
109 0
110 0
111 0
112 1
113 0
114 0
115 1
116 1
117 1
118 1
119 0
120 0
121 2
122 2
123 0
124 0
125 2
126 2
127 2
128 0
129 0
130 0
131 2
132 0
133 0
134 1
135 2
136 0
137 0
138 2
139 2
140 0
141 0
142 0
143 1
144 0
145 0
146 2
147 0
148 0
149 2
150 0
151 0
152 0
153 2
154 0
155 0
156 1
157 1
158 1
159 0
160 0
161 1
162 1
163 1
164 2
165 2
166 1
167 0
168 1
169 1
170 2
171 2
172 0
173 0
174 0
175 0
176 0
177 1
178 1
179 0
180 0
181 0
182 1
183 0
184 2
185 0
186 0
187 0
188 1
189 0
190 2
191 2
192 1
193 1
194 0
195 0
196 1
197 0
198 1
199 1
200 0
201 2
202 1
203 0
204 0
205 1
206 1
207 1
208 0
209 1
210 0
211 2
212 1
213 0
214 0
215 0
216 0
217 0
218 0
219 1
220 0
221 1
222 0
223 2
224 0
225 1
226 2
227 1
228 0
229 0
230 1
231 2
232 0
233 0
234 2
235 0
236 0
237 0
238 0
239 0
240 1
241 2
242 0
243 0
244 0
245 2
246 0
247 0
248 0
249 2
250 2
251 1
252 0
253 0
254 0
255 2
256 0
257 2
258 2
259 0
260 0
261 0
262 0
263 0
264 0
265 1
266 2
267 0
268 0
269 0
270 1
271 1
272 0
273 0
274 0
275 2
276 0
277 0
278 0
279 2
280 1
281 0
282 0
283 2
284 2
285 1
286 1
287 0
288 0
289 1
290 1
291 2
292 0
293 0
294 0
295 2
296 0
297 0
298 2
299 0
300 2
301 1
302 1
303 0
304 1
305 1
306 2
307 0
308 0
309 2
310 0
311 1
312 0
313 1
314 1
315 0
316 1
317 2
318 1
319 0
320 1
321 2
322 0
323 1
324 1
325 2
326 0
327 1
328 0
329 1
330 0
331 0
332 2
333 0
334 2
335 0
336 1
337 1
338 1
339 0
340 0
341 2
342 0
343 0
344 0
345 0
346 0
347 2
348 0
349 2
350 1
351 0
352 1
353 0
354 2
355 2
356 0
357 0
358 2
359 0
360 2
361 0
362 2
363 0
364 1
365 0
366 0
367 0
368 2
369 0
370 0
371 0
372 1
373 0
374 0
375 2
376 1
377 0
378 0
379 2
380 0
381 0
382 1
383 2
384 0
385 1
386 0
387 0
388 2
389 0
390 2
391 1
392 1
393 1
394 1
395 1
396 0
397 0
398 0
399 2
400 0
401 1
402 1
403 0
404 0
405 0
406 2
407 0
408 1
409 1
410 1
411 0
412 1
413 2
414 2
415 1
416 2
417 0
418 0
419 0
420 2
421 1
422 0
423 1
424 0
425 0
426 2
427 0
428 2
429 1
430 0
431 0
432 1
433 2
434 0
435 0
436 1
437 0
438 1
439 0
440 1
441 0
442 1
443 1
444 0
445 0
446 0
447 1
448 2
449 0
450 0
451 1
452 1
453 0
454 0
455 0
456 0
457 2
458 0
459 1
460 0
461 0
462 0
463 1
464 0
465 0
466 0
467 0
468 2
469 0
470 1
471 1
472 2
473 2
474 0
475 1
476 0
477 2
478 2
479 2
480 1
481 0
482 0
483 0
484 2
485 0
486 0
487 0
488 2
489 0
490 2
491 2
492 1
493 1
494 2
495 1
496 2
497 2
498 0
499 1
500 0
501 1
502 2
503 1
504 0
505 0
506 1
507 0
508 0
509 0
510 2
511 2
512 2
513 0
514 0
515 0
516 2
517 2
518 0
519 2
520 0
521 2
522 2
523 1
524 0
525 0
526 0
527 0
528 0
529 0
530 1
531 0
532 0
533 2
534 2
535 0
536 1
537 0
538 0
539 2
540 1
541 1
542 0
543 1
544 2
545 1
546 0
547 1
548 0
549 2
550 0
551 1
552 0
553 0
554 1
555 0
556 2
557 1
558 0
559 2
560 0
561 1
562 0
563 0
564 1
565 1
566 0
567 1
568 2
569 1
570 2
571 0
572 2
573 2
574 2
575 2
576 0
577 1
578 0
579 1
580 1
581 0
582 1
583 0
584 2
585 1
586 0
587 0
588 2
589 0
590 2
591 1
592 1
593 1
594 2
595 0
596 0
597 0
598 0
599 2
600 0
601 0
602 0
603 1
604 0
605 2
606 1
607 0
608 2
609 2
610 0
611 1
612 0
613 2
614 2
615 1
616 2
617 1
618 0
619 2
620 0
621 0
622 0
623 0
624 2
625 1
626 2
627 0
628 1
629 2
630 2
631 0
632 2
633 0
634 2
635 0
636 2
637 0
638 0
639 0
640 0
641 1
642 0
643 0
644 0
645 1
646 2
647 1
648 2
649 2
650 0
651 1
652 1
653 0
654 1
655 0
656 1
657 0
658 0
659 0
660 0
661 1
662 1
663 1
664 0
665 0
666 2
667 0
668 2
669 0
670 2
671 0
672 0
673 0
674 0
675 0
676 0
677 1
678 2
679 1
680 0
681 0
682 2
683 2
684 0
685 0
686 1
687 2
688 2
689 0
690 2
691 0
692 1
693 2
694 2
695 0
696 2
697 2
698 0
699 2
700 1
701 0
702 2
703 2
704 0
705 1
706 2
707 2
708 0
709 1
710 0
711 0
712 1
713 0
714 2
715 0
716 2
717 0
718 1
719 1
720 0
721 0
722 2
723 0
724 0
725 2
726 1
727 0
728 1
729 1
730 2
731 0
732 0
733 1
734 1
735 0
736 2
737 0
738 0
739 0
740 1
741 2
742 1
743 0
744 2
745 2
746 1
747 0
748 1
749 1
750 0
751 0
752 2
753 0
754 0
755 0
756 1
757 0
758 0
759 2
760 0
761 2
762 2
763 1
764 0
765 2
766 2
767 0
768 1
769 1
770 0
771 1
772 0
773 0
774 0
775 0
776 2
777 1
778 2
779 0
780 2
781 2
782 0
783 2
784 0
785 0
786 2
787 1
788 2
789 2
790 0
791 0
792 0
793 2
794 1
795 1
796 1
797 1
798 1
799 0
800 1
801 0
802 2
803 2
804 2
805 0
806 0
807 2
808 1
809 0
810 0
811 0
812 0
813 2
814 2
815 0
816 2
817 0
818 0
819 2
820 2
821 2
822 2
823 1
824 1
825 0
826 1
827 2
828 1
829 0
830 1
831 0
832 0
833 0
834 1
835 0
836 0
837 1
838 1
839 0
840 0
841 0
842 1
843 2
844 0
845 2
846 2
847 0
848 0
849 2
850 2
851 0
852 0
853 0
854 0
855 1
856 1
857 0
858 2
859 0
860 2
861 0
862 0
863 2
864 1
865 1
866 0
867 1
868 1
869 0
870 2
871 0
872 0
873 2
874 0
875 2
876 2
877 0
878 1
879 0
880 2
881 1
882 0
883 2
884 1
885 0
886 1
887 0
888 1
889 2
890 0
891 0
892 2
893 0
894 1
895 2
896 1
897 0
898 0
899 1
900 2
901 0
902 1
903 0
904 1
905 2
906 1
907 1
908 2
909 2
910 2
911 0
912 1
913 0
914 2
915 0
916 0
917 1
918 1
919 0
920 0
921 0
922 1
923 0
924 0
925 1
926 2
927 2
928 1
929 0
930 0
931 0
932 0
933 2
934 2
935 1
936 1
937 0
938 2
939 1
940 2
941 0
942 1
943 1
944 1
945 0
946 1
947 2
948 0
949 2
950 0
951 0
952 0
953 0
954 0
955 0
956 0
957 2
958 1
959 2
960 1
961 0
962 0
963 0
964 0
965 2
966 1
967 1
968 0
969 0
970 0
971 0
972 1
973 0
974 1
975 2
976 2
977 0
978 1
979 0
980 2
981 1
982 1
983 0
984 0
985 0
986 0
987 0
988 0
989 1
990 0
991 0
992 1
993 0
994 2
995 0
996 0
997 0
998 2
999 1
1000 2
1001 0
1002 1
1003 0
1004 2
1005 0
1006 0
1007 1
1008 0
1009 2
1010 2
1011 0
1012 1
1013 2
1014 0
1015 1
1016 0
1017 1
1018 0
1019 0
1020 1
1021 0
1022 2
1023 2
1024 1
1025 0
1026 1
1027 0
1028 0
1029 0
1030 0
1031 1
1032 2
1033 0
1034 0
1035 2
1036 1
1037 0
1038 0
1039 2
1040 1
1041 0
1042 0
1043 0
1044 1
1045 2
1046 0
1047 0
1048 0
1049 1
1050 1
1051 0
1052 1
1053 0
1054 0
1055 2
1056 1
1057 0
1058 0
1059 2
1060 0
1061 0
1062 1
1063 0
1064 2
1065 0
1066 2
1067 2
1068 0
1069 2
1070 2
1071 1
1072 1
1073 2
1074 1
1075 0
1076 0
1077 0
1078 0
1079 1
1080 2
1081 0
1082 1
1083 1
1084 0
1085 1
1086 0
1087 0
1088 0
1089 0
1090 1
1091 0
1092 1
1093 2
1094 0
1095 2
1096 1
1097 0
1098 0
1099 1
1100 0
1101 2
1102 1
1103 2
1104 2
1105 0
1106 0
1107 0
1108 0
1109 1
1110 1
1111 0
1112 0
1113 1
1114 2
1115 2
1116 0
1117 1
1118 1
1119 0
1120 2
1121 0
1122 0
1123 1
1124 0
1125 0
1126 2
1127 1
1128 2
1129 0
1130 2
1131 0
1132 1
1133 1
1134 2
1135 0
1136 0
1137 1
1138 0
1139 0
1140 1
1141 0
1142 1
1143 2
1144 2
1145 0
1146 1
1147 1
1148 2
1149 0
1150 2
1151 1
1152 2
1153 1
1154 0
1155 0
1156 2
1157 2
1158 2
1159 2
1160 2
1161 1
1162 0
1163 0
1164 0
1165 2
1166 0
1167 1
1168 0
1169 2
1170 1
1171 2
1172 2
1173 0
1174 0
1175 2
1176 0
1177 0
1178 2
1179 1
1180 1
1181 0
1182 1
1183 0
1184 0
1185 0
1186 0
1187 1
1188 1
1189 1
1190 1
1191 0
1192 0
1193 0
1194 1
1195 0
1196 0
1197 2
1198 0
1199 0
1200 0
1201 0
1202 0
1203 2
1204 1
1205 1
1206 1
1207 0
1208 0
1209 0
1210 1
1211 2
1212 1
1213 2
1214 2
1215 2
1216 1
1217 0
1218 2
1219 0
1220 2
1221 0
1222 0
1223 0
1224 0
1225 0
1226 0
1227 2
1228 0
1229 2
1230 2
1231 0
1232 0
1233 2
1234 2
1235 0
1236 0
1237 0
1238 1
1239 0
1240 0
1241 0
1242 0
1243 0
1244 1
1245 0
1246 1
1247 1
1248 2
1249 2
1250 0
1251 1
1252 0
1253 2
1254 0
1255 0
1256 0
1257 0
1258 0
1259 1
1260 2
1261 0
1262 2
1263 0
1264 0
1265 0
1266 2
1267 0
1268 2
1269 0
1270 0
1271 2
1272 0
1273 1
1274 2
1275 0
1276 1
1277 0
1278 0
1279 0
1280 2
1281 0
1282 0
1283 0
1284 2
1285 1
1286 0
1287 2
1288 0
1289 0
1290 1
1291 0
1292 2
1293 1
1294 0
1295 0
1296 0
1297 2
1298 1
1299 0
1300 1
1301 0
1302 2
1303 0
1304 2
1305 0
1306 1
1307 0
1308 0
1309 0
1310 0
1311 0
1312 1
1313 1
1314 1
1315 0
1316 0
1317 1
1318 2
1319 0
1320 2
1321 0
1322 1
1323 0
1324 1
1325 0
1326 0
1327 0
1328 2
1329 1
1330 0
1331 2
1332 0
1333 0
1334 0
1335 2
1336 0
1337 0
1338 0
1339 2
1340 0
1341 0
1342 2
1343 0
1344 2
1345 0
1346 0
1347 0
1348 1
1349 0
1350 1
1351 1
1352 0
1353 1
1354 2
1355 0
1356 0
1357 2
1358 0
1359 0
1360 2
1361 0
1362 0
1363 1
1364 2
1365 1
1366 1
1367 0
1368 0
1369 1
1370 0
1371 0
1372 1
1373 2
1374 2
1375 0
1376 0
1377 0
1378 1
1379 1
1380 2
1381 0
1382 2
1383 1
1384 1
1385 0
1386 0
1387 2
1388 1
1389 1
1390 0
1391 2
1392 0
1393 0
1394 2
1395 2
1396 1
1397 1
1398 1
1399 2
1400 1
1401 0
1402 1
1403 2
1404 2
1405 2
1406 0
1407 0
1408 0
1409 0
1410 0
1411 1
1412 1
1413 1
1414 0
1415 1
1416 1
1417 1
1418 0
1419 0
1420 0
1421 1
1422 2
1423 0
1424 2
1425 0
1426 2
1427 1
1428 2
1429 1
1430 1
1431 0
1432 0
1433 1
1434 1
1435 0
1436 0
1437 0
1438 2
1439 2
1440 0
1441 2
1442 0
1443 0
1444 0
1445 0
1446 1
1447 1
1448 0
1449 0
1450 0
1451 0
1452 2
1453 1
1454 1
1455 0
1456 1
1457 1
1458 2
1459 2
1460 1
1461 1
1462 0
1463 0
1464 0
1465 2
1466 2
1467 2
1468 2
1469 0
1470 2
1471 1
1472 1
1473 0
1474 2
1475 0
1476 1
1477 1
1478 0
1479 2
1480 1
1481 2
1482 2
1483 0
1484 1
1485 0
1486 2
1487 0
1488 1
1489 0
1490 1
1491 0
1492 2
1493 0
1494 1
1495 2
1496 0
1497 1
1498 1
1499 0
1500 2
1501 0
1502 0
1503 0
1504 1
1505 0
1506 0
1507 0
1508 0
1509 1
1510 2
1511 2
1512 1
1513 1
1514 2
1515 1
1516 1
1517 1
1518 0
1519 2
1520 0
1521 2
1522 2
1523 0
1524 0
1525 2
1526 0
1527 2
1528 1
1529 1
1530 1
1531 0
1532 1
1533 0
1534 2
1535 2
1536 1
1537 0
1538 1
1539 0
1540 2
1541 0
1542 0
1543 1
1544 0
1545 1
1546 1
1547 0
1548 0
1549 1
1550 0
1551 2
1552 2
1553 0
1554 0
1555 0
1556 0
1557 0
1558 0
1559 0
1560 2
1561 0
1562 0
1563 0
1564 1
1565 0
1566 0
1567 1
1568 2
1569 0
1570 1
1571 1
1572 0
1573 1
1574 2
1575 0
1576 0
1577 2
1578 1
1579 2
1580 1
1581 1
1582 0
1583 1
1584 0
1585 2
1586 1
1587 0
1588 2
1589 2
1590 0
1591 0
1592 1
1593 1
1594 1
1595 0
1596 1
1597 2
1598 0
1599 1
1600 0
1601 2
1602 0
1603 0
1604 0
1605 1
1606 0
1607 2
1608 0
1609 0
1610 1
1611 2
1612 1
1613 0
1614 0
1615 0
1616 0
1617 0
1618 1
1619 0
1620 0
1621 1
1622 0
1623 0
1624 2
1625 0
1626 0
1627 0
1628 0
1629 0
1630 0
1631 0
1632 1
1633 2
1634 1
1635 0
1636 0
1637 0
1638 0
1639 0
1640 2
1641 0
1642 1
1643 1
1644 2
1645 0
1646 0
1647 0
1648 0
1649 0
1650 0
1651 2
1652 2
1653 1
1654 1
1655 1
1656 0
1657 0
1658 0
1659 1
1660 1
1661 0
1662 1
1663 0
1664 0
1665 1
1666 2
1667 0
1668 2
1669 0
1670 2
1671 0
1672 1
1673 1
1674 1
1675 2
1676 2
1677 2
1678 0
1679 1
1680 0
1681 0
1682 1
1683 2
1684 0
1685 2
1686 1
1687 2
1688 0
1689 0
1690 2
1691 2
1692 0
1693 1
1694 0
1695 0
1696 1
1697 1
1698 1
1699 0
1700 0
1701 2
1702 0
1703 0
1704 0
1705 0
1706 0
1707 0
1708 1
1709 0
1710 2
1711 2
1712 0
1713 0
1714 0
1715 0
1716 0
1717 1
1718 0
1719 0
1720 1
1721 1
1722 1
1723 0
1724 0
1725 0
1726 2
1727 2
1728 1
1729 1
1730 0
1731 2
1732 1
1733 0
1734 2
1735 1
1736 1
1737 0
1738 0
1739 1
1740 1
1741 0
1742 1
1743 0
1744 0
1745 1
1746 2
1747 0
1748 1
1749 1
1750 2
1751 1
1752 1
1753 0
1754 1
1755 2
1756 0
1757 0
1758 0
1759 2
1760 2
1761 1
1762 0
1763 2
1764 0
1765 1
1766 0
1767 0
1768 1
1769 0
1770 1
1771 0
1772 0
1773 0
1774 0
1775 2
1776 0
1777 2
1778 1
1779 1
1780 2
1781 2
1782 0
1783 0
1784 1
1785 1
1786 1
1787 0
1788 0
1789 0
1790 1
1791 0
1792 0
1793 0
1794 0
1795 0
1796 1
1797 2
1798 0
1799 0
1800 0
1801 0
1802 1
1803 1
1804 1
1805 1
1806 0
1807 0
1808 0
1809 0
1810 2
1811 0
1812 1
1813 1
1814 1
1815 0
1816 0
1817 0
1818 0
1819 0
1820 2
1821 0
1822 0
1823 2
1824 1
1825 0
1826 0
1827 0
1828 0
1829 1
1830 0
1831 0
1832 0
1833 2
1834 1
1835 0
1836 0
1837 0
1838 1
1839 1
1840 1
1841 2
1842 2
1843 1
1844 2
1845 2
1846 1
1847 1
1848 0
1849 0
1850 0
1851 1
1852 0
1853 2
1854 0
1855 0
1856 0
1857 2
1858 1
1859 0
1860 2
1861 0
1862 1
1863 2
1864 2
1865 1
1866 1
1867 0
1868 0
1869 2
1870 1
1871 1
1872 1
1873 2
1874 2
1875 1
1876 0
1877 0
1878 0
1879 0
1880 1
1881 0
1882 0
1883 2
1884 0
1885 1
1886 0
1887 0
1888 0
1889 1
1890 2
1891 0
1892 2
1893 0
1894 0
1895 1
1896 2
1897 1
1898 1
1899 2
1900 1
1901 2
1902 2
1903 1
1904 0
1905 1
1906 0
1907 1
1908 0
1909 2
1910 0
1911 0
1912 1
1913 2
1914 1
1915 2
1916 1
1917 1
1918 0
1919 0
1920 0
1921 2
1922 1
1923 0
1924 2
1925 0
1926 2
1927 0
1928 0
1929 2
1930 0
1931 1
1932 0
1933 0
1934 0
1935 1
1936 1
1937 2
1938 1
1939 0
1940 0
1941 0
1942 2
1943 0
1944 2
1945 2
1946 2
1947 2
1948 2
1949 0
1950 0
1951 0
1952 1
1953 1
1954 1
1955 1
1956 0
1957 0
1958 0
1959 0
1960 0
1961 0
1962 2
1963 1
1964 2
1965 0
1966 0
1967 0
1968 0
1969 2
1970 2
1971 1
1972 0
1973 0
1974 1
1975 1
1976 0
1977 1
1978 1
1979 1
1980 0
1981 1
1982 0
1983 2
1984 0
1985 0
1986 1
1987 1
1988 0
1989 1
1990 0
1991 1
1992 0
1993 0
1994 1
1995 2
1996 0
1997 0
1998 1
1999 0
2000 2
2001 0
2002 2
2003 1
2004 1
2005 0
2006 0
2007 0
2008 1
2009 0
2010 0
2011 2
2012 2
2013 1
2014 0
2015 1
2016 1
2017 0
2018 1
2019 1
2020 0
2021 0
2022 0
2023 2
2024 0
2025 0
2026 1
2027 1
2028 2
2029 2
2030 2
2031 2
2032 0
2033 0
2034 0
2035 1
2036 1
2037 1
2038 0
2039 0
2040 1
2041 0
2042 2
2043 2
2044 2
2045 0
2046 0
2047 2
2048 1
2049 0
2050 0
2051 2
2052 1
2053 1
2054 2
2055 2
2056 2
2057 1
2058 0
2059 0
2060 2
2061 1
2062 0
2063 0
2064 1
2065 0
2066 1
2067 0
2068 0
2069 2
2070 0
2071 1
2072 2
2073 1
2074 1
2075 0
2076 1
2077 0
2078 1
2079 0
2080 0
2081 0
2082 1
2083 0
2084 0
2085 0
2086 0
2087 0
2088 1
2089 1
2090 2
2091 0
2092 1
2093 0
2094 0
2095 1
2096 2
2097 1
2098 1
2099 0
2100 1
2101 0
2102 1
2103 1
2104 0
2105 2
2106 2
2107 2
2108 1
2109 1
2110 0
2111 0
2112 0
2113 0
2114 0
2115 1
2116 1
2117 1
2118 0
2119 0
2120 0
2121 1
2122 1
2123 0
2124 0
2125 1
2126 1
2127 0
2128 0
2129 0
2130 1
2131 0
2132 2
2133 1
2134 2
2135 0
2136 1
2137 2
2138 1
2139 0
2140 0
2141 0
2142 0
2143 0
2144 0
2145 0
2146 1
2147 1
2148 0
2149 2
2150 0
2151 0
2152 0
2153 0
2154 1
2155 1
2156 0
2157 1
2158 0
2159 0
2160 0
2161 1
2162 0
2163 1
2164 2
2165 2
2166 1
2167 0
2168 2
2169 1
2170 2
2171 1
2172 2
2173 1
2174 0
2175 0
2176 1
2177 2
2178 0
2179 2
2180 0
2181 1
2182 1
2183 0
2184 0
2185 0
2186 2
2187 0
2188 1
2189 0
2190 0
2191 1
2192 0
2193 0
2194 1
2195 1
2196 2
2197 0
2198 0
2199 0
2200 2
2201 1
2202 0
2203 2
2204 0
2205 0
2206 0
2207 2
2208 2
2209 0
2210 2
2211 0
2212 0
2213 1
2214 2
2215 2
2216 0
2217 0
2218 0
2219 1
2220 2
2221 1
2222 0
2223 0
2224 2
2225 1
2226 2
2227 2
2228 0
2229 1
2230 2
2231 0
2232 1
2233 0
2234 1
2235 0
2236 0
2237 0
2238 2
2239 2
2240 1
2241 1
2242 1
2243 0
2244 1
2245 0
2246 2
2247 1
2248 2
2249 0
2250 0
2251 1
2252 0
2253 0
2254 1
2255 2
2256 0
2257 1
2258 1
2259 0
2260 2
2261 0
2262 2
2263 0
2264 2
2265 0
2266 2
2267 1
2268 2
2269 2
2270 0
2271 0
2272 0
2273 2
2274 0
2275 0
2276 1
2277 2
2278 2
2279 2
2280 2
2281 0
2282 0
2283 2
2284 1
2285 1
2286 1
2287 2
2288 0
2289 0
2290 0
2291 2
2292 2
2293 2
2294 1
2295 0
2296 2
2297 2
2298 0
2299 2
2300 0
2301 0
2302 0
2303 0
2304 2
2305 1
2306 1
2307 0
2308 1
2309 0
2310 0
2311 0
2312 2
2313 0
2314 1
2315 2
2316 0
2317 0
2318 0
2319 2
2320 1
2321 0
2322 0
2323 1
2324 1
2325 0
2326 0
2327 1
2328 1
2329 1
2330 0
2331 0
2332 0
2333 0
2334 0
2335 2
2336 0
2337 1
2338 0
2339 2
2340 0
2341 2
2342 2
2343 1
2344 2
2345 2
2346 0
2347 2
2348 1
2349 0
2350 0
2351 0
2352 0
2353 1
2354 2
2355 1
2356 0
2357 1
2358 2
2359 0
2360 0
2361 1
2362 0
2363 1
2364 2
2365 1
2366 0
2367 1
2368 2
2369 0
2370 2
2371 0
2372 1
2373 0
2374 2
2375 2
2376 1
2377 1
2378 2
2379 2
2380 2
2381 1
2382 1
2383 0
2384 0
2385 2
2386 2
2387 1
2388 2
2389 1
2390 0
2391 2
2392 0
2393 1
2394 1
2395 0
2396 0
2397 0
2398 0
2399 0
2400 1
2401 1
2402 2
2403 0
2404 0
2405 2
2406 0
2407 2
2408 0
2409 0
2410 2
2411 2
2412 2
2413 0
2414 1
2415 2
2416 0
2417 2
2418 1
2419 0
2420 0
2421 2
2422 1
2423 1
2424 0
2425 2
2426 0
2427 1
2428 0
2429 1
2430 0
2431 0
2432 2
2433 0
2434 0
2435 0
2436 1
2437 0
2438 1
2439 0
2440 2
2441 1
2442 0
2443 0
2444 1
2445 2
2446 1
2447 1
2448 2
2449 1
2450 0
2451 0
2452 0
2453 0
2454 0
2455 0
2456 0
2457 0
2458 0
2459 0
2460 0
2461 0
2462 0
2463 0
2464 0
2465 0
2466 0
2467 0
2468 0
2469 0
2470 0
2471 0
2472 0
2473 0
2474 0
2475 0
2476 0
2477 0
2478 1
2479 1
2480 2
2481 1
2482 1
2483 1
2484 1
2485 2
2486 2
2487 2
2488 1
2489 2
2490 2
2491 2
2492 1
2493 2
2494 2
2495 1
2496 1
2497 0
2498 1
2499 2
2500 2
2501 2
2502 1
2503 0
2504 0
2505 0
2506 0
