1 2
2 1
3 2
6 1
7 2
8 2
10 1
11 1
12 1
13 2
16 1
18 2
20 2
22 1
23 2
24 2
29 2
31 1
36 2
37 1
38 1
39 1
40 2
41 2
46 2
47 2
48 1
50 2
52 1
55 2
56 1
57 1
62 2
63 1
64 1
67 1
68 2
72 2
75 2
77 2
78 2
80 2
81 1
82 2
87 1
89 2
90 1
94 2
97 2
98 1
99 1
100 1
107 1
108 1
109 2
111 1
112 2
115 2
116 1
117 2
119 1
121 1
122 1
123 1
124 1
127 2
132 2
133 2
134 1
137 2
139 1
145 1
146 2
149 1
150 2
154 1
156 1
160 2
162 1
164 1
166 2
167 2
171 2
173 1
175 2
176 2
177 1
178 2
183 1
186 1
188 1
189 2
190 1
192 2
193 2
194 2
195 1
196 1
197 1
203 1
204 1
206 2
207 2
209 1
210 2
211 1
212 1
218 2
220 1
222 2
227 2
228 1
229 1
230 2
231 1
234 1
237 1
241 2
245 2
246 1
249 1
255 2
257 2
258 2
261 1
262 2
267 1
269 1
273 1
275 2
278 2
279 2
280 2
281 2
282 2
283 1
284 1
287 1
289 2
293 2
295 2
299 1
303 1
305 2
306 1
308 2
309 1
310 1
315 1
317 2
320 2
322 1
323 2
324 1
325 2
327 1
328 1
330 2
331 2
333 1
338 1
339 2
341 1
342 2
343 1
344 2
346 1
347 2
350 2
353 2
354 1
356 1
358 2
359 2
361 1
362 2
364 1
365 2
368 2
369 2
372 1
374 1
375 1
376 2
377 1
378 1
379 1
382 2
386 2
387 1
391 2
392 1
394 1
395 2
396 2
399 1
400 1
402 2
403 1
404 1
406 1
407 1
410 1
411 2
412 2
413 1
417 2
419 1
420 1
421 1
424 1
425 1
426 1
428 1
429 2
435 1
437 2
439 2
441 2
442 2
445 1
446 1
448 2
449 2
451 2
453 1
456 1
458 1
459 1
460 1
461 2
462 2
464 1
466 2
467 1
471 1
472 2
475 2
477 2
480 1
483 1
491 2
492 2
493 1
494 2
498 1
499 2
501 2
506 2
508 1
509 2
510 1
512 1
514 1
515 2
518 1
521 1
522 1
523 2
524 2
525 1
527 1
529 1
530 1
531 1
532 1
537 1
539 1
540 2
541 1
542 1
543 2
545 1
548 2
549 1
553 2
556 2
557 1
559 2
562 2
563 1
566 2
567 2
576 2
577 1
578 2
579 2
582 2
584 1
585 1
586 2
589 2
593 2
596 1
598 1
600 2
604 1
608 1
610 1
611 2
612 1
613 1
615 1
619 2
620 1
624 1
626 1
627 1
628 2
630 2
632 1
634 2
638 2
639 2
642 1
647 2
651 1
656 2
657 2
660 1
665 2
666 1
668 2
669 2
672 1
673 1
676 2
678 1
680 1
687 1
688 1
690 2
691 1
693 2
697 2
699 1
701 1
704 2
706 1
708 2
709 1
712 2
713 1
715 1
723 1
724 1
725 1
728 2
729 2
730 1
734 1
737 1
738 1
739 2
740 1
742 1
743 2
747 1
749 1
750 2
752 2
755 2
756 2
758 1
759 2
760 1
763 2
764 2
766 2
768 2
772 1
782 1
783 2
785 1
789 1
790 1
795 2
797 1
801 1
802 2
803 2
804 2
805 2
807 2
811 1
812 1
814 1
816 1
817 1
818 1
822 2
823 2
824 1
825 1
828 2
831 1
832 1
833 1
836 1
837 1
841 1
842 2
845 2
846 2
847 1
851 2
854 2
855 1
857 1
858 2
862 1
863 1
865 1
870 2
874 1
875 1
876 1
879 1
881 1
882 1
883 1
885 1
888 1
889 1
891 1
892 1
893 2
894 2
895 1
897 1
900 2
902 2
905 2
906 2
907 2
909 2
911 1
913 2
914 2
915 2
916 2
917 1
922 1
923 2
924 1
925 2
928 1
933 1
935 2
937 1
938 1
941 2
943 2
945 1
946 1
949 2
950 2
952 2
953 1
954 1
957 1
959 2
962 2
963 1
965 2
966 2
967 2
968 2
970 2
972 1
973 1
974 1
975 2
976 1
977 1
979 1
980 2
981 2
982 2
986 2
987 2
988 2
989 2
992 2
996 2
997 1
1003 1
1004 2
1006 2
1009 1
1010 2
1012 2
1014 2
1021 1
1027 1
1029 1
1031 1
1033 2
1034 2
1035 2
1039 2
1040 2
1041 1
1042 2
1043 1
1044 1
1048 2
1049 1
1050 1
1052 2
1056 2
1057 1
1059 1
1060 2
1061 2
1062 1
1063 1
1064 1
1065 2
1066 1
1067 2
1068 2
1070 1
1071 1
1074 1
1078 2
1079 2
1080 2
1082 1
1086 2
1089 2
1090 2
1093 1
1094 1
1095 2
1099 1
1100 1
1102 1
1103 2
1104 2
1108 2
1110 2
1113 1
1114 2
1116 2
1117 2
1119 1
1122 2
1123 1
1126 2
1127 2
1128 1
1129 1
1132 1
1136 2
1137 1
1138 1
1139 1
1141 2
1143 1
1145 2
1146 1
1148 1
1152 1
1157 1
1158 2
1159 1
1165 2
1166 2
1168 2
1172 2
1173 1
1174 1
1179 1
1180 2
1182 1
1184 1
1186 2
1187 1
1189 1
1192 1
1196 2
1197 2
1199 2
1200 1
1203 1
1204 1
1208 2
1209 2
1211 2
1213 2
1216 1
1217 2
1221 1
1223 2
1224 1
1225 1
1228 2
1231 2
1235 1
1237 2
1239 1
1242 2
1243 2
1244 1
1248 2
1250 1
1252 1
1255 2
1257 1
1258 2
1259 2
1260 2
1261 2
1262 1
1263 1
1266 2
1268 1
1270 1
1276 2
1277 1
1279 2
1280 2
1281 1
1282 1
1283 2
1288 1
1289 2
1291 2
1297 2
1298 1
1299 1
1300 2
1302 1
1307 1
1310 1
1311 1
1313 1
1314 1
1317 1
1323 1
1324 2
1325 2
1326 1
