0 1059
0 1211
0 27
0 288
0 366
0 396
0 483
0 665
0 702
0 788
0 807
1 1205
1 1291
1 1306
1 208
1 420
1 426
1 738
1 870
2 101
2 1065
2 128
2 1306
2 320
2 36
2 424
2 426
2 738
2 841
2 907
3 1284
3 1286
3 139
3 249
3 41
3 499
3 786
3 929
4 1018
4 1177
4 648
4 677
4 685
4 800
4 864
5 1011
5 1085
5 1133
5 1206
5 434
5 436
5 587
5 74
5 838
6 1196
6 133
6 211
6 279
6 560
6 591
6 602
6 619
6 733
7 1037
7 1068
7 114
7 1186
7 399
7 511
7 740
7 96
8 106
8 1137
8 119
8 222
8 528
8 625
8 628
8 709
8 757
8 772
9 1164
9 1212
9 157
9 198
9 199
9 39
9 393
9 452
9 476
9 599
9 605
9 707
9 861
9 919
10 1083
10 1103
10 1141
10 1302
10 19
10 198
10 310
10 378
10 607
10 773
10 967
11 1003
11 1057
11 1108
11 1151
11 281
11 283
11 411
11 634
11 71
11 758
11 924
12 1033
12 1152
12 1224
12 304
12 432
12 576
12 615
12 639
12 731
13 1057
13 1105
13 1151
13 309
13 429
13 50
13 573
14 1185
14 1196
14 1253
14 1278
14 211
14 23
14 365
14 619
14 712
14 733
14 753
14 999
15 1319
15 301
15 580
15 840
15 990
15 991
16 1069
16 1281
16 315
16 428
16 430
16 553
16 554
16 668
16 730
16 823
17 101
17 1019
17 1114
17 175
17 176
17 317
17 349
17 36
17 424
17 59
17 643
17 841
17 888
18 100
18 1001
18 1167
18 125
18 144
18 280
18 423
18 425
18 710
18 88
18 997
19 1103
19 1120
19 1191
19 1235
19 1302
19 227
19 256
19 310
19 378
19 607
19 631
19 775
19 967
20 1230
20 1289
20 1328
20 341
20 427
20 708
20 749
20 81
20 95
20 984
21 1127
21 1149
21 1303
21 156
21 161
21 28
21 293
21 453
21 469
21 67
21 971
22 1059
22 1070
22 1265
22 160
22 193
22 210
22 445
22 492
22 868
22 942
22 99
23 1185
23 1217
23 1253
23 211
23 365
23 619
23 789
24 111
24 128
24 1304
24 738
24 768
24 790
24 848
24 849
24 870
25 1073
25 1190
25 388
25 49
25 547
25 751
25 810
25 84
26 1026
26 1106
26 1175
26 224
26 286
26 504
26 859
26 886
27 1078
27 1211
27 163
27 396
27 404
27 407
27 527
27 623
27 658
27 788
27 803
27 934
27 963
28 1006
28 1079
28 1127
28 1149
28 1167
28 123
28 130
28 423
28 469
28 697
28 837
29 1010
29 1029
29 1119
29 1161
29 159
29 433
29 480
29 637
29 756
29 836
30 106
30 1069
30 1144
30 119
30 1216
30 1256
30 275
30 389
30 625
30 628
30 630
30 659
30 691
30 797
30 857
31 112
31 1257
31 1280
31 410
31 442
31 484
31 832
31 865
31 91
32 1098
32 1112
32 1195
32 184
32 296
32 302
32 765
32 79
33 1163
33 180
33 252
33 609
33 65
33 748
33 777
33 871
34 1153
34 1305
34 272
34 390
34 465
34 515
34 681
34 769
34 910
35 1011
35 1096
35 1220
35 1290
35 294
35 434
35 436
35 517
35 614
36 101
36 175
36 213
36 424
36 613
36 643
36 907
37 1030
37 1052
37 1242
37 280
37 425
37 456
37 935
38 1014
38 1123
38 1250
38 1282
38 237
38 355
38 392
38 537
38 682
39 1103
39 1141
39 1164
39 256
39 261
39 605
39 824
39 861
39 919
40 1031
40 1122
40 1230
40 1286
40 1328
40 177
40 742
40 796
40 923
40 984
41 1222
41 1286
41 1307
41 139
41 249
41 802
41 929
42 1098
42 1156
42 143
42 240
42 373
42 696
42 79
42 901
43 122
43 479
43 637
43 687
43 75
43 754
43 811
43 829
43 863
43 880
43 893
44 1112
44 1169
44 1195
44 398
44 496
44 721
44 872
44 993
45 1023
45 1115
45 126
45 207
45 218
45 258
45 323
45 443
45 598
45 744
45 801
45 877
46 1078
46 1079
46 130
46 163
46 201
46 212
46 404
46 723
46 780
46 977
47 1093
47 1180
47 1274
47 319
47 672
47 695
47 724
47 785
47 804
47 834
48 1016
48 1044
48 192
48 282
48 297
48 656
48 672
48 695
48 724
48 817
48 960
49 285
49 381
49 547
49 751
49 810
50 1045
50 1057
50 1105
50 287
50 364
50 472
50 573
51 1187
51 1222
51 1260
51 151
51 197
51 449
51 474
51 516
51 735
51 796
51 82
51 874
52 1310
52 267
52 572
52 658
52 701
52 723
52 750
52 803
52 93
53 1026
53 1118
53 1170
53 371
53 455
53 617
53 778
53 809
53 978
53 994
54 1201
54 1214
54 1318
54 247
54 264
54 276
54 289
54 306
54 322
54 347
54 55
54 567
54 657
54 87
55 1021
55 1214
55 1280
55 247
55 336
55 362
55 567
55 87
56 1021
56 1214
56 206
56 264
56 347
56 375
56 397
56 541
56 883
57 1022
57 1027
57 1126
57 209
57 419
57 595
57 785
57 97
58 1081
58 1106
58 1245
58 265
58 440
58 570
58 826
59 1071
59 1092
59 168
59 175
59 349
59 523
59 643
59 722
59 759
60 1058
60 1178
60 200
60 259
60 385
60 447
60 958
61 1026
61 1051
61 1271
61 1301
61 140
61 268
61 301
61 316
61 388
61 478
61 714
61 736
61 745
61 927
61 969
61 991
62 1086
62 232
62 299
62 536
62 539
62 676
62 753
62 954
63 1080
63 1193
63 1204
63 1252
63 1300
63 414
63 518
63 725
63 874
64 1025
64 1145
64 1152
64 1172
64 1224
64 400
64 540
64 574
64 933
65 1163
65 179
65 180
65 312
65 609
65 995
66 1038
66 1052
66 1082
66 1154
66 125
66 1254
66 239
66 298
66 624
66 641
66 647
66 900
67 1127
67 1131
67 1303
67 156
67 368
67 453
67 782
68 1048
68 1285
68 406
68 556
68 561
68 794
68 818
68 918
68 985
69 1013
69 1082
69 1135
69 129
69 298
69 641
69 684
69 710
69 719
70 251
70 405
70 416
70 463
70 671
70 798
70 866
70 869
71 1108
71 114
71 1151
71 1273
71 283
71 325
71 384
71 411
71 429
71 758
71 762
71 894
71 903
72 1086
72 1160
72 148
72 241
72 299
72 510
72 652
72 673
72 999
73 1010
73 1029
73 1298
73 178
73 183
73 421
73 433
73 568
73 637
73 806
73 880
73 936
73 982
74 1011
74 1085
74 1133
74 1194
74 1206
74 1264
74 348
74 434
74 587
74 588
74 640
74 689
74 838
74 961
75 122
75 354
75 479
75 524
75 754
75 829
75 863
75 906
76 1028
76 240
76 296
76 311
76 526
76 633
76 696
76 721
76 79
77 1066
77 1221
77 1246
77 497
77 680
77 741
77 819
77 854
78 1094
78 1100
78 145
78 363
78 466
78 494
78 601
78 808
78 945
79 1098
79 1195
79 296
79 696
79 721
80 1012
80 1099
80 183
80 339
80 565
80 584
80 819
80 912
81 1174
81 124
81 1289
81 427
81 439
81 749
81 855
81 95
82 1050
82 1222
82 1260
82 151
82 197
82 441
82 530
82 735
83 1013
83 1088
83 1135
83 1236
83 1292
83 311
83 533
83 575
83 590
83 633
83 684
83 705
83 944
84 1002
84 1073
84 1190
84 388
84 580
84 990
84 991
85 1269
85 316
85 534
85 547
85 873
86 1272
86 128
86 1306
86 1311
86 214
86 221
86 320
86 442
86 771
86 965
87 1325
87 247
87 306
87 322
87 362
87 567
87 879
88 100
88 1162
88 1315
88 144
88 335
88 423
88 684
88 710
89 1070
89 1265
89 1283
89 237
89 355
89 402
89 445
89 543
89 552
89 868
90 1012
90 1055
90 1099
90 1192
90 532
90 638
90 825
90 844
90 912
91 1257
91 1272
91 1324
91 263
91 410
91 437
91 442
91 468
91 484
91 654
91 655
91 771
91 865
91 968
92 1015
92 102
92 1171
92 172
92 485
92 549
92 677
92 853
92 867
92 921
93 115
93 1310
93 344
93 552
93 572
93 612
93 701
93 716
93 750
93 934
93 939
94 1109
94 1203
94 1255
94 1284
94 1288
94 205
94 361
94 499
94 799
94 940
95 1174
95 1230
95 1289
95 1327
95 1328
95 160
95 427
95 439
95 475
95 855
95 868
95 887
95 942
95 979
96 1037
96 1068
96 1109
96 114
96 1180
96 412
96 498
96 511
96 740
96 813
97 1022
97 1126
97 1226
97 173
97 363
97 391
97 419
97 808
98 1183
98 1273
98 295
98 642
98 708
98 749
99 1070
99 160
99 262
99 408
99 475
99 833
99 924
99 942
99 962
100 1167
100 1315
100 423
100 464
100 997
101 1019
101 1227
101 1291
101 1306
101 176
101 208
101 213
101 424
101 426
101 643
101 841
101 907
102 1262
102 161
102 172
102 549
102 589
102 793
102 853
102 921
102 931
103 1034
103 1038
103 1297
103 331
103 346
103 704
103 791
103 794
103 818
103 846
103 850
103 953
103 971
104 1293
104 1296
104 294
104 300
104 517
104 614
104 663
105 1001
105 1292
105 185
105 526
105 684
105 711
105 719
106 119
106 1216
106 1256
106 131
106 241
106 528
106 625
106 628
106 673
106 757
106 857
107 1128
107 1146
107 1150
107 207
107 258
107 327
107 443
107 531
107 774
107 950
108 1076
108 1186
108 1189
108 177
108 295
108 341
108 399
108 418
108 708
108 827
108 984
109 1158
109 1267
109 134
109 375
109 382
109 431
109 636
109 831
110 1198
110 1321
110 141
110 169
110 200
110 385
110 481
110 560
110 602
111 1056
111 1061
111 128
111 182
111 308
111 360
111 678
111 738
111 768
111 849
111 870
111 909
111 925
112 1042
112 1075
112 116
112 1257
112 336
112 356
112 484
112 488
112 832
113 1163
113 179
113 290
113 340
113 351
113 500
113 503
113 609
113 618
113 718
113 777
113 995
114 1037
114 1108
114 1151
114 1186
114 1273
114 281
114 327
114 411
114 511
115 1116
115 1159
115 1182
115 612
115 701
115 716
115 939
115 992
116 1042
116 1075
116 1213
116 356
116 488
116 514
116 542
117 1043
117 1113
117 1209
117 1237
117 1284
117 228
117 767
117 940
117 952
118 204
118 253
118 303
118 308
118 360
118 389
118 430
118 554
118 611
118 691
118 761
118 797
119 628
119 630
119 673
119 772
119 797
119 857
120 1017
120 1091
120 199
120 202
120 259
120 599
120 776
121 1093
121 1109
121 1179
121 1203
121 205
121 394
121 412
121 805
121 914
122 524
122 687
122 811
122 863
122 880
122 974
123 1006
123 1009
123 1063
123 1127
123 130
123 368
123 469
123 837
123 937
124 1060
124 1174
124 1183
124 262
124 427
124 475
124 642
124 749
124 962
125 1030
125 1052
125 1167
125 1218
125 280
125 298
125 425
125 641
125 710
126 1023
126 1064
126 1095
126 1115
126 1244
126 154
126 323
126 409
126 446
126 674
126 675
127 1016
127 1022
127 1027
127 1129
127 297
127 672
127 785
127 804
127 959
128 1065
128 1205
128 1272
128 1306
128 320
128 738
128 848
128 849
128 870
129 1013
129 1082
129 1135
129 1254
129 590
129 641
129 705
130 1006
130 1009
130 1079
130 1149
130 1218
130 163
130 201
130 248
130 783
130 977
131 1256
131 1313
131 170
131 188
131 241
131 510
131 528
131 566
131 652
132 1053
132 1185
132 1191
132 1253
132 1317
132 231
132 284
132 382
132 729
132 775
132 831
133 1054
133 1217
133 279
133 560
133 591
133 621
133 681
134 1158
134 1253
134 231
134 382
134 431
134 620
134 636
134 789
134 881
135 1024
135 1101
135 1170
135 142
135 223
135 243
135 334
135 455
135 520
135 550
135 667
135 927
135 978
135 994
136 1046
136 1072
136 1081
136 1155
136 1295
136 270
136 357
136 555
136 661
136 826
137 1076
137 1122
137 1179
137 1189
137 1286
137 177
137 205
137 418
137 786
137 827
137 914
138 1030
138 1077
138 1242
138 201
138 220
138 239
138 456
138 462
138 477
138 623
138 779
138 780
138 851
139 1031
139 1179
139 1203
139 1286
139 205
139 460
139 499
139 786
139 802
140 1051
140 1271
140 1301
140 478
140 714
140 736
140 969
141 169
141 244
141 481
141 560
142 1101
142 1169
142 184
142 334
142 496
142 520
142 550
142 765
143 1098
143 1101
143 302
143 373
143 901
143 964
144 1001
144 1162
144 684
144 710
144 711
145 1074
145 317
145 424
145 494
145 601
145 843
145 888
145 945
146 1045
146 1244
146 269
146 446
146 615
146 622
146 674
146 675
146 706
146 766
147 1015
147 1036
147 694
147 853
147 920
147 921
147 931
147 948
148 1160
148 1278
148 222
148 241
148 458
148 528
148 652
148 673
148 757
148 772
148 999
149 1230
149 1276
149 1327
149 1328
149 177
149 328
149 330
149 341
149 852
149 923
149 943
150 1068
150 1150
150 282
150 319
150 508
150 531
150 774
150 817
151 1050
151 1222
151 1259
151 1309
151 441
151 583
151 727
151 735
151 889
151 996
152 1013
152 1034
152 1154
152 1225
152 1248
152 551
152 641
152 679
152 795
152 850
152 928
153 1207
153 1240
153 191
153 489
153 533
153 645
153 944
154 1023
154 1064
154 218
154 287
154 323
154 446
154 472
154 563
154 674
155 1294
155 340
155 345
155 482
155 503
155 505
155 597
155 606
155 839
156 1149
156 248
156 448
156 453
156 578
156 596
156 782
156 842
156 862
157 1083
157 1164
157 1229
157 307
157 476
157 599
157 919
158 1121
158 199
158 215
158 329
158 350
158 650
158 707
158 746
158 957
159 1019
159 1161
159 1215
159 1239
159 433
159 470
159 480
159 637
159 756
159 836
159 897
160 1174
160 193
160 475
160 868
160 942
161 1251
161 1262
161 1303
161 172
161 242
161 257
161 293
161 485
161 549
161 589
161 956
161 971
162 1166
162 171
162 215
162 350
162 415
162 660
162 734
162 746
162 816
162 820
162 899
163 1009
163 1039
163 1078
163 201
163 248
163 396
163 404
163 780
163 788
163 963
163 977
164 1276
164 318
164 328
164 439
164 557
164 585
164 852
164 858
165 191
165 225
165 398
165 538
165 645
165 717
165 872
165 993
166 1123
166 1152
166 1263
166 277
166 400
166 502
166 574
166 639
166 922
167 1120
167 1125
167 1302
167 261
167 631
167 938
167 967
167 981
168 1040
168 1049
168 1092
168 1148
168 235
168 352
168 523
168 577
168 582
168 722
168 754
168 845
168 895
168 972
168 980
169 1054
169 1305
169 200
169 244
169 481
169 560
169 602
169 686
169 770
170 1125
170 1166
170 1201
170 1256
170 395
170 525
170 566
170 652
170 660
170 739
170 816
170 820
170 908
171 1160
171 1166
171 350
171 415
171 536
171 820
171 899
171 911
172 1171
172 242
172 485
172 549
172 589
172 640
172 694
172 793
172 853
172 956
173 1094
173 1100
173 1126
173 1215
173 363
173 391
173 604
173 627
173 808
174 1124
174 1249
174 792
174 884
175 1071
175 1199
175 349
175 424
175 613
175 643
176 1019
176 1114
176 1227
176 1291
176 413
176 420
176 841
177 1076
177 1122
177 1189
177 1230
177 1328
177 341
177 923
177 984
178 1298
178 183
178 339
178 568
178 687
178 880
178 893
178 936
179 1163
179 351
179 500
179 609
179 995
180 252
180 312
180 748
181 290
181 416
181 569
181 597
181 606
181 726
181 869
182 1056
182 1061
182 1304
182 360
182 468
182 558
182 761
182 768
182 849
182 925
183 1066
183 1298
183 339
183 421
183 584
183 819
183 936
184 1098
184 1101
184 1195
184 302
184 496
184 550
184 765
184 901
185 1007
185 1028
185 1156
185 1292
185 240
185 526
185 711
185 955
186 1080
186 1204
186 1252
186 1316
186 190
186 495
186 529
186 626
186 882
187 271
187 513
187 534
187 546
187 581
187 683
188 1166
188 1256
188 1313
188 358
188 428
188 510
188 566
188 652
188 911
189 1059
189 1143
189 522
189 544
189 578
189 596
189 665
189 702
189 788
190 1117
190 1252
190 338
190 417
190 438
190 460
190 474
190 495
190 626
190 742
191 1236
191 533
191 538
191 575
191 645
191 872
191 896
191 944
192 1016
192 1146
192 282
192 297
192 443
192 656
192 744
193 1174
193 210
193 868
193 887
193 979
194 1126
194 1274
194 1288
194 1312
194 1314
194 209
194 394
194 595
194 616
194 627
195 1077
195 1087
195 1110
195 1159
195 1182
195 220
195 230
195 456
195 491
195 530
195 939
196 1074
196 228
196 292
196 343
196 466
196 559
196 713
196 752
196 945
196 998
197 1113
197 1187
197 1222
197 1260
197 1307
197 441
197 874
197 929
198 1083
198 1141
198 1208
198 272
198 310
198 326
198 390
198 476
198 607
198 773
198 861
198 919
199 1017
199 1091
199 1121
199 202
199 215
199 259
199 329
199 393
199 452
199 592
199 599
199 707
199 776
199 958
200 1178
200 1198
200 1321
200 259
200 385
200 447
200 481
200 602
200 686
200 958
201 1030
201 1218
201 1223
201 212
201 780
201 851
201 876
201 935
202 1017
202 259
202 329
202 487
203 1191
203 1208
203 1235
203 1317
203 227
203 314
203 541
203 775
203 831
204 1304
204 303
204 386
204 558
204 611
204 691
204 761
204 790
204 822
204 885
204 949
205 1037
205 1109
205 1179
205 1203
205 1284
205 418
205 499
205 786
205 805
205 827
205 914
205 940
206 1021
206 1267
206 1318
206 227
206 322
206 347
206 378
206 397
206 541
206 631
207 1128
207 258
207 443
207 598
207 600
207 744
207 877
208 1035
208 1102
208 1205
208 1227
208 1291
208 1306
208 420
208 473
208 690
208 760
208 806
209 1126
209 1274
209 394
209 595
209 785
210 1265
210 492
210 887
210 979
211 1196
211 1278
211 222
211 365
211 619
211 709
211 712
211 733
212 1079
212 1167
212 1218
212 1223
212 464
212 723
212 780
212 876
212 997
213 1306
213 214
213 613
213 643
213 693
213 722
213 759
213 890
213 907
214 1306
214 1311
214 221
214 320
214 613
214 693
214 890
214 907
214 965
215 1017
215 329
215 350
215 592
215 707
215 734
215 746
216 1210
216 1229
216 1305
216 272
216 314
216 332
216 476
216 507
216 769
216 910
217 1018
217 1140
217 564
217 635
217 685
217 698
218 1023
218 1247
218 323
218 545
218 563
218 801
218 845
218 877
219 1106
219 1140
219 1175
219 224
219 440
220 1077
220 1159
220 456
220 477
220 593
220 851
221 254
221 273
221 305
221 653
221 666
221 669
221 771
221 890
221 965
222 1278
222 458
222 528
222 709
222 712
222 757
222 772
222 999
223 1024
223 1051
223 243
223 455
223 714
223 778
223 927
224 1032
224 1106
224 1245
224 286
224 440
224 504
224 649
225 1008
225 1024
225 398
225 538
225 645
225 670
225 717
225 860
225 920
225 983
226 1032
226 1124
226 271
226 286
226 504
226 513
226 534
226 649
226 683
226 692
226 718
226 792
226 884
227 1235
227 1267
227 378
227 541
227 631
227 775
228 1209
228 1237
228 1258
228 459
228 559
228 644
228 713
228 767
228 998
229 1047
229 1071
229 1092
229 1199
229 521
229 523
229 582
229 989
230 1110
230 1193
230 1260
230 1320
230 516
230 530
230 874
230 939
231 1185
231 1217
231 1253
231 284
231 382
231 789
232 1121
232 1178
232 1196
232 1198
232 1322
232 458
232 536
232 591
232 676
232 686
232 733
232 753
232 954
233 1073
233 1301
233 388
233 547
233 580
233 873
234 1246
234 374
234 386
234 403
234 473
234 509
234 680
234 690
234 741
234 847
235 1047
235 1049
235 1092
235 1247
235 352
235 563
235 582
235 845
235 932
235 972
235 980
236 1130
236 1294
236 1296
236 251
236 300
236 345
236 367
236 454
236 505
236 839
236 898
237 1283
237 355
237 392
237 402
237 537
237 552
238 1097
238 1153
238 1217
238 1305
238 244
238 621
238 681
238 770
239 1030
239 1052
239 1082
239 1242
239 1285
239 246
239 561
239 624
239 779
239 814
239 828
239 900
240 1028
240 1156
240 526
240 696
241 1216
241 1256
241 1313
241 510
241 528
241 652
241 673
242 1131
242 1171
242 1303
242 368
242 383
242 401
242 453
242 485
242 640
242 856
243 520
243 667
243 714
243 736
243 927
244 1305
244 481
244 560
244 770
245 1044
245 1228
245 1232
245 313
245 380
245 656
245 703
245 811
245 891
246 1052
246 1082
246 1233
246 1242
246 462
246 518
246 624
246 725
246 779
246 814
247 1181
247 1214
247 1323
247 1325
247 276
247 306
247 336
247 362
247 376
247 603
247 657
247 835
247 879
248 1006
248 1039
248 1149
248 544
248 578
248 596
248 782
248 783
248 788
248 791
248 842
248 862
249 1113
249 1284
249 1307
249 361
249 499
249 929
250 1099
250 254
250 339
250 532
250 565
250 568
250 653
250 819
250 915
250 936
250 974
250 986
251 1020
251 1101
251 1130
251 1294
251 301
251 373
251 405
251 671
251 787
251 798
251 866
251 901
251 964
252 1163
252 291
252 312
252 700
252 748
253 1075
253 1136
253 308
253 360
253 389
253 488
253 630
253 659
253 678
253 909
254 1041
254 1326
254 437
254 493
254 565
254 653
254 654
254 669
254 771
254 915
254 986
255 1316
255 318
255 495
255 506
255 557
255 626
255 975
256 1103
256 1120
256 1141
256 261
256 415
256 501
256 607
256 746
256 824
256 861
256 899
256 966
256 967
257 1251
257 1262
257 331
257 346
257 589
257 608
257 971
258 1003
258 1115
258 1150
258 443
258 598
258 950
259 1058
259 329
259 487
259 958
260 1096
260 1290
260 434
260 436
260 535
260 629
260 646
260 830
260 838
261 1103
261 1120
261 1125
261 824
261 938
261 967
261 973
262 1060
262 1183
262 1275
262 408
262 642
262 924
262 962
263 1165
263 1324
263 1325
263 1326
263 493
263 654
263 655
263 844
263 912
263 968
263 976
264 1021
264 1202
264 1214
264 1318
264 347
264 375
264 397
264 562
264 567
264 764
264 883
264 951
265 1046
265 1072
265 1081
265 1295
265 440
265 635
265 685
265 800
266 1155
266 1234
266 1241
266 270
266 482
266 505
266 646
266 784
267 1116
267 1223
267 593
267 623
267 658
267 701
267 723
268 478
268 490
268 683
268 745
268 859
268 930
269 1033
269 1045
269 1105
269 287
269 309
269 446
269 766
269 875
269 926
270 1155
270 1234
270 1295
270 505
270 661
271 1032
271 513
271 534
271 884
272 1305
272 314
272 326
272 332
272 390
272 465
272 476
272 681
272 769
272 910
273 410
273 666
273 747
273 771
273 890
273 917
273 965
274 1131
274 1194
274 1219
274 1238
274 348
274 401
274 588
274 640
274 856
275 1069
275 1144
275 1216
275 315
275 389
275 554
275 611
275 691
275 857
276 1004
276 1181
276 1201
276 289
276 333
276 369
276 657
276 662
276 732
276 737
276 825
277 1025
277 1139
277 1250
277 1277
277 384
277 502
277 574
277 639
277 762
277 894
277 922
278 1062
278 1067
278 1224
278 304
278 321
278 343
278 459
278 644
278 713
278 916
278 998
279 1053
279 1217
279 591
279 619
279 681
279 733
280 1030
280 1218
280 425
280 935
280 997
281 1151
281 327
281 411
281 511
281 634
282 1146
282 1150
282 297
282 443
282 531
282 695
282 817
282 960
283 1057
283 1151
283 325
283 429
283 758
284 1053
284 1153
284 1185
284 1217
284 681
284 729
285 1111
285 290
285 291
285 381
285 569
285 700
285 810
285 821
286 1032
286 1106
286 1147
286 1245
286 504
286 570
286 649
286 683
286 692
286 718
286 859
287 1045
287 1105
287 309
287 446
287 472
288 1059
288 1211
288 1265
288 366
288 445
288 483
288 492
288 543
288 807
288 934
289 1201
289 1302
289 1318
289 306
289 657
289 737
289 938
289 981
290 1111
290 340
290 381
290 569
290 597
290 606
290 810
290 869
291 700
292 1067
292 1074
292 1312
292 343
292 363
292 409
292 466
292 601
292 675
292 752
292 905
292 945
292 998
293 1138
293 448
293 453
293 485
293 549
293 971
294 1011
294 1142
294 1220
294 1296
294 517
294 587
294 614
294 663
294 961
295 1183
295 1186
295 1273
295 418
295 708
295 827
296 1088
296 1112
296 311
296 633
296 705
296 721
297 1016
297 1022
297 443
297 595
297 672
297 744
297 804
297 960
298 1001
298 1052
298 1082
298 425
298 641
298 710
298 719
299 1086
299 1160
299 510
299 536
299 539
299 911
300 1130
300 1293
300 1296
300 367
300 898
301 1002
301 1020
301 787
301 840
301 866
301 927
301 969
301 990
301 991
302 1020
302 1098
302 1101
302 1319
302 765
302 787
302 964
302 990
303 1304
303 308
303 558
303 691
303 761
303 768
303 790
303 797
303 925
304 1033
304 1062
304 1089
304 1224
304 321
304 432
304 615
304 644
304 767
304 916
304 926
305 1168
305 1326
305 471
305 653
305 666
305 669
305 747
305 890
306 1302
306 1318
306 322
306 657
306 879
307 1083
307 1164
307 1229
307 599
308 360
308 389
308 630
308 678
308 761
308 797
308 925
309 1105
309 1139
309 429
309 875
309 926
310 1208
310 1235
310 378
310 607
310 773
311 1028
311 1088
311 1236
311 1292
311 538
311 633
311 721
311 872
311 944
312 1111
312 1163
312 700
312 995
313 1016
313 1044
313 1129
313 1226
313 1232
313 380
313 579
313 744
313 959
314 1208
314 1210
314 1317
314 326
314 332
314 390
314 465
314 910
315 1069
315 1144
315 1216
315 1281
315 1313
315 428
315 554
315 611
316 1269
316 1271
316 388
316 478
316 490
316 683
316 873
317 1100
317 1114
317 1215
317 349
317 413
317 494
317 888
318 1316
318 366
318 435
318 495
318 506
318 557
318 585
318 702
318 763
318 852
318 858
318 975
318 985
319 1150
319 1180
319 695
319 724
319 774
319 813
319 817
319 834
320 1065
320 1272
320 1306
320 1311
320 613
320 632
320 907
321 1033
321 1062
321 1105
321 615
321 622
321 644
321 766
321 926
321 998
322 1302
322 1318
322 347
322 378
322 631
323 1115
323 364
323 472
323 563
323 674
323 801
324 1050
324 1172
324 1237
324 1259
324 540
324 571
324 688
324 727
324 889
325 1139
325 384
325 429
325 758
325 894
325 903
326 1208
326 332
326 390
326 457
326 476
326 773
327 1108
327 411
327 508
327 511
327 531
327 634
327 642
327 774
327 950
328 1276
328 557
328 852
328 943
328 975
329 1017
329 1121
329 487
329 650
329 958
330 1327
330 338
330 438
330 474
330 742
330 923
330 943
331 1251
331 1262
331 346
331 699
331 704
331 850
331 971
332 1210
332 1229
332 457
332 476
333 1004
333 1201
333 369
333 737
333 739
333 825
333 938
333 973
334 1101
334 1319
334 520
334 765
334 787
334 840
334 927
335 1315
335 342
335 423
335 450
335 464
335 469
335 684
335 710
336 1021
336 1042
336 1075
336 1214
336 1280
336 1323
336 362
336 484
336 488
336 832
336 835
337 1188
337 1246
337 1281
337 403
337 422
337 430
337 548
337 558
337 730
337 761
337 822
337 854
337 949
338 438
338 474
338 495
338 626
338 742
338 943
338 975
339 1099
339 565
339 568
339 687
339 819
339 936
340 1111
340 351
340 503
340 597
340 606
341 1230
341 1276
341 1289
341 1328
341 708
341 984
342 1063
342 1206
342 383
342 423
342 450
342 464
342 469
342 697
342 947
343 1067
343 1074
343 713
343 905
343 998
344 1282
344 1310
344 355
344 392
344 552
344 715
344 716
344 750
345 1294
345 1296
345 367
345 597
345 606
345 726
345 839
346 1251
346 1297
346 372
346 608
346 704
346 850
346 953
347 1021
347 1318
347 397
347 567
348 1085
348 1194
348 401
348 588
348 640
349 1019
349 1092
349 1199
349 1215
349 424
349 843
349 888
350 1121
350 415
350 536
350 746
350 911
350 957
351 482
351 500
351 503
351 995
352 1040
352 1243
352 1266
352 354
352 479
352 703
352 754
352 906
352 932
352 980
353 1060
353 1108
353 1273
353 1275
353 642
353 924
354 1041
354 1231
354 1243
354 1266
354 524
354 754
354 829
354 906
355 1282
355 1308
355 392
355 402
355 537
355 552
355 682
355 716
355 868
355 942
356 1132
356 1213
356 1257
356 468
356 488
357 1005
357 1081
357 1147
357 1155
357 370
357 781
357 826
358 1144
358 1256
358 428
358 467
358 566
358 660
358 728
358 732
358 908
359 1055
359 1165
359 1192
359 461
359 655
359 844
359 976
360 1061
360 468
360 488
360 678
360 761
360 909
360 925
361 1043
361 1113
361 1255
361 1284
361 499
361 940
362 1280
362 1323
363 1022
363 1094
363 1100
363 1126
363 1312
363 466
363 595
363 601
363 627
363 808
364 1003
364 1057
364 1115
364 472
364 573
364 801
365 1253
365 1278
365 1299
365 431
365 636
365 709
365 789
365 881
366 1200
366 1265
366 492
366 702
366 763
366 807
366 852
366 855
366 858
366 887
366 946
366 979
367 1130
367 1294
367 1296
367 726
368 1127
368 1131
368 1303
368 383
368 401
368 469
368 937
369 1004
369 1201
369 525
369 651
369 732
369 739
369 908
370 1005
370 1147
370 1287
370 618
370 718
370 781
370 871
371 1026
371 1170
371 1175
371 486
371 617
371 809
371 886
372 1034
372 1240
372 1251
372 594
372 608
372 795
372 953
372 956
373 1156
373 405
373 671
373 720
373 901
373 964
374 1035
374 433
374 473
374 690
374 806
374 836
374 847
374 897
374 988
375 1158
375 1267
375 397
375 541
375 562
375 831
375 883
376 1181
376 1192
376 461
376 603
376 657
376 737
376 835
376 879
377 1043
377 1094
377 1255
377 1258
377 1312
377 1314
377 559
377 616
378 1235
378 1302
378 631
379 1066
379 1184
379 1188
379 422
379 497
379 512
379 548
379 584
379 823
380 1128
380 1232
380 600
380 656
380 703
380 744
380 811
380 877
380 891
380 932
381 569
381 751
381 810
381 821
381 869
382 1253
382 1267
382 431
382 775
382 831
383 1063
383 1206
383 1264
383 401
383 450
383 469
383 937
383 947
384 1139
384 576
384 639
384 731
384 875
384 894
384 903
384 922
385 1178
385 1198
385 1321
385 481
386 1246
386 1304
386 403
386 509
386 822
386 885
387 1157
387 1308
387 612
387 715
387 716
387 933
387 992
387 996
388 1073
388 1190
388 1301
388 547
388 580
388 810
388 873
388 991
389 1069
389 554
389 611
389 630
389 659
389 691
389 797
390 1053
390 1191
390 1208
390 1317
390 465
390 515
390 607
390 681
390 729
391 1215
391 1226
391 1239
391 419
391 470
391 604
391 808
391 897
392 1282
392 1283
392 407
392 552
392 750
392 934
393 452
393 501
393 592
393 605
393 707
393 734
393 861
394 1093
394 1109
394 1203
394 1288
394 834
395 1125
395 525
395 739
395 743
395 816
395 820
395 973
396 1039
396 1211
396 483
396 527
396 788
396 862
396 963
397 1158
397 1202
397 1267
397 1318
397 541
397 562
397 631
397 636
398 1024
398 1169
398 1195
398 496
398 538
398 550
398 670
398 717
398 721
398 860
398 872
398 920
398 993
399 1037
399 1186
399 1189
399 418
399 498
399 740
400 1014
400 1152
400 1157
400 1263
400 1309
400 574
400 583
400 933
401 1085
401 1131
401 1264
401 640
401 937
402 1070
402 1197
402 537
402 682
402 942
403 1246
403 1281
403 680
403 730
403 822
403 949
404 1078
404 407
404 527
404 963
404 977
405 1130
405 671
405 720
405 798
405 901
406 1038
406 1048
406 1268
406 1285
406 529
406 561
406 846
406 928
407 1283
407 527
407 750
407 803
407 934
408 1070
408 1104
408 1183
408 1197
408 1275
408 427
408 502
408 682
408 833
408 924
408 942
408 962
409 1023
409 1047
409 1095
409 1247
409 1261
409 521
409 586
409 601
409 675
409 706
409 905
409 989
410 1257
410 442
410 666
410 771
410 865
410 965
411 1108
411 1151
411 642
412 1037
412 1093
412 1109
412 1180
412 498
412 805
413 1019
413 1100
413 1114
413 1215
413 1227
413 1291
413 420
413 604
413 760
414 1077
414 1080
414 1087
414 1110
414 1193
414 1204
414 1233
414 1316
414 491
414 495
414 518
415 501
415 536
415 734
415 746
415 899
415 966
416 1294
416 606
416 726
416 798
416 866
416 869
417 1117
417 1193
417 1252
417 1300
417 438
417 516
418 1037
418 1186
418 1189
418 1273
418 805
418 827
418 914
419 1022
419 1027
419 1226
419 470
419 480
419 897
420 1102
420 1205
420 1227
420 1291
420 760
420 790
420 870
420 885
421 1029
421 1066
421 1221
421 1279
421 1298
421 819
421 936
421 982
422 1090
422 1181
422 1184
422 1188
422 430
422 512
422 548
422 554
422 603
422 638
422 662
422 668
422 823
423 1167
423 464
423 469
423 697
423 710
424 1074
424 1199
424 841
424 843
424 888
425 1001
425 1030
425 1052
426 1291
426 1306
426 738
426 841
427 1174
427 1183
427 1230
427 1289
427 475
427 708
427 749
427 942
427 962
427 984
428 1069
428 1144
428 1256
428 1313
428 553
428 728
429 1057
429 1139
429 1151
429 903
429 926
430 1281
430 548
430 554
430 611
430 730
430 761
430 823
430 949
431 1253
431 1267
431 1278
431 636
431 789
431 881
432 1033
432 1089
432 1224
432 576
432 731
432 767
432 903
432 916
433 1010
433 1019
433 1035
433 1227
433 1239
433 637
433 806
433 836
433 897
433 988
434 1011
434 1096
434 1194
434 436
434 517
434 588
434 830
434 838
434 961
435 1173
435 506
435 556
435 557
435 585
435 818
435 985
436 1011
436 1096
436 1290
436 838
437 1326
437 654
437 666
437 669
437 771
437 865
437 968
438 1117
438 1193
438 1252
438 1327
438 474
438 495
438 516
438 852
438 943
438 975
439 1276
439 1289
439 1327
439 852
439 855
439 858
439 887
440 1106
440 1140
440 1245
440 635
440 685
441 1050
441 1113
441 1222
441 727
441 929
441 952
442 1257
442 1272
442 1311
442 468
442 771
442 965
443 1115
443 1146
443 1150
443 744
443 960
444 1134
444 1249
444 748
444 871
445 1059
445 1070
445 1211
445 1265
445 483
445 543
445 868
446 1045
446 1064
446 1095
446 1244
446 674
447 1058
447 1121
447 1178
447 676
447 686
447 958
448 1138
448 1149
448 453
448 485
448 549
448 842
448 971
449 1117
449 1187
449 1222
449 1307
449 460
449 474
449 796
449 802
450 1162
450 1315
450 464
450 469
450 684
450 904
450 947
451 1137
451 1202
451 1299
451 625
451 757
451 812
451 881
451 941
451 951
452 1091
452 1212
452 592
452 599
452 605
452 776
453 1131
453 1303
453 485
453 856
454 1220
454 1234
454 1241
454 1296
454 505
454 535
454 839
454 898
455 1024
455 1170
455 778
455 927
455 978
455 994
456 1077
456 1242
456 462
456 491
456 851
457 1083
457 1229
457 476
457 773
458 1196
458 1198
458 1322
458 673
458 712
458 753
458 772
458 954
458 999
459 1089
459 1237
459 644
459 688
459 713
459 767
459 916
460 1031
460 1117
460 474
460 742
460 796
460 802
461 1055
461 1192
461 603
461 835
461 879
461 976
462 1077
462 1233
462 1242
462 491
462 518
463 1002
463 1020
463 671
463 751
463 866
463 869
464 1079
464 1167
464 1315
464 697
464 947
464 997
465 1317
465 515
465 729
465 910
466 1094
466 601
466 752
466 945
467 512
467 525
467 553
467 651
467 660
467 662
467 728
467 732
467 908
468 1056
468 1061
468 1132
468 1213
468 1257
468 1272
468 1311
468 484
468 488
468 632
468 849
469 1063
469 1127
469 1303
469 697
469 837
469 937
470 1161
470 1215
470 1226
470 1232
470 480
470 579
470 756
470 808
470 897
471 1041
471 1168
471 1231
471 653
471 815
472 1045
472 1115
472 573
472 674
473 1205
473 1221
473 1279
473 509
473 690
473 741
473 806
473 819
473 847
473 848
473 936
474 1117
474 1230
474 1327
474 1328
474 516
474 742
474 796
474 923
475 1174
475 942
475 962
476 1083
476 1229
476 599
476 773
476 919
477 1077
477 1223
477 593
477 623
477 780
477 851
478 1051
478 1271
478 490
479 1161
479 1228
479 637
479 703
479 754
479 811
479 863
479 893
479 906
480 1027
480 1226
480 579
480 756
480 836
480 897
481 1305
482 1241
482 500
482 503
482 505
482 784
483 1059
483 1211
483 788
483 862
484 1257
484 1280
484 1323
484 1324
484 488
484 655
484 832
484 835
484 865
485 1171
485 1303
485 549
485 856
486 1106
486 1140
486 1170
486 1175
486 635
486 698
486 809
486 994
487 1058
487 650
487 958
488 1061
488 1075
488 1213
488 1257
488 514
488 909
489 1008
489 1240
489 533
489 594
489 645
489 694
489 944
489 956
490 1269
490 1271
490 534
490 581
490 683
491 1077
491 1087
491 1110
491 518
492 1059
492 807
492 946
492 979
493 1041
493 1326
493 654
493 902
493 915
493 976
493 986
494 1100
494 1215
494 808
494 843
494 888
495 1193
495 1204
495 1252
495 1316
495 626
495 852
495 975
496 1112
496 1169
496 1195
496 550
496 765
497 1012
497 1066
497 1188
497 1246
497 548
497 584
497 638
497 741
497 819
497 844
497 854
497 912
498 1037
498 1180
498 1189
498 724
498 740
498 805
498 813
499 1203
499 1284
499 786
500 503
500 618
500 781
500 784
501 605
501 707
501 734
501 746
501 824
501 861
501 966
502 1014
502 1104
502 1123
502 1197
502 1250
502 1263
502 1275
502 1277
502 574
502 583
502 682
502 922
503 1147
503 505
503 606
503 618
503 781
503 784
503 826
504 1032
504 513
504 546
504 683
504 859
504 886
505 1155
505 1234
505 1241
505 784
505 826
505 839
506 1316
506 529
506 556
506 557
506 985
507 1097
507 1305
507 769
507 910
508 1068
508 511
508 531
508 774
509 1102
509 1205
509 1304
509 690
509 741
509 848
509 885
510 1160
510 1313
510 652
510 911
511 1068
511 1151
511 634
511 774
511 813
512 1184
512 553
512 651
512 662
512 668
512 823
513 1032
513 534
513 546
513 683
514 1075
514 1136
514 1213
514 542
514 812
514 909
514 941
514 951
515 1153
515 681
515 729
516 1117
516 1187
516 1193
516 1260
516 1300
516 1320
516 874
516 939
517 1000
517 1011
517 1096
517 1293
517 614
517 663
517 664
517 696
517 961
518 1110
518 1193
518 1233
518 725
518 874
519 1036
519 1107
519 1118
519 670
519 698
519 809
519 920
519 948
519 983
520 1169
520 667
520 736
520 927
521 1047
521 1261
521 582
521 586
521 706
521 905
521 989
522 1138
522 1143
522 544
522 578
522 610
522 699
522 791
522 842
523 1071
523 1092
523 1148
523 577
523 582
523 722
523 759
523 972
524 1041
524 568
524 815
524 829
524 880
524 974
524 986
525 651
525 660
525 732
525 739
525 816
525 908
526 1028
526 1292
526 633
526 719
527 1211
527 1283
527 934
527 963
528 652
528 673
528 757
528 772
529 1316
529 556
529 561
529 626
529 882
530 1050
530 1182
530 1260
530 1320
530 735
530 892
530 939
531 1146
531 1150
531 774
532 1099
532 1165
532 1192
532 565
532 902
532 912
532 915
532 974
533 1013
533 1207
533 1240
533 551
533 575
533 679
533 896
533 944
533 956
534 1269
534 581
534 683
534 884
535 1096
535 1220
535 1234
535 1241
535 1290
535 646
536 1086
536 1121
536 1160
536 539
536 746
536 753
536 911
536 957
537 1197
537 1250
537 682
538 1236
538 645
538 694
538 721
538 872
538 920
538 944
539 1058
539 1121
539 676
539 911
539 957
540 1172
540 1259
540 574
540 727
540 933
541 1267
541 775
541 831
542 1042
542 1075
542 620
542 764
542 812
542 951
543 1211
543 1265
543 1283
543 552
543 934
544 1143
544 578
544 610
544 702
544 755
544 788
544 791
544 794
544 918
544 985
544 987
545 1243
545 1266
545 598
545 801
545 845
545 877
545 932
546 683
546 859
546 886
546 930
547 1073
547 873
548 1188
548 730
548 823
548 854
549 1138
549 1262
550 1024
550 1169
550 667
550 670
550 717
550 860
550 978
550 994
551 1013
551 1207
551 1240
551 1248
551 1251
551 679
551 795
551 896
551 928
552 1283
552 716
552 750
552 868
552 934
553 1069
553 554
553 662
553 668
553 728
553 732
554 1069
554 1281
554 611
554 662
554 668
555 1046
555 1072
555 1177
555 1238
555 629
555 648
555 661
555 830
556 561
556 818
556 918
556 985
557 585
557 852
557 975
558 1246
558 1304
558 761
558 768
558 822
558 925
558 949
559 1094
559 1258
559 1312
559 616
559 752
559 998
560 1054
560 591
560 602
560 621
560 770
561 1233
561 1268
561 1270
561 1285
561 1316
561 779
561 828
561 882
561 918
561 970
561 985
562 1158
562 1202
562 620
562 764
562 883
562 951
563 1023
563 1049
563 1064
563 1247
563 845
563 972
564 1015
564 1018
564 1036
564 1107
564 677
564 685
564 921
565 1099
565 654
565 819
565 912
565 915
566 1166
566 1256
566 652
566 660
566 908
567 1021
567 1214
568 1099
568 653
568 687
568 815
568 880
568 936
568 974
568 986
569 1111
569 597
569 821
569 869
570 1005
570 1081
570 1106
570 1147
570 1245
570 692
570 718
570 826
571 1025
571 1145
571 1172
571 1237
571 1284
571 574
571 688
571 727
571 767
571 929
571 952
572 1087
572 1116
572 658
572 701
572 803
572 934
572 939
573 1003
573 1045
573 1057
573 1105
573 1115
573 1150
573 1151
573 634
573 774
573 950
574 1025
574 1152
574 1259
574 1263
574 583
574 727
575 1088
575 1236
575 590
575 679
575 896
575 944
576 1033
576 639
576 731
576 875
576 903
576 922
577 1049
577 1148
577 895
577 972
578 596
578 788
578 842
579 1027
579 1119
579 1129
579 1226
579 1232
579 756
579 959
580 1073
580 1301
580 969
580 991
581 1269
581 683
581 930
582 1047
582 1064
582 1092
582 1247
582 586
582 972
583 1014
583 1259
583 1263
583 1309
583 727
583 933
584 1012
584 1066
584 1184
584 1188
584 638
584 819
585 1173
585 755
585 763
585 858
585 985
586 1023
586 1047
586 1064
586 1095
586 1247
586 706
587 1011
587 1133
587 1142
587 689
587 961
588 1015
588 1194
588 1219
588 1238
588 640
588 648
588 830
588 853
588 864
588 867
589 1262
589 608
589 793
589 956
590 1013
590 1088
590 1254
590 679
590 705
591 1053
591 1054
591 1196
591 602
591 681
591 686
591 733
592 1017
592 1091
592 707
592 734
593 1077
593 1116
593 1159
593 623
593 658
594 1008
594 1084
594 1240
594 608
594 694
594 956
595 1022
595 1126
595 1274
595 1312
595 785
595 804
595 960
596 1059
596 788
596 862
597 1111
597 606
597 726
598 1003
598 1115
598 1243
598 600
598 801
598 877
599 1164
599 1212
599 1229
599 776
600 1128
600 1243
600 703
600 863
600 877
600 906
600 932
601 1074
601 808
601 843
601 905
601 945
601 989
602 1054
602 1196
602 1198
602 1321
602 1322
602 686
603 1055
603 1090
603 1181
603 1192
603 638
603 825
603 835
604 1019
604 1100
604 1215
604 1227
604 1239
604 760
605 1164
605 1212
605 824
605 861
606 1294
606 726
606 866
606 869
607 1103
607 1141
607 1191
607 1208
607 1235
607 861
608 1084
608 1251
608 793
608 956
609 1163
609 618
609 718
609 777
609 871
610 1143
610 1200
610 699
610 702
610 704
610 755
610 791
610 987
611 1281
611 691
611 761
611 949
612 1310
612 701
612 715
612 716
612 992
613 1071
613 1311
613 643
613 693
613 759
613 907
613 965
614 1096
614 1220
614 1293
614 1296
614 696
614 720
614 898
614 901
615 1033
615 1062
615 1224
615 1261
615 622
615 706
615 766
616 1255
616 1258
616 1274
616 1288
616 1312
616 1314
616 644
616 799
616 834
616 998
617 1026
617 745
617 778
617 886
617 930
618 1147
618 718
618 781
618 871
619 1053
619 1185
619 1217
619 733
620 1158
620 1202
620 636
620 764
620 812
620 881
620 951
621 1054
621 1217
621 1305
621 681
621 770
622 1045
622 1062
622 1067
622 1261
622 675
622 706
622 766
622 998
623 1077
623 1078
623 1223
623 658
623 723
623 780
624 1082
624 1254
624 647
624 814
624 828
624 900
625 1137
625 1202
625 628
625 659
625 757
625 941
625 951
626 1316
626 975
627 1094
627 1126
627 1312
627 1314
628 1137
628 630
628 659
629 1072
629 1096
629 646
629 648
629 661
629 830
630 1137
630 659
630 678
630 797
631 1120
631 1125
631 1267
631 1302
631 1318
631 775
631 967
631 981
632 1056
632 1065
632 1132
632 1213
632 1272
632 1311
633 1028
633 1135
633 1292
633 705
633 719
634 1003
634 1151
634 950
635 1018
635 1072
635 1106
635 1140
635 1170
635 1295
635 670
635 685
635 698
635 800
635 994
636 1158
636 1202
636 1267
636 1278
636 1299
636 757
636 812
636 881
637 1010
637 1029
637 1119
637 1161
637 1228
637 1298
637 880
637 893
638 1012
638 1055
638 1090
638 1184
638 1188
638 825
638 844
639 1025
639 1152
639 731
639 922
640 1131
640 1171
640 1264
640 853
640 856
640 867
641 1013
641 1082
641 1154
641 1225
641 1254
641 710
642 1060
642 1108
642 1183
642 1273
642 749
643 722
643 759
644 1209
644 1258
644 713
644 767
644 799
644 916
644 998
645 1008
645 694
645 920
645 944
646 1096
646 1234
646 1241
646 661
647 1038
647 1154
647 1225
647 1248
647 1254
647 1268
647 900
648 1018
648 1072
648 1096
648 1177
648 1219
648 1238
648 800
648 830
649 1032
649 1245
649 692
649 792
650 1058
650 1121
650 957
650 958
651 1004
651 1090
651 1184
651 662
651 732
652 1160
652 1166
652 820
652 911
653 1041
653 1168
653 1326
653 669
653 815
653 890
653 986
654 1326
654 771
654 902
654 912
654 915
654 968
655 1055
655 1165
655 1323
655 1324
655 1325
655 835
655 844
655 976
656 1016
656 1044
656 744
656 891
657 737
657 879
658 1077
658 1078
658 1116
658 723
658 803
658 934
659 1075
659 1136
659 1137
659 678
659 941
659 951
660 1166
660 816
660 820
660 908
661 1072
661 1096
661 1234
662 1004
662 1069
662 1090
662 1181
662 1184
662 668
662 732
663 1000
663 1142
663 1293
663 961
664 1000
664 1156
664 1293
664 696
664 720
664 901
664 955
664 961
665 1059
665 1143
665 702
665 788
665 807
665 946
666 669
666 747
666 771
666 865
667 1024
667 1169
667 717
668 823
669 1326
669 771
670 1018
670 1107
670 1118
670 698
670 809
670 860
670 920
670 983
670 994
671 1020
671 964
672 1016
672 1129
672 724
672 804
672 960
673 1086
673 1216
673 772
673 857
673 954
673 999
674 1045
674 1115
674 1244
674 675
675 1045
675 1067
675 1095
675 1244
675 1261
675 706
675 905
675 998
676 1058
676 1121
676 1178
676 686
676 954
677 1015
677 1018
677 685
677 864
677 867
677 921
678 1136
678 1137
678 909
678 941
679 1013
679 1225
679 1248
679 1254
679 896
680 1221
680 1246
680 730
680 741
680 847
680 854
681 1053
681 1054
681 1153
681 1217
681 1305
681 729
682 1014
682 1123
682 1197
682 1250
682 1282
682 1309
682 942
683 859
683 930
684 1001
684 1013
684 1135
684 1162
684 1292
684 710
684 711
684 719
685 1018
685 1140
685 800
686 1054
686 1121
686 1178
686 1196
686 1198
686 1321
686 1322
686 958
687 1099
687 811
687 880
687 893
687 974
688 1089
688 1145
688 1172
688 1237
688 767
689 1000
689 1028
689 1133
689 1142
689 1176
689 1292
689 904
689 961
690 1035
690 1102
690 1205
690 806
691 797
691 857
692 1005
692 1124
692 1245
692 1287
692 718
692 777
692 792
693 759
693 890
693 917
693 965
694 1008
694 1084
694 793
694 853
694 920
694 931
694 944
694 948
694 956
695 1150
695 1274
695 724
695 804
695 817
695 960
696 1028
696 1156
696 1195
696 721
696 901
696 955
696 961
697 1063
697 1079
697 1167
697 837
698 1018
698 1107
698 809
698 994
699 1138
699 1262
699 704
699 791
699 971
699 987
700 1111
700 821
701 1116
701 1310
702 1143
702 1200
702 755
702 763
702 788
702 946
702 985
703 1161
703 1228
703 1232
703 811
703 863
703 906
703 932
704 1297
704 791
704 794
704 971
704 987
705 1088
705 1135
706 1095
706 1244
706 1261
707 1121
707 734
707 746
707 861
708 1076
708 1183
708 749
708 984
709 1137
709 1278
709 1299
709 757
710 1001
710 1013
711 1001
711 1007
711 1162
711 1292
712 1196
712 1278
712 753
712 999
713 916
713 998
714 1051
714 736
714 927
715 1157
715 1282
715 1308
715 1310
715 716
716 1282
716 1308
716 1310
716 1320
716 939
716 992
717 1024
717 1169
717 993
718 1005
718 1147
718 1287
718 777
718 871
719 1001
719 1135
719 1292
720 1130
720 1156
720 1293
720 898
720 901
721 1028
721 1088
721 1112
721 1195
721 872
722 1040
722 1148
722 747
722 754
722 759
722 829
722 890
722 895
722 913
722 917
723 1078
723 1223
723 780
723 803
724 1180
724 813
724 817
724 960
725 1080
725 1233
725 1270
725 779
725 814
726 1294
726 798
727 1050
727 1222
727 1237
727 1259
727 929
727 952
728 1069
728 1144
728 732
729 1053
729 1153
729 1191
729 1317
730 1246
730 1281
730 823
730 854
731 1025
731 1089
731 1145
731 1224
731 767
732 1004
732 1069
732 1144
732 1201
732 908
733 1053
733 1185
733 1196
733 753
734 743
734 746
734 816
734 899
734 966
735 1050
735 1260
735 1308
735 1309
735 1320
735 889
735 892
735 996
736 840
736 927
736 969
737 1181
737 1192
737 1201
737 825
737 938
738 1056
738 1061
738 1065
738 1306
738 768
738 849
738 870
739 1125
739 1201
739 908
739 973
740 1037
740 1068
740 813
740 817
741 1221
741 1246
741 1304
741 819
741 847
741 848
742 1031
742 796
742 923
743 1120
743 1125
743 816
743 820
743 824
743 899
743 966
743 973
744 1016
744 1128
744 877
744 891
745 1026
745 1051
745 778
745 859
745 930
746 1121
746 861
747 1168
747 890
747 895
747 913
747 917
748 1134
748 1249
748 777
748 871
748 884
749 1183
749 1289
750 1310
750 803
750 934
751 1002
751 1190
751 810
751 866
751 869
752 1094
752 1312
752 998
753 1086
753 1160
753 1196
753 954
753 999
754 1040
754 1231
754 1266
754 829
754 906
754 913
755 1173
755 1200
755 763
755 985
755 987
756 1119
756 1161
756 1232
757 1137
757 1202
757 1278
757 1299
758 1275
758 1277
758 762
758 833
758 894
758 924
759 1071
759 1148
759 890
759 917
760 1035
760 1102
760 1227
760 1239
760 988
761 925
761 949
762 1108
762 1273
762 1275
762 1277
762 894
762 924
763 1200
763 858
764 1042
764 1214
764 883
764 951
765 1101
765 1112
765 1195
765 1319
766 1033
766 1045
766 1105
766 926
767 1025
767 1089
767 1145
767 1209
767 1237
767 1284
767 799
767 916
767 940
768 1304
768 790
768 849
768 925
769 1097
769 1153
769 1305
769 910
770 1054
770 1305
771 1272
771 865
771 965
773 1083
773 1208
774 1068
774 1150
774 950
775 1185
775 1191
775 1235
775 1253
775 1267
775 1317
775 831
776 1091
776 1212
777 1124
777 1134
777 1163
777 1287
777 871
778 1026
778 1051
778 1170
778 927
779 1077
779 1233
779 1242
779 1270
779 814
779 828
779 970
780 1078
780 1223
780 851
781 1147
781 1155
781 784
781 826
782 1006
782 1149
782 783
782 862
783 1006
783 1009
783 1039
783 862
784 1155
785 1022
785 1027
785 1093
785 1274
785 804
786 1179
786 1284
786 1286
786 827
786 929
787 1020
787 1101
787 1319
787 840
787 927
787 964
788 1039
788 1059
788 862
789 1217
789 1253
789 881
790 1205
790 1304
790 848
790 870
790 885
791 1138
791 1149
791 794
791 842
791 971
791 987
792 1032
792 1124
793 1084
793 853
793 931
793 956
794 1038
794 1048
794 1173
794 1285
794 1297
794 818
794 918
794 987
795 1034
795 1207
795 1240
795 1251
795 928
796 1031
796 1222
796 1230
796 1286
796 802
796 923
796 984
797 857
798 1130
798 1294
798 866
799 1043
799 1109
799 1209
799 1255
799 1258
799 1288
799 834
799 940
800 1018
800 1046
800 1072
800 1177
801 1115
801 877
802 1222
802 1286
802 1307
803 1078
803 934
804 1274
804 960
805 1037
805 1109
805 1189
805 914
806 1010
806 1035
806 1227
806 1279
806 836
806 847
806 936
806 982
807 1059
807 946
808 1022
808 1100
808 1215
808 1226
808 843
809 1118
809 994
810 1190
810 866
810 869
810 991
811 1128
811 1228
811 863
811 891
811 893
812 1202
812 1299
812 881
812 941
812 951
813 1068
813 1109
813 1180
813 817
813 834
814 1270
814 828
814 970
815 1041
815 1168
815 829
815 880
815 890
815 986
816 820
816 899
817 1068
818 1048
818 1173
818 1297
818 846
818 918
818 953
819 1012
819 1066
819 1221
819 912
819 936
820 1120
820 1125
820 1160
820 1166
820 899
821 1111
822 1246
822 885
822 949
824 1120
824 861
824 966
824 973
825 1004
825 1090
825 1181
825 1192
826 1005
826 1081
826 1106
826 1147
826 1155
826 1295
827 1076
827 1183
827 1189
827 1273
828 1268
828 1285
828 882
828 900
828 970
829 1041
829 1168
829 1231
829 880
829 890
829 913
830 1096
830 1194
830 1238
830 838
831 1267
831 1317
832 1021
832 1042
832 1280
832 883
833 1070
833 1104
833 1197
833 1275
833 1277
833 924
834 1093
834 1109
834 1180
834 1274
834 1288
835 1055
835 1323
835 1325
835 879
835 976
836 1010
836 847
836 897
836 982
837 1009
837 1063
837 977
838 1085
838 1194
839 1241
839 1294
840 1319
840 927
840 969
841 1114
841 1291
841 888
842 1138
842 1149
843 1047
843 1074
843 1092
843 1199
843 1215
843 989
844 1012
844 1055
844 1165
844 1188
844 1192
844 912
845 1049
845 1247
845 1266
845 877
845 932
845 980
846 1034
846 1038
846 1048
846 1154
846 850
846 928
846 953
847 1221
847 1279
848 1205
848 1304
848 849
848 870
848 885
849 1056
849 1065
849 1272
849 1304
850 1034
850 1154
850 1251
850 953
850 971
851 1030
851 1223
851 876
851 935
852 1276
852 1327
852 858
852 887
852 943
852 975
853 1015
853 1171
853 867
853 921
853 931
854 1066
854 1188
854 1246
855 1174
855 1200
855 858
855 887
855 946
855 979
856 1131
856 1171
856 1219
856 867
857 1216
858 1200
858 887
859 1026
859 886
859 930
860 1024
860 1118
860 920
860 978
860 983
860 994
861 1141
861 919
862 1039
862 1059
863 1128
863 906
864 1015
864 1219
864 867
865 1280
865 1324
865 968
866 1002
866 1020
866 1190
866 869
866 991
867 1015
867 1171
867 1219
868 1265
868 887
868 942
870 1205
870 1306
871 1134
871 1287
872 1088
872 1112
872 1236
872 993
873 1271
873 1301
874 1110
874 1187
874 1193
874 1260
874 1300
875 1033
875 1139
875 903
875 922
875 926
876 1218
876 1223
876 935
876 997
877 1023
877 1243
877 1247
877 932
878 1325
879 976
880 893
881 1299
882 1268
882 1270
882 1316
882 970
883 1021
883 1042
883 1214
884 1124
884 1249
885 1102
885 1205
885 1304
886 1026
886 1175
886 930
887 1265
887 1327
887 979
888 1114
889 1050
889 1259
889 892
889 996
890 1168
890 913
890 917
890 965
891 1128
891 1146
892 1182
892 1320
892 992
892 996
893 1228
893 1298
894 1139
894 1277
895 1040
895 1049
895 1148
895 913
895 917
895 980
896 1207
896 1248
896 928
897 1239
897 988
898 1130
898 1220
898 1293
898 1296
898 901
899 1120
899 1160
899 966
900 1038
900 1268
900 1285
901 1098
901 1101
901 1130
901 1156
901 1195
902 1165
902 912
902 915
902 976
903 1033
903 1139
903 1151
903 926
904 1133
904 1162
904 1176
904 1264
904 1292
904 947
905 1067
905 1074
905 1261
905 989
906 1243
907 1306
908 1144
908 1201
908 1256
909 1061
909 1075
909 1136
909 1213
910 1210
911 1160
911 1166
911 957
912 1012
912 1099
912 1165
912 1192
913 1040
913 1168
913 1231
914 1037
914 1179
914 1189
915 974
915 986
916 1089
916 1224
917 1148
918 1173
918 985
918 987
919 1083
919 1141
919 1164
920 1008
920 1015
920 1036
920 1107
920 948
920 983
921 1015
921 1036
921 931
922 1123
922 1139
922 1250
923 1230
923 1327
923 1328
924 1060
924 1108
924 1275
924 962
926 1033
926 1105
926 1139
926 1151
927 1026
927 1051
927 1170
928 1034
928 1038
928 1154
928 1207
928 1248
928 1268
929 1113
929 1222
929 1284
929 1286
929 1307
929 952
930 1026
931 1084
931 948
932 1243
932 1266
932 980
933 1157
933 1259
933 1309
933 996
934 1211
934 1265
934 1283
935 1030
935 1218
935 997
936 1221
936 1279
937 1063
937 1085
937 1206
938 1125
938 1201
938 973
938 981
939 1087
939 1110
939 1159
939 1182
939 1193
939 1320
939 992
940 1043
940 1109
940 1113
940 1209
940 1255
940 1284
941 1136
941 1137
941 951
942 1070
942 1197
943 1327
943 975
944 1236
945 1074
946 1143
946 1200
946 979
947 1133
947 1176
947 1206
947 1264
947 1315
948 1008
948 1036
948 1084
948 983
949 1281
950 1003
950 1115
951 1042
951 1075
951 1202
951 1214
952 1050
952 1113
952 1237
952 1284
953 1034
953 1251
953 1297
954 1086
954 1178
954 1198
954 1322
955 1000
955 1007
955 1028
955 1156
955 1293
955 961
956 1084
956 1240
956 1251
957 1058
957 1121
958 1058
958 1121
959 1016
959 1022
959 1027
959 1129
959 1226
960 1150
961 1000
961 1011
961 1028
961 1142
963 1009
963 1039
963 977
964 1020
964 1101
965 1311
966 1120
967 1103
967 1120
967 1302
968 1324
968 1325
968 1326
969 1301
969 991
970 1270
971 1138
971 1149
971 1251
971 1262
972 1049
972 1064
972 1247
973 1120
973 1125
973 1201
974 1099
974 986
976 1165
976 1325
976 1326
977 1009
977 1079
978 1024
978 1118
978 994
979 1174
980 1040
980 1049
980 1266
981 1125
981 1201
981 1302
981 1318
982 1010
982 1029
982 1279
983 1008
983 1118
984 1076
984 1122
984 1230
984 1286
985 1173
985 1316
986 1041
987 1173
987 1297
988 1035
988 1227
988 1239
989 1047
989 1074
989 1199
990 1002
990 1020
990 1319
991 1002
991 1190
991 1301
992 1182
992 1308
992 1320
992 996
993 1169
994 1118
994 1170
995 1111
995 1163
996 1259
996 1308
996 1309
997 1167
997 1218
998 1067
998 1258
998 1312
999 1086
999 1160
999 1278
1000 1007
1000 1142
1000 1162
1000 1176
1000 1293
1002 1020
1002 1190
1003 1057
1003 1115
1004 1090
1004 1181
1005 1081
1005 1147
1005 1287
1006 1009
1006 1127
1006 1149
1007 1028
1007 1162
1007 1292
1008 1084
1009 1039
1010 1029
1012 1099
1013 1135
1013 1225
1013 1254
1014 1123
1014 1157
1014 1263
1014 1282
1014 1309
1015 1018
1015 1036
1016 1022
1016 1044
1016 1129
1017 1091
1018 1072
1018 1107
1019 1114
1019 1215
1019 1227
1019 1239
1021 1214
1021 1280
1022 1027
1022 1126
1022 1226
1023 1064
1023 1095
1023 1247
1025 1145
1025 1152
1025 1172
1025 1224
1026 1106
1026 1170
1026 1175
1027 1226
1028 1292
1029 1119
1029 1298
1030 1052
1030 1218
1030 1242
1031 1122
1031 1179
1031 1286
1034 1154
1034 1251
1035 1102
1035 1227
1036 1107
1037 1189
1038 1048
1038 1154
1038 1248
1038 1268
1038 1285
1040 1231
1040 1266
1041 1231
1041 1326
1042 1075
1042 1214
1043 1113
1043 1209
1043 1255
1043 1258
1044 1119
1044 1129
1044 1161
1044 1228
1044 1232
1044 1298
1045 1105
1045 1115
1046 1072
1046 1081
1046 1177
1046 1295
1047 1092
1047 1199
1047 1247
1048 1285
1050 1237
1052 1082
1052 1242
1053 1185
1053 1191
1053 1217
1054 1305
1055 1188
1055 1192
1056 1061
1056 1065
1056 1213
1056 1272
1057 1151
1058 1121
1060 1183
1060 1275
1061 1213
1062 1067
1062 1224
1062 1261
1063 1206
1064 1095
1064 1247
1065 1272
1066 1221
1067 1261
1069 1144
1070 1197
1071 1092
1071 1199
1072 1096
1072 1177
1072 1234
1072 1295
1074 1199
1075 1136
1075 1214
1076 1122
1076 1183
1076 1286
1077 1087
1077 1159
1077 1233
1079 1167
1079 1218
1080 1204
1080 1233
1080 1270
1080 1316
1081 1295
1082 1254
1083 1141
1083 1229
1085 1194
1085 1206
1085 1264
1086 1160
1087 1110
1087 1116
1087 1159
1088 1112
1088 1236
1089 1145
1089 1224
1090 1181
1090 1184
1092 1199
1093 1109
1093 1180
1093 1274
1094 1100
1094 1312
1094 1314
1095 1244
1096 1220
1096 1234
1096 1290
1097 1153
1097 1305
1098 1195
1100 1215
1101 1319
1102 1205
1103 1141
1104 1197
1104 1250
1104 1275
1104 1277
1106 1140
1106 1147
1106 1170
1106 1175
1106 1245
1108 1273
1109 1180
1109 1203
1109 1288
1111 1163
1112 1195
1113 1284
1113 1307
1115 1150
1116 1159
1117 1187
1117 1300
1119 1129
1119 1161
1119 1232
1119 1298
1120 1125
1122 1286
1123 1250
1123 1263
1124 1134
1124 1249
1124 1287
1125 1201
1125 1318
1126 1312
1127 1149
1127 1303
1128 1146
1129 1232
1130 1293
1130 1294
1131 1303
1132 1213
1132 1257
1132 1311
1133 1142
1133 1176
1133 1206
1133 1264
1134 1249
1134 1287
1135 1292
1137 1299
1138 1262
1139 1250
1139 1277
1140 1175
1142 1176
1143 1200
1144 1216
1144 1256
1144 1313
1145 1172
1145 1224
1146 1150
1152 1224
1153 1217
1153 1305
1154 1225
1154 1248
1157 1282
1157 1308
1157 1309
1158 1202
1158 1267
1159 1182
1160 1166
1161 1228
1161 1232
1162 1176
1162 1292
1162 1315
1164 1212
1165 1192
1167 1218
1170 1175
1173 1297
1176 1315
1177 1219
1177 1238
1178 1198
1178 1321
1178 1322
1179 1286
1181 1192
1182 1320
1183 1273
1183 1275
1184 1188
1185 1191
1185 1217
1185 1253
1186 1273
1187 1300
1187 1307
1188 1246
1191 1208
1191 1235
1191 1317
1193 1252
1193 1300
1194 1238
1196 1198
1196 1322
1197 1250
1201 1318
1202 1299
1203 1288
1204 1252
1205 1306
1206 1264
1207 1240
1208 1235
1209 1258
1211 1283
1215 1239
1216 1256
1216 1313
1217 1253
1219 1238
1220 1234
1220 1290
1220 1296
1221 1279
1222 1286
1222 1307
1225 1248
1225 1254
1226 1232
1227 1239
1227 1291
1228 1298
1230 1328
1231 1266
1233 1270
1233 1316
1234 1241
1234 1295
1240 1251
1243 1266
1246 1304
1248 1268
1250 1277
1252 1300
1253 1267
1253 1278
1255 1288
1255 1314
1256 1313
1257 1311
1260 1320
1268 1285
1269 1271
1270 1316
1271 1301
1272 1311
1273 1275
1274 1312
1275 1277
1276 1289
1276 1327
1278 1299
1280 1323
1280 1324
1282 1308
1288 1314
1289 1327
1289 1328
1291 1306
1302 1318
1308 1309
1308 1320
1312 1314
1321 1322
1323 1324
1323 1325
1324 1325
1327 1328
