0 2
1 2
4 1
5 1
7 2
8 2
10 1
11 1
14 1
17 1
19 2
20 2
22 2
27 2
28 2
29 1
30 1
31 1
33 2
34 1
36 2
37 2
38 2
43 2
44 1
46 1
49 2
52 2
54 2
55 2
56 1
58 2
60 1
62 2
63 1
64 2
65 2
68 2
69 2
70 2
71 2
72 2
76 2
77 2
80 2
82 1
83 1
87 1
88 2
89 1
91 1
92 2
94 1
98 2
99 1
100 2
104 2
105 2
108 2
110 1
111 1
117 2
119 1
120 1
121 2
122 2
128 2
133 1
134 1
135 1
136 2
138 2
139 2
141 2
142 2
143 2
144 1
147 2
149 2
150 2
151 1
152 2
155 2
156 2
157 1
160 1
161 2
162 2
163 2
164 2
168 2
173 2
177 1
178 2
180 2
181 1
186 1
187 1
188 1
190 2
192 2
193 1
198 2
199 2
202 2
203 1
206 2
207 2
208 1
210 2
212 2
216 1
217 2
218 2
220 2
223 2
224 2
225 2
233 2
235 1
236 2
237 2
240 2
243 2
246 2
247 1
250 2
252 2
256 2
258 2
259 2
262 1
263 2
264 2
266 2
275 2
277 1
278 1
284 2
286 1
287 2
288 2
289 2
292 2
296 2
297 1
299 2
300 2
305 2
306 1
308 2
309 1
311 2
312 1
313 2
314 2
315 2
316 1
319 2
321 1
322 1
325 1
326 1
327 2
328 2
329 1
330 1
331 2
