0 130
0 176
0 184
0 211
0 217
0 223
0 261
0 68
1 173
1 191
1 218
1 248
1 299
1 36
1 5
1 87
2 161
2 213
2 22
2 265
2 294
2 306
2 40
2 97
3 13
3 137
3 146
3 26
3 293
3 47
4 180
4 192
4 200
4 29
4 305
4 326
4 77
5 139
5 173
5 188
5 224
5 237
5 248
5 302
5 87
6 103
6 148
6 176
6 178
6 196
6 250
6 268
6 278
6 284
6 290
6 308
6 32
6 98
7 110
7 146
7 209
7 256
7 26
7 293
7 310
7 329
7 41
8 128
8 20
8 283
8 322
8 331
8 66
8 80
8 84
9 106
9 131
9 174
9 307
9 67
10 11
10 122
10 153
10 18
10 210
10 266
10 325
10 88
11 18
11 210
11 229
11 301
11 57
11 88
12 116
12 118
12 197
12 229
12 230
12 301
12 324
12 79
13 137
13 146
13 238
13 275
13 41
13 47
13 81
14 104
14 142
14 164
14 177
14 180
14 208
14 269
14 59
15 194
15 228
15 50
15 81
16 251
16 285
16 304
16 78
17 144
17 207
17 220
17 256
17 257
17 69
18 116
18 153
18 159
18 210
18 229
18 301
18 39
18 57
18 79
18 88
19 108
19 193
19 194
19 214
19 228
19 238
19 247
19 275
19 327
19 81
20 147
20 152
20 282
20 283
20 295
20 322
20 331
20 84
20 94
21 140
21 174
21 254
21 279
21 291
21 75
21 85
22 139
22 188
22 213
22 294
22 302
22 306
22 40
23 112
23 152
23 165
23 167
23 169
23 239
23 258
23 263
23 276
23 285
23 295
23 298
23 321
23 323
23 46
23 52
23 90
24 185
24 234
24 239
24 276
24 323
25 130
25 170
25 184
25 209
25 211
25 227
25 293
26 146
26 209
26 227
26 293
26 41
26 47
27 168
27 196
27 280
27 284
27 286
27 290
27 64
27 98
28 109
28 198
28 251
28 277
28 281
28 58
28 90
29 156
29 160
29 192
29 200
29 206
29 226
29 305
29 62
30 104
30 133
30 149
30 317
30 326
30 65
31 126
31 135
31 138
31 231
31 233
31 264
32 103
32 117
32 119
32 134
32 176
32 182
32 256
32 257
32 288
32 308
32 309
32 310
32 69
33 103
33 117
33 143
33 183
33 216
33 235
34 125
34 202
34 212
34 236
34 240
34 297
34 89
35 186
36 164
36 191
36 208
36 222
36 248
36 269
36 299
36 87
37 121
37 202
37 236
37 244
37 255
37 264
37 287
37 289
37 73
37 75
38 102
38 105
38 128
38 149
38 242
38 252
38 313
38 65
39 123
39 153
39 271
39 57
39 79
39 88
39 96
40 107
40 123
40 158
40 161
40 171
40 213
40 265
40 294
40 302
40 306
40 74
40 97
41 110
41 146
41 275
41 47
42 154
42 186
42 231
42 241
42 267
42 320
42 51
42 56
42 67
42 76
43 100
43 162
43 201
43 280
43 283
43 286
43 316
43 322
43 53
43 63
43 99
44 114
44 124
44 129
44 190
44 198
44 319
44 72
44 83
45 107
45 171
45 188
45 204
45 294
45 302
45 50
46 152
46 258
46 263
46 295
46 321
46 52
46 94
47 146
48 113
48 114
48 124
48 132
48 198
48 232
48 251
48 281
48 78
49 120
49 126
49 135
49 143
49 195
49 233
49 249
49 330
49 91
49 95
50 107
50 194
50 204
50 228
51 106
51 121
51 154
51 186
51 231
51 307
51 67
52 163
52 181
52 215
52 258
52 277
52 295
52 90
52 94
53 100
53 148
53 159
53 196
53 201
53 219
53 280
53 283
53 314
53 63
53 64
53 99
54 103
54 150
54 187
54 250
54 268
54 278
55 109
55 157
55 168
55 181
55 215
55 58
55 72
55 82
56 124
56 151
56 190
56 267
56 320
56 76
57 118
57 271
57 301
57 79
57 88
58 109
58 181
58 198
58 215
58 277
58 72
58 90
59 125
59 142
59 172
59 177
59 180
59 192
59 199
59 200
59 202
59 206
59 226
59 240
59 255
59 269
59 297
59 61
60 117
60 182
60 220
60 235
60 257
60 300
60 69
61 142
61 172
61 199
61 222
61 269
61 315
61 71
61 86
62 147
62 155
62 156
62 160
62 226
62 243
62 318
63 100
63 159
63 262
63 266
63 314
63 64
63 99
64 148
64 178
64 196
64 280
64 314
64 98
64 99
65 133
65 149
65 213
65 242
65 313
65 317
65 70
66 102
66 128
66 189
66 201
66 242
66 252
66 283
66 80
66 84
67 106
67 131
67 154
67 231
67 241
67 307
68 130
68 141
68 148
68 176
68 217
68 223
68 225
68 246
68 261
69 117
69 119
69 134
69 182
69 256
69 257
70 133
70 161
70 213
70 242
70 259
70 306
70 313
70 74
71 138
71 142
71 172
71 199
71 287
71 296
71 315
71 86
72 109
72 114
72 129
72 168
72 198
72 268
72 292
72 83
73 106
73 121
73 126
73 131
73 244
73 255
73 264
73 279
73 289
73 75
73 85
74 102
74 123
74 161
74 213
74 242
74 259
74 271
74 313
74 96
75 125
75 236
75 254
75 255
75 279
75 289
75 291
75 85
76 151
76 186
76 231
76 233
76 320
77 149
77 189
77 200
77 252
77 305
77 317
77 326
78 113
78 132
78 232
78 251
78 304
79 116
79 118
79 197
79 229
79 301
80 189
80 252
80 305
80 331
80 84
81 137
81 194
81 228
81 238
82 157
82 162
82 168
82 215
82 280
82 286
83 129
83 150
83 187
83 268
83 292
83 319
84 189
84 282
84 283
84 295
84 318
84 331
85 106
85 131
85 174
85 254
85 279
85 289
86 126
86 136
86 138
86 166
86 172
86 183
86 222
86 244
86 249
86 287
86 296
86 300
86 311
86 315
87 104
87 208
87 237
87 248
87 269
88 122
88 153
88 259
88 271
88 96
89 101
89 125
89 212
89 236
89 253
89 254
90 109
90 181
90 215
90 221
90 251
90 258
90 277
90 281
90 285
90 295
91 103
91 143
91 150
91 195
91 319
92 155
92 243
92 245
92 263
92 282
92 298
92 318
93 145
93 234
93 239
93 270
93 273
94 152
94 162
94 163
94 283
94 295
94 322
95 120
95 126
95 129
95 151
95 190
95 195
95 231
95 233
95 249
95 319
95 320
96 102
96 122
96 123
96 153
96 259
96 271
96 313
97 158
97 171
97 265
97 294
98 148
98 178
98 196
98 278
98 284
99 280
99 286
100 159
100 201
100 219
100 266
100 312
100 316
101 125
101 127
101 140
101 253
101 254
101 291
102 105
102 122
102 128
102 153
102 201
102 219
102 242
102 252
102 313
103 117
103 143
103 150
103 182
103 183
103 195
103 216
103 250
103 268
103 308
103 309
104 180
104 200
104 208
104 237
104 248
104 269
104 317
104 326
105 122
105 128
105 153
105 219
105 312
105 313
105 325
106 121
106 131
106 174
106 231
106 289
106 307
107 171
107 194
107 204
107 294
107 302
108 173
108 191
108 193
108 207
108 214
108 218
108 238
108 272
108 327
108 328
109 114
109 129
109 168
109 198
109 215
109 251
109 268
109 290
109 292
110 144
110 146
110 175
110 256
110 275
110 327
111 116
111 159
111 210
111 225
111 230
111 246
111 262
112 169
112 239
112 245
112 263
112 276
112 298
112 321
113 179
113 221
113 251
113 281
113 285
113 304
114 124
114 129
114 132
114 190
114 198
114 232
114 241
114 251
114 320
115 203
115 205
115 212
115 253
115 270
115 273
115 303
116 148
116 159
116 197
116 210
116 217
116 225
116 229
116 230
116 246
116 261
116 262
116 274
117 119
117 182
117 183
117 216
117 235
117 309
118 301
119 134
119 308
119 309
120 151
120 195
120 233
120 319
121 131
121 186
121 231
121 264
121 289
122 153
122 259
122 313
122 325
123 158
123 161
123 265
123 271
124 190
124 198
124 232
124 241
124 267
124 320
125 127
125 202
125 212
125 226
125 236
125 240
125 253
125 254
125 255
125 270
125 291
125 297
126 135
126 138
126 231
126 233
126 244
126 249
126 264
127 140
127 253
127 270
127 291
127 303
128 201
128 219
128 252
128 283
128 312
128 316
128 322
129 150
129 190
129 195
129 268
129 319
129 320
130 170
130 176
130 184
130 211
130 223
130 260
130 261
130 293
130 310
131 174
131 231
131 279
132 232
132 241
132 251
133 213
133 237
133 306
133 317
134 256
134 288
134 310
134 329
135 138
135 233
135 249
135 296
135 330
136 164
136 166
136 222
136 299
136 300
136 311
136 315
137 146
137 194
137 238
138 244
138 249
138 264
138 287
138 296
139 188
139 213
139 237
139 248
139 302
139 306
140 254
140 291
141 148
141 176
141 178
141 223
141 246
141 288
141 314
142 164
142 177
142 199
142 222
142 269
142 315
143 183
143 195
143 216
143 235
143 249
143 330
144 207
144 256
144 257
144 327
144 328
145 155
145 205
145 226
145 234
145 239
145 245
145 270
145 273
145 298
145 318
146 238
146 256
146 257
146 275
146 293
146 310
146 327
147 152
147 156
147 243
147 282
147 318
147 331
148 159
148 176
148 178
148 196
148 225
148 246
148 261
148 314
149 189
149 242
149 252
149 317
149 326
150 187
150 195
150 268
150 319
151 190
151 233
151 320
152 243
152 263
152 282
152 295
152 298
153 159
153 210
153 219
153 266
153 325
154 241
154 267
154 307
155 160
155 203
155 205
155 226
155 243
155 245
155 318
156 200
156 226
156 305
156 318
156 331
157 162
157 163
157 181
157 215
158 265
158 271
159 210
159 219
159 246
159 262
159 266
159 314
160 203
160 206
160 226
160 240
161 213
161 259
161 265
161 271
161 306
162 163
162 215
162 280
162 283
162 286
162 295
162 322
163 181
163 215
163 295
164 208
164 222
164 269
164 299
164 315
165 167
165 169
165 179
165 185
165 221
165 285
165 323
166 182
166 183
166 191
166 220
166 222
166 257
166 272
166 299
166 300
167 169
167 221
167 258
167 285
167 323
168 215
168 280
168 286
168 290
168 292
169 185
169 276
169 321
169 323
170 184
170 260
170 261
170 274
171 294
172 199
172 202
172 244
172 255
172 287
173 191
173 193
173 214
173 218
173 224
173 248
173 302
174 279
176 178
176 223
176 261
176 288
176 308
176 310
177 180
177 192
177 199
177 206
177 297
178 246
178 250
178 278
178 308
178 314
179 221
179 285
179 304
180 192
180 200
180 269
180 326
181 215
181 277
182 183
182 220
182 235
182 257
182 300
183 195
183 235
183 249
183 300
183 311
184 211
184 217
184 261
184 274
185 323
186 231
186 233
186 264
187 268
187 278
187 284
187 292
188 204
188 224
188 294
188 302
189 200
189 242
189 252
189 305
189 317
189 318
189 331
190 319
190 320
191 214
191 218
191 222
191 238
191 248
191 272
191 299
192 200
192 206
193 214
193 224
193 247
194 204
194 214
194 224
194 228
194 238
194 247
194 302
195 249
195 268
195 319
196 280
196 284
196 290
197 230
197 260
197 261
197 274
197 324
198 251
198 281
199 202
199 287
199 297
200 206
200 226
200 269
200 305
200 317
200 318
200 326
201 219
201 283
201 312
201 316
202 236
202 255
202 287
202 297
203 205
203 212
203 226
203 240
203 270
204 224
204 228
204 247
204 302
205 226
205 234
205 245
205 270
205 273
206 226
206 240
206 297
207 218
207 220
207 257
207 272
207 328
208 269
209 211
209 293
209 310
209 329
210 229
210 230
210 262
210 266
211 223
211 293
211 310
211 329
212 226
212 240
212 253
212 270
213 237
213 242
213 248
213 302
213 306
213 317
214 224
214 238
214 247
214 248
214 302
215 280
215 283
215 290
215 295
216 250
216 309
217 225
217 230
217 261
217 274
218 220
218 272
218 299
219 266
219 312
219 325
220 257
220 272
220 299
220 300
221 258
221 277
221 281
221 285
222 248
222 269
222 299
222 315
223 288
223 310
223 329
224 247
224 302
225 230
225 246
225 261
226 240
226 270
226 318
227 293
228 247
229 230
229 301
230 274
230 324
231 233
231 241
231 264
231 320
232 241
232 267
233 320
234 239
234 245
234 273
234 276
235 300
235 311
235 330
236 254
236 255
236 289
237 248
237 317
238 257
238 272
238 275
238 327
238 328
239 245
239 276
239 298
239 323
240 297
241 267
241 320
242 252
242 313
242 317
243 282
243 318
244 255
244 264
244 287
245 263
245 298
245 318
246 262
246 314
248 269
248 302
248 317
249 296
249 311
249 330
250 268
250 278
250 308
250 309
251 281
251 285
251 304
253 270
253 303
254 289
254 291
255 287
256 257
256 310
256 329
257 272
257 310
257 327
257 328
258 277
258 285
258 321
259 271
259 313
260 261
260 274
261 274
262 266
262 314
263 298
263 321
264 287
265 271
266 312
266 325
267 320
268 278
268 284
268 290
268 292
269 317
270 273
270 291
270 303
272 299
272 328
273 303
274 324
275 327
276 323
278 284
279 291
280 283
280 286
280 290
281 285
282 295
282 298
282 318
283 295
283 316
283 322
284 290
284 292
285 304
288 308
288 310
288 329
290 292
293 310
294 302
295 298
296 311
296 315
296 330
298 318
299 300
300 311
305 318
305 331
308 309
310 329
311 315
311 330
312 316
312 325
316 322
317 326
318 331
327 328
