1 2
2 2
3 2
5 2
6 2
9 2
11 1
12 1
14 2
17 2
18 1
20 2
23 1
24 2
25 2
26 2
28 2
31 2
32 2
34 2
37 1
38 2
39 2
40 2
44 1
45 2
47 1
48 2
59 1
61 2
62 2
65 2
71 1
72 2
75 2
76 2
81 2
82 2
85 1
87 1
88 2
91 2
93 2
95 2
96 2
97 2
99 2
100 2
101 2
102 2
103 2
104 2
108 2
110 2
112 2
116 2
118 2
121 2
122 2
123 2
125 1
126 2
127 2
128 2
130 2
131 2
133 2
135 2
138 1
147 2
153 2
154 2
156 2
162 2
166 2
167 2
168 1
169 2
173 2
174 2
175 1
176 2
177 2
178 2
183 2
184 2
187 1
189 2
190 2
192 1
193 2
196 1
201 2
205 2
206 1
207 1
208 2
211 1
212 2
213 2
214 2
215 2
221 1
222 2
223 2
224 1
226 2
227 2
229 2
230 2
232 1
233 2
235 1
236 2
237 2
239 2
240 2
241 2
243 1
248 2
249 2
250 2
251 2
253 2
255 2
256 2
257 2
259 2
261 2
262 2
263 2
265 2
266 2
268 2
269 2
270 2
271 2
273 2
275 2
276 1
277 2
278 2
281 1
282 2
283 1
284 2
287 2
288 1
289 2
290 2
293 2
296 2
300 2
301 2
303 2
305 1
306 2
307 2
310 2
312 1
313 1
314 1
316 1
319 2
320 2
321 2
322 2
323 1
325 2
326 1
327 1
330 2
334 2
336 2
343 2
345 1
348 2
349 2
350 2
352 2
355 2
356 2
358 2
363 2
367 2
372 2
373 1
376 1
379 2
381 1
382 2
386 2
388 2
389 2
390 2
391 1
394 2
395 2
397 1
400 2
401 2
402 2
404 2
406 2
408 2
411 2
412 2
413 2
417 1
419 2
423 1
427 2
430 2
432 1
435 2
436 2
437 2
439 1
440 2
444 1
445 2
446 2
447 2
450 2
453 1
457 2
461 1
462 2
463 2
464 2
466 2
467 2
468 2
469 2
471 2
473 2
475 2
476 2
478 2
480 2
481 2
483 2
487 2
489 2
490 2
493 1
494 2
495 2
496 2
497 2
499 2
501 2
504 1
510 2
512 1
513 2
515 1
519 1
521 1
522 2
523 2
524 2
525 2
528 2
531 2
532 1
535 2
536 2
537 2
538 2
539 2
540 2
544 1
545 1
546 2
552 2
558 2
560 2
563 2
564 2
567 2
571 1
572 2
573 2
577 2
578 2
584 2
585 2
588 1
589 1
590 2
596 2
597 2
601 2
602 2
604 2
606 2
607 2
608 2
612 2
615 2
619 2
624 2
626 2
627 1
629 2
631 1
633 1
634 2
636 2
638 2
643 1
645 1
649 1
652 2
653 2
654 2
655 2
657 1
660 2
663 2
665 1
668 1
669 2
670 2
674 2
678 2
679 2
680 2
681 1
684 2
685 2
686 2
688 2
689 1
691 2
694 2
695 1
700 2
703 1
704 2
706 2
707 2
709 2
711 2
712 2
713 1
714 1
718 2
719 2
720 2
721 2
724 2
726 2
727 2
733 2
735 2
737 2
738 2
740 2
741 2
742 2
744 2
747 2
749 2
750 2
751 2
752 2
754 2
755 2
760 1
762 1
764 1
765 2
766 2
767 2
771 2
772 2
773 2
774 1
775 2
778 2
780 2
781 1
782 2
783 1
784 2
785 2
786 2
790 1
791 2
793 1
794 2
795 2
798 2
800 2
801 1
803 2
804 2
805 2
806 1
807 2
808 2
809 2
811 2
813 2
816 2
817 1
820 2
821 2
823 1
825 2
826 2
833 2
836 2
840 2
841 2
844 2
845 2
846 2
847 1
848 2
849 2
852 2
853 2
854 2
856 2
858 2
860 2
861 1
862 2
864 2
867 2
869 2
871 2
873 2
875 2
876 2
877 2
880 2
882 1
883 2
885 1
886 2
887 2
895 2
896 2
897 1
900 2
901 2
903 2
905 1
907 2
911 1
914 2
915 2
916 2
919 2
922 2
926 1
927 1
930 1
932 2
933 2
934 2
935 2
938 2
939 2
941 2
943 2
944 2
945 1
947 1
949 2
953 1
956 1
957 2
958 2
959 2
961 2
965 2
967 2
968 2
969 1
970 2
972 2
974 2
975 2
976 1
977 1
980 2
982 2
983 2
985 2
986 2
988 2
989 1
990 2
992 2
993 1
995 2
998 2
999 1
1006 1
1008 2
1009 2
1011 1
1012 1
1016 2
1018 2
1019 1
1020 1
1021 1
1022 1
1024 1
1030 1
1031 2
1035 2
1037 1
1038 2
1039 2
1040 2
1042 2
1043 2
1045 1
1050 2
1051 2
1052 2
1054 2
1057 1
1058 1
1059 2
1060 2
1061 1
1068 1
1073 1
1075 2
1076 1
1077 2
1078 2
1080 2
1081 2
1082 2
1083 2
1084 2
1086 1
1088 2
1090 2
1095 2
1096 2
1097 2
1099 1
1102 2
1103 2
1104 2
1105 1
1108 2
1111 2
1113 2
1114 1
1119 2
1122 2
1123 2
1124 1
1126 2
1127 2
1129 2
1130 1
1131 2
1133 1
1134 2
1135 1
1138 2
1139 2
1140 2
1141 1
1142 2
1143 2
1144 1
1146 2
1147 2
1150 2
1152 2
1154 2
1156 2
1158 2
1159 2
1160 1
1161 2
1163 2
1165 1
1166 2
1167 2
1170 1
1173 2
1175 2
1176 2
1179 2
1180 2
1181 2
1184 2
1187 2
1188 2
1189 2
1190 2
1192 1
1193 1
1195 1
1196 2
1201 1
1203 2
1204 2
1205 2
1206 2
1209 1
1210 2
1211 1
1212 2
1221 1
1222 2
1223 1
1224 2
1229 1
1231 2
1232 2
1234 2
1235 2
1236 1
1239 1
1240 2
1241 2
1242 2
1244 2
1246 1
1249 2
1250 2
1252 2
1255 1
1256 2
1257 2
1258 2
1259 1
1260 2
1261 1
1262 2
1265 2
1270 1
1271 2
1273 2
1274 1
1275 1
1278 2
1279 2
1281 1
1282 2
1283 2
1285 2
1286 1
1287 2
1291 2
1292 2
1293 1
1296 1
1298 2
1300 2
1301 2
1302 2
1308 2
1311 2
1312 2
1314 2
1315 1
1316 2
1318 2
1319 1
1320 1
1322 1
1326 2
1329 2
1330 1
1331 1
1332 2
1333 2
1334 1
1335 1
1336 1
1338 1
1339 2
1341 2
1343 2
1344 2
1347 1
1349 2
1352 2
1353 2
1356 2
1357 2
1358 1
1359 2
1360 2
1361 2
1363 1
1364 2
1365 1
1368 1
1369 1
1370 1
1373 1
1375 2
1377 2
1379 1
1381 1
1384 2
1387 2
1388 2
1389 1
1390 2
1391 2
1392 2
1394 2
1397 2
1398 2
1399 2
1400 1
1402 1
1404 1
1405 1
1406 1
1409 2
1411 2
1412 1
1413 2
1415 1
1419 2
1421 2
1423 1
1425 2
1427 2
1429 2
1430 2
1433 2
1434 2
1436 2
1438 1
1442 2
1444 2
1445 2
1447 2
1448 2
1449 1
1451 2
1453 2
1454 2
1455 2
1456 1
1459 2
1460 2
1461 2
1463 2
1464 1
1466 1
1467 1
1468 2
1475 2
1476 2
1477 2
1478 2
1480 1
1484 2
1486 1
1487 2
1491 2
1492 1
1494 2
1495 1
1496 1
1497 2
1498 1
1500 1
1501 2
1504 2
1505 2
1506 2
1510 2
1511 1
1512 1
1514 2
1515 2
1516 2
1519 1
1520 2
1521 2
1522 1
1523 1
1524 2
1526 2
1527 2
1528 2
1529 2
1531 2
1532 2
1535 1
1539 2
1540 2
1542 2
1543 1
1547 2
1548 2
1549 1
1551 1
1552 2
1554 2
1556 2
1558 2
1560 1
1566 1
1572 2
1573 1
1576 2
1578 2
1579 1
1580 1
1582 2
1584 1
1586 2
1587 2
1589 1
1591 2
1592 2
1594 2
1596 2
1599 2
1600 2
1602 2
1607 1
1610 1
1616 2
1618 2
1625 2
1626 2
1627 2
1628 1
1629 2
1631 2
1633 1
1634 2
1635 2
1637 2
1639 2
1640 2
1642 2
1644 2
1646 1
1647 2
1648 1
1651 2
1654 1
1655 1
1656 2
1657 2
1658 1
1659 2
1660 2
1663 1
1665 1
1668 1
1669 1
1670 2
1671 2
1674 2
1678 2
1679 1
1680 1
1681 1
1683 2
1687 2
1688 1
1690 2
1692 2
1695 1
1698 1
1701 2
1702 1
1703 2
1704 2
1705 2
1707 2
1708 1
1710 2
1715 2
1716 1
1717 2
1719 2
1721 2
1723 2
1726 2
1729 2
1731 1
1732 2
1733 2
1734 1
1736 1
1739 2
1740 2
1741 2
1742 2
1746 2
1747 2
1748 2
1749 1
1750 1
1752 2
1753 2
1754 2
1756 1
1759 2
1760 2
1761 1
1763 1
1765 2
1766 2
1767 2
1771 2
1772 2
1774 2
1775 1
1777 2
1779 2
1782 2
1784 2
1785 2
1787 2
1789 1
1790 1
1791 1
1793 1
1794 2
1795 2
1798 2
1804 1
1805 1
1808 2
1809 1
1810 1
1812 2
1814 2
1817 1
1818 1
1819 2
1821 2
1822 2
1825 2
1827 2
1829 2
1830 1
1831 2
1832 2
1835 1
1836 1
1838 1
1839 1
1840 2
1843 1
1845 1
1848 1
1850 1
1851 2
1852 2
1853 2
1857 1
1861 2
1865 2
1866 2
1868 1
1870 1
1871 2
1875 1
1877 1
1879 2
1880 2
1881 2
1882 2
1883 2
1884 1
1887 1
1889 2
1890 2
1891 1
1892 2
1894 1
1896 2
1902 2
1905 2
1906 2
1910 2
1914 2
1915 1
1917 2
1918 1
1919 2
1920 2
1921 2
1924 2
1925 1
1926 2
1927 2
1928 2
1929 2
1931 2
1933 2
1934 2
1937 2
1940 2
1941 2
1943 2
1944 2
1946 2
1953 1
1954 2
1955 2
1956 2
1958 1
1961 2
1962 2
1964 1
1966 1
1967 2
1969 1
1978 1
1979 1
1981 2
1982 2
1983 2
1984 2
1987 2
1988 2
1990 2
1991 1
1993 1
1994 2
1995 2
1996 2
1997 1
2000 2
2001 2
2002 2
2004 2
2005 1
2011 1
2012 1
2016 2
2020 2
2021 2
2022 2
2024 2
2027 2
2030 2
2031 1
2032 2
2033 1
2034 2
2036 2
2037 2
2038 2
2042 2
2046 2
2047 2
2048 2
2050 2
2051 2
2052 2
2055 2
2056 2
2057 2
2062 1
2066 2
2068 2
2069 1
2070 2
2071 2
2072 2
2073 2
2075 2
2076 2
2077 1
2079 2
2081 2
2082 2
2083 2
2084 1
2085 2
2086 2
2087 1
2088 2
2091 1
2092 1
2093 1
2095 2
2096 2
2106 2
2107 2
2110 1
2111 2
2114 2
2115 2
2118 2
2120 2
2121 2
2123 2
2126 2
2127 2
2130 2
2133 1
2134 1
2135 2
2136 2
2137 2
2141 2
2142 2
2144 2
2147 1
2152 2
2153 2
2154 1
2155 2
2157 2
2159 2
2161 2
2163 2
2164 2
2165 2
2166 2
2168 2
2169 2
2170 2
2173 1
2174 2
2176 2
2179 2
2184 1
2186 1
2189 1
2191 2
2192 1
2193 2
2195 2
2196 2
2198 2
2199 1
2202 1
2205 2
2208 2
2209 2
2210 2
2211 1
2212 2
2214 2
2216 2
2219 2
2221 2
2225 2
2226 1
2227 1
2228 2
2229 2
2230 1
2235 1
2236 1
2237 2
2240 2
2241 2
2243 2
2245 1
2247 2
2248 2
2249 2
2252 2
2255 2
2258 1
2259 1
2261 2
2264 2
2265 2
2266 2
2267 2
2268 2
2269 2
2271 1
2272 2
2275 1
2277 2
2278 2
2280 1
2283 2
2284 2
2285 1
2289 2
2290 2
2294 1
2296 2
2299 2
2301 2
2304 2
2305 2
2307 2
2308 1
2310 2
2312 2
2313 2
2314 2
2316 2
2321 1
2323 2
2324 2
2326 2
2327 2
2329 2
2333 2
2334 2
2335 2
2337 2
2338 2
2340 1
2341 2
2342 1
2343 2
2348 1
2350 1
2351 1
2352 1
2353 2
2354 2
2355 2
2359 2
2360 2
2361 2
2363 2
2364 1
2366 2
2367 2
2372 2
2374 2
2378 1
2380 1
2382 2
2385 1
2386 2
2387 2
2388 1
2389 2
2391 2
2395 2
2396 2
2398 2
2402 2
2405 2
2406 2
2409 1
2410 2
2411 2
2413 2
2415 2
2416 2
2417 2
2418 1
2419 1
2423 2
2424 2
2425 1
2426 2
2428 2
2429 2
2431 1
2432 2
2437 1
2438 2
2439 2
2440 2
2441 2
2444 1
2445 2
2451 1
2455 2
2459 2
2461 1
2467 2
2468 1
2469 1
2470 1
2471 2
2472 2
2474 2
2475 2
2476 2
2477 1
2478 2
2480 2
2481 1
2484 2
2488 2
2489 2
2490 2
2491 1
2493 2
2494 1
2495 2
2497 1
2499 2
2500 1
2501 2
2502 1
2503 1
2505 2
2506 2
2507 2
2508 2
2509 2
2510 2
2511 2
2513 2
2517 2
2518 2
2522 1
2523 2
2524 2
2526 2
2529 2
2534 2
2535 2
2536 1
2538 2
2540 2
2542 2
2543 2
2544 2
2545 2
2546 2
2548 2
2549 2
2552 2
2557 2
2560 2
2562 2
2563 2
2564 2
2566 2
2568 1
2569 2
2570 1
2573 1
2575 2
2578 1
2581 2
2582 1
2584 2
2587 1
2589 2
2591 1
2592 2
2594 1
2595 2
2596 2
2597 1
2600 1
2603 2
2604 1
2605 2
2609 2
2617 2
2618 1
2619 2
2621 2
2622 1
2623 2
2625 2
2627 1
2629 2
2630 2
2631 1
2632 2
2633 2
2635 1
2637 2
2638 1
2639 2
2640 2
2641 2
2642 1
2646 2
2647 2
2648 1
2650 2
2651 1
2654 2
2660 2
2661 2
2664 2
2665 2
2667 2
2668 2
2670 2
2671 2
2672 2
2673 2
2676 2
2677 2
2678 2
2680 2
2687 2
2688 2
2690 1
2693 2
2694 2
2695 2
2698 2
2701 1
2706 1
2709 1
2710 2
2712 2
2713 2
2716 1
2719 2
2720 2
2721 2
2724 2
2726 2
2731 1
2732 2
2735 2
2736 2
2737 2
2738 2
2739 2
2740 2
2741 2
2742 1
2744 2
2745 2
2746 1
2750 2
2751 1
2752 1
2755 2
2759 2
2761 2
2762 2
2763 1
2764 2
2765 2
2767 2
2773 1
2775 2
2777 2
2784 2
2787 2
2788 2
2789 2
2793 2
2796 2
2798 1
2803 2
2804 1
2806 2
2808 2
2809 2
2810 1
2811 2
2812 1
2813 2
2814 2
2815 2
2818 2
2819 2
2820 1
2823 2
2824 2
2826 2
2830 1
2831 1
2835 2
2836 1
2837 2
2838 1
2839 1
2840 2
2841 2
2842 1
2844 2
2845 2
2846 2
2848 2
2850 2
2851 2
2853 2
2856 2
2857 2
2859 2
2863 2
2866 1
2871 2
2872 1
2873 2
2874 2
2876 2
2877 1
2878 2
2884 1
2885 2
2887 2
2891 2
2893 1
2894 1
2895 1
2897 1
2899 2
2901 2
2902 1
2903 2
2904 2
2906 2
2913 1
2915 2
2917 1
2922 2
2923 1
2924 2
2925 2
2926 2
2932 2
2933 2
2935 2
2940 1
2941 2
2943 2
2944 2
2946 1
2947 2
2949 2
2950 2
2952 2
2955 1
2959 2
2960 2
2961 2
2962 2
2963 2
2964 2
2967 2
2969 2
2971 1
2972 2
2973 2
2974 1
2977 2
2980 2
2981 1
2982 2
2986 1
2990 2
2992 2
2997 2
2998 2
2999 2
3000 2
3002 2
3004 1
3006 2
3010 2
3012 1
3013 2
3014 1
3016 1
3017 2
3019 2
3020 2
3021 2
3022 2
3023 2
3024 1
3025 2
3026 2
3029 1
3030 2
3031 2
3032 2
3033 1
3034 2
3035 2
3036 2
3037 1
3039 2
3040 2
3041 1
3043 2
3044 2
3045 2
3047 1
3049 1
3050 2
3051 1
3052 1
3053 1
3055 2
3057 2
3058 2
3060 1
3062 2
3063 2
3066 2
3067 2
3068 2
3072 2
3073 1
3076 2
3079 2
3080 2
3082 2
3083 1
3085 2
3088 1
3089 2
3090 1
3093 2
3095 1
3096 1
3097 2
3098 2
3099 1
3100 2
3101 1
3103 2
3104 1
3106 1
3108 2
3109 2
3110 2
3111 1
3113 2
3114 2
3115 2
3119 2
3121 2
3124 2
3126 1
3127 2
3129 2
3132 2
3133 2
3134 1
3137 2
3139 1
3140 2
3145 2
3146 1
3147 2
3148 2
3149 2
3153 2
3155 1
3156 1
3158 1
3159 2
3160 2
3161 2
3162 2
3166 2
3169 2
3172 2
3173 2
3174 2
3178 2
3179 2
3184 1
3187 2
3190 2
3191 1
3193 2
3194 1
3195 1
3196 1
3197 2
3198 2
3202 2
3204 2
3208 2
3209 2
3210 1
3212 2
3215 1
3216 1
3218 2
3220 1
3221 1
3225 2
3226 1
3229 2
3232 2
3233 2
3237 2
3240 1
3244 1
3245 2
3251 2
3252 2
3253 1
3254 2
3255 2
3259 1
3260 2
3261 1
3262 2
3266 2
3268 2
3269 2
3270 2
3271 1
3272 2
3273 2
3275 2
3280 2
3282 2
3283 2
3284 1
3285 2
3286 2
3287 2
3290 1
3291 1
3292 2
3293 1
3295 1
3297 2
3298 2
3300 1
3303 2
3305 2
3306 2
3307 2
3308 2
3309 2
3310 1
3311 2
3312 2
3316 1
3317 1
3318 2
3319 1
3320 2
3322 2
3324 2
3325 2
3326 2
3327 2
3329 1
3331 2
3334 2
3336 1
3339 2
3340 2
3342 2
3346 2
3347 2
3350 2
3351 2
3352 2
3353 2
3354 2
3355 2
3356 1
3359 1
3360 2
3361 1
3363 2
3366 2
3367 2
3369 2
3370 2
3371 1
3373 2
3375 2
3376 1
3378 1
3379 1
3380 1
3381 1
3384 2
3385 1
3388 1
3389 1
3390 1
3393 1
3395 1
3397 1
3398 2
3401 2
3402 1
3403 1
3404 1
3405 2
3407 2
3410 2
3414 2
3416 2
3417 2
3418 1
3419 1
3420 2
3422 1
3425 2
3426 2
3432 2
3433 2
3434 2
3435 2
3437 2
3438 1
3439 2
3441 2
3444 2
3446 2
3453 2
3454 2
3458 2
3459 2
3460 1
3462 2
3464 2
3466 2
3469 1
3470 2
3471 1
3475 1
3477 2
3478 2
3479 2
3481 2
3482 2
3484 2
3485 2
3486 1
3487 2
3488 2
3493 2
3496 2
3499 2
3503 2
3504 2
3505 1
3506 1
3512 2
3513 1
3514 2
3515 2
3516 2
3519 2
3521 2
3522 1
3523 1
3525 2
3526 2
3527 1
3530 1
3531 1
3532 1
3534 2
3536 2
3539 1
3541 2
3542 2
3543 2
3546 1
3547 2
3551 2
3552 2
3553 2
3556 2
3557 1
3559 2
3560 2
3561 2
3563 2
3565 2
3569 2
3570 2
3571 2
3572 2
3573 2
3575 1
3579 2
3582 2
3584 2
3587 1
3588 2
3589 1
3593 2
3597 2
3599 2
3601 1
3604 2
3607 2
3610 2
3612 2
3614 2
3617 1
3619 2
3622 2
3623 2
3624 2
3625 1
3626 1
3627 2
3628 2
3630 1
3632 2
3633 2
3634 1
3635 2
3636 2
3637 2
3638 1
3639 2
3641 2
3642 1
3643 2
3646 2
3647 1
3649 1
3650 1
3652 2
3653 2
3654 2
3657 2
3660 2
3661 1
3662 2
3663 2
3664 2
3667 2
3668 1
3669 2
3671 2
3674 2
3675 2
3676 2
3677 1
3679 2
3680 2
3682 2
3683 1
3684 2
3685 2
3686 1
3687 1
3691 2
3695 2
3696 2
3697 2
3701 2
3705 2
3707 2
3710 1
3712 2
3713 2
3717 2
3721 1
3722 2
3723 1
3725 2
3726 1
3727 2
3728 1
3729 2
3731 2
3735 1
3737 2
3740 2
3742 2
3743 2
3744 2
3746 2
3747 2
3749 2
3750 2
3751 2
3752 2
3754 2
3758 1
3759 1
3760 2
3762 2
3763 2
3764 2
3765 1
3769 2
3770 2
3771 1
3774 2
3775 2
3777 2
3778 2
3785 2
3786 2
3787 1
3788 2
3792 2
3794 2
3796 2
3797 2
3798 1
3799 1
3800 1
3801 2
3802 1
3805 2
3806 2
3808 2
3810 1
3812 2
3815 2
3816 2
3818 1
3820 2
3824 2
3826 1
3828 2
3829 2
3830 1
3833 1
3836 2
3838 2
3839 1
3841 2
3843 2
3844 2
3845 2
3847 2
3848 2
3851 2
3853 2
3854 2
3861 2
3864 2
3867 1
3869 2
3870 2
3873 2
3874 2
3875 2
3876 2
3878 1
3879 1
3881 2
3882 1
3885 2
3886 2
3890 2
3892 2
3895 2
3897 2
3898 1
3899 2
3900 1
3901 2
3904 2
3905 2
3907 2
3914 1
3915 2
3917 2
3918 2
3921 1
3922 2
3925 2
3928 2
3931 2
3933 2
3935 2
3937 2
3938 2
3939 2
3940 2
3944 2
3945 2
3952 2
3953 2
3956 1
3958 2
3959 2
3960 1
3961 2
3967 2
3969 1
3970 2
3974 2
3975 2
3976 2
3977 2
3978 2
3981 2
3987 2
3988 2
3990 2
3992 1
3993 2
3995 2
3998 2
3999 2
4002 2
4003 2
4004 1
4006 1
4007 1
4008 2
4010 1
4011 1
4012 2
4014 2
4015 2
4016 1
4019 2
4020 1
4026 2
4029 2
4030 1
4031 1
4032 2
4034 1
4036 2
4038 2
4039 2
4040 2
4041 2
4043 1
4044 1
4046 2
4047 2
4048 2
4049 2
4050 2
4056 1
4057 1
4058 2
4059 2
4060 2
4061 2
4062 2
4067 2
4068 2
4069 1
4072 2
4073 2
4076 2
4078 1
4079 2
4080 2
4083 2
4085 1
4087 1
4091 2
4095 2
4096 1
4097 2
4098 2
4099 1
4100 1
4101 2
4102 2
4103 2
4106 2
4108 1
4110 2
4111 2
4112 2
4119 2
4121 2
4122 2
4123 1
4124 1
4127 2
4128 2
4131 1
4132 2
4134 2
4135 1
4136 2
4137 1
4138 2
4139 1
4140 2
4143 2
4145 2
4146 2
4147 2
4150 1
4152 1
4154 2
4160 2
4163 2
4164 2
4166 2
4167 2
4168 2
4169 2
4170 2
4173 2
4175 2
4178 2
4179 1
4180 1
4182 2
4183 2
4184 1
4185 1
4186 2
4187 2
4189 2
4194 2
4195 2
4199 2
4200 2
4201 1
4202 1
4203 2
4204 1
4207 2
4208 2
4209 2
4210 2
4211 1
4212 2
4213 2
4216 2
4218 2
4219 2
4220 2
4221 2
4233 1
4234 2
4235 2
4236 2
4237 2
4238 2
4240 1
4241 1
4244 2
4246 1
4247 2
4249 1
4252 2
4253 1
4257 2
4258 2
4264 2
4265 2
4266 2
4270 2
4273 1
4274 2
4275 1
4276 2
4277 1
4278 2
4280 2
4281 2
4283 2
4284 2
4286 1
4287 2
4288 1
4291 2
4294 2
4295 2
4296 2
4297 1
4298 2
4300 2
4301 2
4304 2
4305 2
4306 1
4308 1
4310 2
4311 2
4317 2
4318 2
4319 2
4321 1
4322 2
4323 2
4324 1
4326 1
4328 2
4330 1
4332 1
4335 2
4336 2
4338 2
4339 2
4341 1
4344 1
4346 2
4347 1
4350 2
4352 1
4356 2
4359 2
4364 1
4365 2
4367 2
4369 1
4370 2
4371 2
4372 2
4374 1
4378 2
4379 1
4380 2
4381 2
4383 1
4386 2
4388 2
4391 1
4392 2
4393 2
4394 2
4395 1
4396 2
4397 1
4398 2
4401 2
4402 1
4407 1
4408 1
4409 2
4410 2
4411 2
4412 2
4413 2
4415 2
4417 1
4418 1
4419 2
4421 2
4422 2
4429 2
4431 2
4432 2
4433 2
4434 2
4437 1
4438 2
4439 2
4442 2
4444 2
4446 1
4447 2
4448 2
4449 1
4450 2
4453 1
4454 2
4455 1
4457 2
4458 2
4459 2
4464 2
4469 2
4471 2
4472 1
4475 1
4477 2
4478 2
4479 2
4481 2
4482 2
4483 2
4486 2
4488 2
4489 2
4491 1
4492 2
4493 1
4496 2
4497 2
4499 2
4500 2
4502 2
4504 2
4505 2
4506 2
4509 2
4513 2
4514 2
4515 2
4516 2
4517 2
4523 1
4525 1
4526 2
4527 2
4529 2
4530 2
4531 2
4533 2
4535 2
4536 1
4537 1
4538 2
4540 1
4543 1
4544 1
4545 2
4546 2
4548 2
4549 1
4550 1
4551 2
4554 2
4556 1
4557 1
4559 2
4561 2
4563 2
4564 1
4566 2
4568 2
4569 2
4570 1
4572 2
4573 2
4578 2
4581 1
4582 2
4584 1
4586 2
4587 2
4588 2
4589 1
4590 2
4592 2
4593 2
4594 2
4597 2
4600 2
4603 2
4605 2
4607 2
4609 2
4610 1
4611 1
4612 1
4613 2
4614 1
4616 2
4617 2
4618 2
4621 2
4622 2
4624 2
4627 2
4628 2
4631 2
4633 1
4634 2
4635 2
4638 2
4639 2
4640 1
4643 2
4644 1
4647 2
4648 1
4649 1
4650 2
4651 1
4652 1
4657 2
4658 1
4659 2
4663 1
4664 2
4665 2
4669 1
4671 2
4672 2
4673 2
4674 2
4676 2
4677 1
4678 1
4679 2
4682 1
4684 2
4685 2
4687 2
4688 1
4689 2
4691 2
4692 2
4694 1
4695 1
4696 2
4699 2
4700 2
4702 2
4703 2
4708 1
4709 1
4710 1
4711 1
4712 1
4713 2
4714 1
4715 1
4716 2
4720 2
4721 2
4722 1
4724 2
4725 2
4730 1
4731 2
4735 2
4736 1
4737 2
4738 2
4740 2
4741 1
4743 2
4745 1
4746 2
4749 1
4750 1
4757 2
4758 2
4759 2
4761 1
4765 2
4767 2
4769 2
4770 1
4782 2
4784 2
4785 2
4787 1
4789 2
4790 2
4791 2
4796 2
4797 2
4798 2
4801 2
4803 1
4806 1
4809 2
4810 1
4811 2
4812 2
4813 2
4814 2
4815 2
4817 1
4822 2
4824 1
4827 1
4828 1
4830 2
4831 2
4832 2
4833 2
4834 2
4835 2
4836 2
4837 1
4839 2
4840 2
4844 2
4847 2
4848 2
4849 2
4852 2
4853 2
4854 2
4855 2
4856 2
4857 2
4859 2
4861 1
4862 2
4864 2
4865 1
4873 1
4874 2
4875 1
4876 1
4877 2
4878 2
4879 1
4880 2
4883 2
4884 2
4885 2
4886 2
4887 2
4889 1
4891 2
4894 1
4897 2
4898 2
4903 2
4904 1
4905 1
4906 2
4907 2
4908 2
4918 2
4919 2
4920 2
4923 2
4925 2
4926 1
4927 1
4929 2
4933 2
4935 1
4937 2
4938 2
4941 2
4942 2
4943 2
4945 2
4947 1
4949 2
4950 2
4953 1
4954 2
4955 1
4956 1
4957 2
4958 2
4959 1
4960 2
4964 2
4966 1
4968 1
4973 1
4974 1
4975 1
4976 2
4979 2
4982 2
4985 2
4986 2
4988 2
4989 2
4991 1
4993 2
4998 1
4999 2
5001 2
5007 2
5008 2
5010 2
5011 2
5012 1
5014 2
5016 2
5017 1
5019 2
5021 2
5022 2
5023 2
5027 2
5030 2
5034 2
5035 2
5037 2
5039 2
5040 2
5041 2
5042 1
5043 2
5044 2
5045 2
5047 1
5049 1
5050 1
5056 1
5061 1
5062 2
5063 2
5065 2
5067 1
5068 2
5069 2
5070 2
5073 1
5074 2
5077 2
5079 2
5080 1
5082 2
5085 1
5087 2
5089 1
5092 2
5093 2
5095 2
5096 1
5097 1
5098 2
5099 2
5100 2
5103 1
5104 1
5105 2
5106 2
5107 2
5109 2
5111 2
5113 2
5120 1
5122 1
5123 2
5125 2
5128 2
5129 2
5130 2
5134 2
5137 2
5138 1
5140 1
5141 2
5145 2
5147 2
5148 2
5151 2
5152 2
5154 2
5156 2
5157 2
5158 2
5159 2
5161 1
5162 2
5164 1
5168 2
5169 2
5170 2
5175 2
5177 1
5180 2
5181 2
5182 2
5183 2
5184 2
5185 2
5189 2
5190 2
5191 2
5193 2
5194 2
5199 2
5200 1
5201 1
5203 2
5206 1
5207 2
5208 1
5210 2
5212 1
5214 2
5215 2
5217 2
5219 1
5220 2
5222 2
5225 1
5226 2
5234 1
5235 2
5236 1
5237 2
5238 2
5239 1
5243 1
5244 2
5245 1
5246 1
5247 2
5248 1
5249 2
5252 2
5253 1
5255 2
5260 1
5263 2
5269 2
5272 2
5275 2
5277 2
5281 2
5282 1
5285 2
5288 1
5290 1
5291 1
5293 2
5295 1
5296 1
5297 1
5299 2
5300 2
5303 2
5304 1
5305 2
5308 2
5309 2
5310 2
5313 2
5314 2
5316 2
5317 2
5319 2
5322 2
5323 2
5328 2
5331 2
5332 2
5335 2
5336 2
5339 2
5340 1
5341 2
5343 2
5344 2
5346 1
5347 2
5348 1
5350 2
5351 2
5352 2
5353 2
5354 1
5357 1
5358 1
5364 2
5365 2
5366 2
5367 1
5368 1
5369 2
5371 2
5373 2
5376 2
5377 2
5378 1
5380 1
5381 2
5382 2
5383 1
5384 2
5385 2
5386 1
5387 2
5388 2
5391 2
5392 2
5395 2
5397 2
5399 2
5402 2
5404 1
5406 2
5407 2
5408 2
5410 2
5411 2
5413 2
5415 2
5416 1
5417 2
5418 2
5419 2
5420 2
5424 2
5426 2
5427 2
5428 2
5429 2
5431 1
5433 2
5434 2
5436 2
5437 2
5438 2
5440 2
5441 1
5445 2
5446 2
5449 2
5450 2
5451 1
5456 1
5457 2
5463 1
5464 2
5469 1
5470 1
5471 2
5472 1
5473 1
5474 2
5475 2
5478 2
5481 2
5483 1
5484 2
5485 2
5487 2
5488 2
5490 1
5491 1
5494 1
5495 1
5496 2
5497 2
5499 2
5501 2
5503 1
5504 2
5505 2
5506 1
5508 1
5509 2
5510 2
5512 2
5514 2
5515 2
5516 2
5521 2
5522 2
5523 2
5524 2
5525 2
5527 2
5528 2
5529 2
5530 2
5533 1
5535 2
5537 2
5538 1
5539 2
5541 2
5542 2
5543 1
5545 1
5546 1
5548 2
5549 2
5551 2
5552 1
5553 2
5554 1
5555 2
5557 1
5559 2
5563 2
5564 2
5566 2
5569 2
5571 1
5574 2
5576 2
5577 2
5578 2
5581 2
5582 1
5587 1
5590 2
5591 2
5593 2
5594 1
5595 2
5597 2
5598 2
5600 1
5601 2
5602 2
5606 2
5607 2
5609 2
5610 1
5617 2
5619 2
5622 2
5623 1
5625 2
5626 1
5630 2
5631 2
5635 2
5639 2
5640 1
5641 2
5643 2
5644 2
5646 1
5649 2
5650 2
5651 2
5652 2
5654 2
5659 2
5662 2
5664 2
5666 2
5670 2
5671 2
5673 2
5675 2
5676 2
5679 2
5681 2
5682 1
5683 2
5685 1
5690 2
5691 2
5693 2
5694 2
5696 1
5699 1
5701 2
5704 1
5705 1
5708 2
5709 1
5711 2
5715 2
5716 1
