0 2
2 2
4 2
6 2
8 1
11 2
13 1
16 1
18 2
19 1
20 1
21 2
23 2
24 1
27 1
30 2
31 2
34 1
36 2
40 2
41 1
45 1
46 2
47 2
48 2
49 2
51 2
52 2
53 1
54 1
56 2
61 2
63 2
64 2
66 1
72 1
74 2
75 2
76 2
77 2
78 2
81 1
82 1
83 1
86 2
87 2
89 2
91 2
93 2
95 2
97 2
99 2
101 2
104 2
105 1
108 2
109 2
112 2
113 2
114 1
115 1
117 1
118 2
120 1
121 1
123 2
124 2
126 2
127 2
130 2
131 1
132 2
135 2
139 1
144 1
147 1
149 1
150 2
151 1
152 2
153 2
155 2
157 1
158 1
159 2
165 2
166 2
169 1
170 1
173 2
174 1
182 1
185 2
189 1
190 2
191 2
193 2
194 2
195 2
196 1
198 2
199 2
200 2
201 2
202 2
205 1
209 1
210 2
211 2
212 2
215 2
216 1
218 2
220 1
225 2
226 2
227 2
228 2
231 1
232 1
234 1
235 2
239 1
242 2
248 2
249 1
255 2
263 2
265 1
267 1
269 1
271 2
275 1
276 1
278 1
280 2
283 1
286 2
287 1
289 1
294 2
295 2
296 1
297 2
298 2
299 2
303 2
304 2
307 1
311 2
313 2
314 1
317 1
323 2
324 2
325 1
326 2
327 1
328 2
329 2
331 1
333 1
335 2
336 1
339 1
340 1
341 1
342 2
343 2
344 2
346 2
348 1
349 1
353 2
354 1
355 2
357 2
360 1
362 2
365 1
366 2
368 1
373 1
374 2
375 2
376 1
377 1
378 2
379 2
380 2
381 2
383 2
384 1
385 2
386 2
388 1
389 1
390 1
394 2
396 1
397 2
398 1
399 2
400 2
401 1
407 2
408 1
411 2
412 2
413 2
417 1
424 2
426 1
429 2
430 2
432 2
433 2
435 2
440 2
441 2
444 2
451 1
452 1
455 2
456 2
457 2
464 2
465 1
472 1
474 2
475 1
477 1
478 1
479 2
485 1
486 1
491 1
492 1
493 1
495 1
496 1
497 2
500 2
504 1
507 1
508 2
511 2
513 1
517 2
522 1
524 2
529 2
533 1
534 1
537 1
541 2
547 2
550 2
552 1
553 1
555 1
559 2
560 1
561 1
564 1
569 1
571 1
573 2
575 2
576 2
577 1
581 1
582 2
585 1
588 1
589 1
591 2
592 1
593 2
594 1
596 2
597 1
602 1
608 2
609 2
612 1
614 1
615 1
616 1
618 1
619 2
620 2
624 2
627 2
630 1
633 1
634 2
636 2
641 1
642 1
644 2
646 2
650 1
651 2
653 1
655 2
657 1
663 1
665 2
666 1
667 2
668 1
669 1
673 1
674 2
676 2
677 2
678 1
679 2
681 1
685 1
687 2
688 1
690 2
691 1
694 1
699 2
700 1
703 2
705 2
707 1
708 2
709 2
711 1
714 1
715 2
716 1
717 1
719 1
721 1
723 2
729 2
730 2
731 1
733 2
734 1
735 1
736 2
737 1
739 2
741 2
742 2
746 2
748 1
750 2
751 1
752 2
754 1
759 2
760 1
762 2
763 2
766 2
768 1
769 1
770 2
772 1
774 2
777 2
778 2
779 2
780 1
781 2
783 2
784 1
787 2
790 1
794 1
796 1
799 1
800 2
801 2
802 2
803 2
804 2
805 2
807 2
809 1
810 1
812 2
813 2
816 2
818 1
822 1
823 2
824 1
827 2
831 2
833 1
837 2
838 2
840 1
841 2
842 2
843 1
846 2
848 2
849 1
850 2
851 1
854 1
857 2
858 1
859 2
861 1
863 1
864 2
865 2
867 1
868 2
869 1
871 2
872 2
877 1
879 2
881 1
882 2
885 2
889 2
890 2
892 2
895 1
896 1
900 1
902 1
906 2
910 1
913 1
915 1
917 2
919 2
920 2
921 2
922 2
923 2
924 2
926 1
928 1
929 1
935 2
936 1
939 2
940 2
943 1
944 2
945 1
947 2
949 2
951 1
953 1
954 1
955 1
957 2
959 1
960 2
964 2
965 2
966 2
967 2
968 2
970 1
972 2
973 2
978 2
979 2
980 1
981 2
985 1
987 2
988 1
989 1
990 2
993 1
996 2
998 2
999 1
1003 2
1004 1
1007 2
1010 2
1013 2
1017 2
1020 1
1021 2
1022 1
1025 1
1027 2
1029 2
1031 1
1033 2
1034 2
1035 2
1036 2
1037 1
1039 2
1041 1
1042 2
1043 2
1045 2
1049 2
1051 2
1052 1
1053 2
1056 1
1060 2
1064 1
1069 1
1072 1
1074 2
1077 2
1078 1
1080 2
1085 1
1086 1
1087 1
1088 1
1090 1
1091 1
1092 1
1096 2
1103 2
1104 2
1105 2
1106 2
1107 1
1110 1
