0 205
0 263
0 415
0 610
0 653
0 706
0 735
0 879
1 1044
1 1062
1 304
1 490
1 590
1 69
1 93
2 1074
2 1086
2 151
2 224
2 372
2 500
2 673
2 953
2 994
3 1081
3 312
3 398
3 532
3 702
3 858
4 298
4 575
4 647
4 711
4 732
4 767
4 78
4 795
4 837
4 843
5 1055
5 1083
5 148
5 38
5 425
5 543
5 870
6 378
6 386
6 431
6 449
6 676
6 818
6 882
6 924
6 961
6 969
7 1089
7 223
7 268
7 316
7 465
7 596
7 600
7 637
7 660
7 785
7 825
7 982
8 1086
8 339
8 340
8 626
8 674
8 824
8 994
9 103
9 1065
9 1082
9 1089
9 256
9 352
9 363
9 744
9 775
9 830
9 930
10 1003
10 250
10 387
10 542
10 625
10 656
10 717
10 771
10 963
10 975
11 168
11 229
11 286
11 333
11 619
11 800
11 814
11 895
11 944
12 1073
12 22
12 35
12 659
12 971
12 98
13 115
13 280
13 346
13 511
13 652
13 690
13 80
13 970
14 195
14 21
14 418
14 460
14 689
14 709
14 788
14 806
14 861
14 904
14 919
15 1015
15 117
15 184
15 320
15 360
15 472
15 477
15 687
15 690
15 704
15 872
16 101
16 220
16 260
16 396
16 505
16 838
16 846
16 978
17 1059
17 108
17 183
17 244
17 245
17 328
17 481
17 648
17 946
18 104
18 1064
18 389
18 624
18 686
18 73
18 754
18 898
19 1041
19 228
19 448
19 496
19 619
19 742
19 800
19 821
20 141
20 211
20 368
20 471
20 520
20 833
20 866
20 867
21 147
21 189
21 195
21 460
21 711
21 732
21 770
21 806
21 843
21 861
21 919
21 987
22 1014
22 266
22 568
22 659
22 693
22 712
22 905
22 971
23 407
23 426
23 455
23 528
23 685
23 707
23 726
23 791
23 801
24 103
24 223
24 273
24 327
24 36
24 381
24 63
24 830
25 110
25 143
25 358
25 521
26 1069
26 156
26 267
26 271
26 386
26 449
26 450
26 494
26 539
26 961
27 1045
27 222
27 311
27 667
27 724
27 857
27 954
27 985
28 226
28 283
28 445
28 446
28 474
28 54
28 559
28 639
28 721
28 723
28 745
28 752
28 839
28 845
28 984
29 104
29 1043
29 1095
29 1102
29 149
29 428
29 73
29 898
30 126
30 236
30 257
30 338
30 376
30 43
30 44
30 527
30 571
30 921
31 1025
31 131
31 132
31 228
31 448
31 496
31 594
31 71
31 888
31 933
32 1005
32 146
32 251
32 277
32 299
32 348
32 466
32 48
32 529
32 533
32 79
32 859
33 194
33 323
33 436
33 509
33 745
33 845
33 883
33 907
33 988
34 1107
34 113
34 187
34 489
34 715
34 955
34 99
35 1073
35 392
35 518
35 894
35 925
35 934
35 971
35 98
36 1046
36 223
36 316
36 381
36 465
36 600
36 830
36 849
37 1098
37 222
37 273
37 311
37 327
37 380
37 419
37 578
37 617
37 758
37 857
37 965
37 985
38 1083
38 310
38 425
38 743
39 1012
39 1034
39 134
39 303
39 458
39 764
39 938
39 948
39 991
40 107
40 1071
40 190
40 219
40 45
40 522
40 602
40 620
40 83
40 993
41 1010
41 1104
41 289
41 307
41 408
41 638
41 840
41 842
41 856
41 912
42 204
42 291
42 324
42 369
42 469
42 482
42 697
42 992
43 105
43 129
43 44
43 527
43 571
43 726
43 727
43 827
43 921
44 206
44 217
44 238
44 257
44 338
44 726
44 847
44 887
44 921
45 107
45 165
45 374
45 53
45 620
45 677
45 828
45 83
45 874
46 212
46 269
46 314
46 541
46 684
46 746
46 835
47 1099
47 1112
47 194
47 297
47 436
47 492
47 509
47 678
47 722
47 809
47 869
47 988
48 1054
48 146
48 277
48 348
48 365
48 388
48 529
48 533
48 79
48 798
49 1036
49 1108
49 144
49 265
49 287
49 315
49 420
49 77
49 950
50 1107
50 187
50 191
50 201
50 232
50 293
50 391
50 512
50 765
50 871
50 99
51 249
51 414
51 423
51 443
51 481
51 588
51 591
51 681
51 811
51 96
51 979
52 155
52 377
52 446
52 519
52 669
52 790
52 831
52 951
52 984
52 995
53 165
53 276
53 874
53 889
54 226
54 283
54 474
54 559
54 721
54 723
54 752
55 110
55 154
55 306
55 85
56 172
56 597
56 604
56 609
56 618
56 627
56 683
56 759
56 885
56 967
57 64
57 70
57 738
57 782
57 817
57 848
57 891
58 1012
58 134
58 281
58 345
58 68
58 852
58 903
58 938
59 1000
59 1007
59 1077
59 341
59 432
59 605
59 704
59 789
59 793
60 1026
60 1030
60 237
60 292
60 513
60 749
61 1104
61 318
61 534
61 564
61 829
61 867
62 1026
62 292
62 337
62 356
62 421
62 459
62 535
62 623
63 103
63 1078
63 223
63 273
63 327
63 406
63 952
63 959
63 965
64 153
64 178
64 552
64 607
64 694
64 695
64 738
64 782
64 786
64 848
64 891
65 1061
65 382
65 637
65 643
65 92
65 941
66 1033
66 340
66 502
66 569
66 819
66 824
66 945
67 1051
67 159
67 321
67 334
67 410
67 412
67 439
67 463
67 536
67 765
67 864
67 933
68 1024
68 281
68 345
68 558
68 852
69 1062
69 324
69 590
69 697
69 814
69 93
70 186
70 817
70 848
70 891
71 1025
71 131
71 227
71 228
71 309
71 441
71 448
71 594
71 888
71 893
71 912
71 933
72 1038
72 1053
72 1090
72 343
72 397
72 553
72 740
72 783
72 807
72 996
73 104
73 1043
73 1095
73 270
73 335
73 389
73 662
73 679
73 686
73 748
73 898
73 977
74 307
74 342
74 391
74 403
74 441
74 594
74 633
74 638
74 668
74 888
75 202
75 235
75 279
75 433
75 560
75 613
75 876
75 936
75 956
75 972
76 239
76 323
76 456
76 487
76 572
76 588
76 655
76 883
76 907
76 923
76 998
77 1000
77 1077
77 1108
77 121
77 265
77 287
77 315
77 704
77 913
78 298
78 473
78 567
78 575
78 763
78 767
78 795
79 1005
79 1036
79 146
79 207
79 295
79 365
79 388
79 529
79 863
79 911
79 950
80 1109
80 184
80 203
80 320
80 346
80 497
80 652
80 690
80 970
81 123
81 190
81 573
81 583
81 82
81 927
81 993
82 123
82 298
82 573
82 711
82 795
82 927
82 987
83 107
83 374
83 602
84 1040
84 167
84 173
84 250
84 479
84 525
84 747
84 914
84 975
85 110
85 217
85 221
85 231
85 306
85 331
85 521
86 1027
86 127
86 138
86 210
86 220
86 565
86 586
86 598
86 694
86 810
86 968
87 1056
87 1068
87 1085
87 1087
87 136
87 155
87 317
87 444
87 498
87 546
87 682
87 881
88 256
88 363
88 579
88 930
89 1049
89 113
89 133
89 241
89 290
89 485
89 531
89 799
89 955
90 270
90 370
90 548
90 679
91 1012
91 303
91 523
91 567
91 573
91 763
91 764
91 903
92 1061
92 352
92 382
92 580
92 603
92 637
93 1062
93 304
93 324
93 590
93 814
93 895
94 1026
94 356
94 623
94 749
95 285
95 392
95 438
95 518
95 582
95 750
95 934
95 935
95 981
96 171
96 414
96 423
96 443
96 488
96 572
96 591
96 811
97 1101
97 164
97 413
97 475
97 538
97 753
97 804
97 818
97 924
97 947
97 957
98 1073
98 1093
98 659
98 925
98 934
98 971
99 1107
99 187
99 512
99 715
99 718
99 780
99 871
100 1018
100 1044
100 142
100 152
100 490
100 713
100 846
101 1018
101 142
101 260
101 351
101 505
101 846
101 978
102 1011
102 107
102 128
102 190
102 219
102 234
102 349
102 374
102 583
102 602
102 631
102 733
102 774
103 1078
103 223
103 744
103 775
103 830
103 952
104 1043
104 1095
104 1102
104 149
104 200
104 389
104 424
104 624
104 898
105 248
105 426
105 455
105 571
105 726
105 778
105 827
105 921
106 337
106 437
106 466
106 535
106 568
106 693
106 710
107 1071
107 128
107 190
107 219
107 374
107 602
107 620
107 677
107 828
107 899
108 1059
108 244
108 328
108 584
108 648
108 792
108 868
108 943
108 946
109 130
109 254
109 378
109 386
109 411
109 431
109 539
109 664
109 766
109 973
110 521
111 142
111 351
111 501
111 505
111 514
111 978
112 1002
112 185
112 400
112 434
112 486
112 492
112 708
112 720
112 803
112 805
113 1107
113 158
113 187
113 191
113 293
113 489
113 531
113 799
113 955
114 1052
114 129
114 267
114 504
114 663
114 736
114 973
115 1013
115 180
115 280
115 313
115 325
115 511
115 651
115 652
116 178
116 393
116 586
116 608
116 639
116 644
116 782
116 839
117 1015
117 360
117 477
117 555
117 687
118 1006
118 1041
118 1116
118 286
118 288
118 359
118 800
118 821
118 932
118 964
119 1008
119 1058
119 240
119 540
119 844
120 1047
120 311
120 331
120 358
120 419
120 521
120 578
120 758
120 965
121 1000
121 1077
121 1106
121 1108
121 287
121 341
121 665
122 1015
122 139
122 199
122 279
122 320
122 524
122 606
122 610
122 611
122 769
123 1011
123 190
123 216
123 349
123 583
123 927
123 987
124 1090
124 208
124 343
124 757
124 781
124 909
124 922
125 1054
125 388
125 544
125 798
125 897
126 212
126 376
126 390
126 462
126 571
126 629
126 746
126 802
126 880
127 220
127 225
127 468
127 505
127 565
127 838
127 968
128 224
128 234
128 374
128 375
128 631
128 666
128 674
128 774
128 899
128 994
129 267
129 494
129 504
129 527
129 664
129 727
129 736
129 802
129 827
129 973
130 1087
130 150
130 254
130 402
130 411
130 498
130 766
130 881
131 1025
131 441
131 594
132 201
132 321
132 391
132 496
132 585
132 594
132 633
132 888
132 933
133 1049
133 210
133 241
133 290
133 483
133 531
133 565
133 586
133 799
133 968
134 1028
134 282
134 345
134 554
134 938
134 991
135 1003
135 1060
135 279
135 415
135 451
135 542
135 560
135 642
135 735
135 956
136 1056
136 1068
136 155
136 377
136 445
136 467
136 546
136 682
136 688
136 777
136 966
136 984
137 253
137 305
137 350
137 362
137 506
137 563
137 599
137 675
137 820
137 906
137 910
137 937
137 997
138 153
138 220
138 468
138 501
138 565
138 586
138 598
138 695
138 810
138 823
138 918
139 1060
139 199
139 524
139 611
139 735
139 769
139 879
140 1024
140 281
140 473
140 506
140 558
140 599
140 767
141 211
141 309
141 318
141 368
141 405
141 453
141 471
141 829
141 866
141 867
141 893
142 1018
142 351
142 514
142 846
142 978
143 161
143 358
143 470
144 1017
144 1036
144 265
144 366
144 420
144 863
144 911
144 950
145 1019
145 1088
145 209
145 233
145 261
145 355
145 672
145 675
145 730
145 850
145 906
146 1054
146 207
146 277
146 295
146 388
146 897
147 189
147 861
147 919
148 1055
148 1083
148 1097
148 291
148 310
148 369
148 632
149 1043
149 1102
149 424
149 428
149 784
149 916
150 1087
150 385
150 397
150 402
150 484
150 553
150 589
150 661
150 766
151 1074
151 372
151 399
151 464
151 673
151 731
152 1044
152 1092
152 304
152 396
152 410
152 463
152 490
152 536
152 713
152 846
153 514
153 598
153 607
153 694
153 695
153 786
153 810
153 823
153 918
154 163
154 217
154 238
154 306
155 1056
155 1068
155 1085
155 377
155 519
155 669
155 984
156 1096
156 164
156 233
156 271
156 449
156 450
156 541
156 684
157 1046
157 316
157 465
157 596
157 660
157 703
157 768
157 849
158 1051
158 191
158 225
158 293
158 401
158 531
158 799
158 968
159 1051
159 1113
159 321
159 401
159 412
159 585
159 765
159 864
160 284
160 318
160 429
160 447
160 453
160 564
160 595
160 654
161 1063
161 470
161 579
162 171
162 186
162 353
162 487
162 572
162 817
162 848
162 853
163 175
163 206
163 217
163 238
163 306
164 1096
164 1101
164 233
164 449
164 475
164 538
164 818
164 924
165 276
165 442
165 493
165 649
165 677
165 716
165 874
165 920
166 1042
166 177
166 398
166 507
166 532
166 570
166 581
166 670
166 702
166 794
166 858
166 960
167 1040
167 173
167 259
167 525
167 714
167 914
168 1006
168 229
168 439
168 448
168 619
168 800
168 814
168 821
169 1105
169 170
169 255
169 418
169 709
169 804
169 919
170 1035
170 1103
170 255
170 587
170 733
170 919
171 1080
171 488
171 572
171 591
171 853
172 1075
172 371
172 480
172 604
172 609
172 627
172 662
172 683
172 759
172 885
172 967
172 977
173 1040
173 479
173 525
173 714
173 747
173 892
174 1020
174 1056
174 317
174 546
174 576
174 688
174 777
174 986
175 206
175 238
175 338
175 873
175 887
176 1030
176 300
176 364
176 533
176 696
176 798
177 235
177 507
177 525
177 532
177 570
177 581
177 613
177 670
177 702
177 747
177 892
178 1027
178 552
178 586
178 607
178 608
178 738
178 782
179 1061
179 603
179 637
179 643
179 660
179 825
179 982
180 1013
180 1109
180 280
180 313
180 325
180 476
180 511
180 651
180 652
180 683
180 819
181 1009
181 1042
181 259
181 422
181 670
181 808
181 858
181 914
182 196
182 246
182 409
182 549
182 634
182 737
182 762
182 790
182 831
182 896
183 245
183 328
183 361
183 443
183 481
183 979
184 320
184 472
184 477
184 508
184 511
184 517
184 577
184 612
184 652
184 690
184 704
184 789
184 819
185 371
185 400
185 427
185 486
185 537
185 547
185 609
185 720
186 353
186 817
186 848
186 853
187 1107
187 191
187 293
187 489
187 512
187 715
187 718
188 622
188 654
188 701
188 941
189 1016
189 1103
189 216
189 806
189 919
189 987
190 219
190 349
190 583
190 602
190 993
191 1107
191 201
191 293
191 401
191 765
192 1028
192 264
192 357
192 454
192 458
192 461
192 671
192 773
192 917
192 991
193 1076
193 197
193 218
193 285
193 354
193 392
193 461
193 773
193 917
193 935
194 436
194 509
194 559
194 616
194 721
194 745
194 869
194 988
195 355
195 460
195 689
195 770
195 787
195 788
195 843
195 861
196 1004
196 246
196 379
196 495
196 592
196 762
196 884
196 896
197 1076
197 218
197 285
197 354
197 458
197 461
197 646
197 698
197 756
197 813
197 917
198 1034
198 1071
198 219
198 303
198 458
198 522
198 573
198 764
198 816
198 890
198 993
199 1015
199 205
199 320
199 360
199 610
199 611
199 769
199 872
199 879
200 424
200 433
200 570
200 624
200 754
200 794
200 876
200 898
201 232
201 321
201 391
201 401
201 585
201 765
202 279
202 433
202 606
202 754
202 851
202 865
202 876
202 936
203 1109
203 278
203 320
203 344
203 346
203 497
203 606
203 686
203 851
203 865
203 977
204 1055
204 1083
204 291
204 369
204 425
204 543
204 992
205 1110
205 360
205 555
205 610
205 650
205 653
205 706
205 879
206 217
206 238
206 338
206 887
206 921
207 1036
207 1054
207 262
207 295
207 366
207 387
207 640
207 641
207 699
207 706
207 863
207 897
207 911
207 949
208 1098
208 435
208 617
208 757
208 781
208 856
208 909
208 922
208 931
209 1088
209 261
209 269
209 355
209 730
209 850
210 1027
210 1049
210 457
210 483
210 561
210 565
210 586
210 799
210 968
211 227
211 368
211 405
211 471
211 615
211 900
212 1052
212 314
212 541
212 746
212 802
212 835
212 880
213 471
213 520
213 530
213 545
213 832
213 836
213 866
213 962
214 371
214 372
214 399
214 427
214 464
214 537
214 551
214 604
214 609
214 618
215 224
215 234
215 294
215 339
215 375
215 384
215 526
215 556
215 631
216 1011
216 1016
216 1103
216 349
216 987
217 1050
217 221
217 238
217 248
217 306
217 847
218 285
218 354
218 605
218 646
218 698
218 734
218 935
218 981
219 1071
219 522
219 583
219 764
219 993
220 468
220 505
220 810
220 823
220 838
220 978
221 1050
221 222
221 231
221 331
221 667
221 724
221 758
221 778
221 791
222 1045
222 1094
222 1098
222 311
222 667
222 724
222 758
222 857
222 985
223 1089
223 273
223 316
223 381
223 600
223 775
223 830
223 952
224 1086
224 339
224 372
224 375
224 384
224 500
224 526
224 631
224 942
224 953
224 994
225 1051
225 293
225 334
225 565
225 838
225 968
226 491
226 559
226 616
226 639
226 752
226 845
227 1025
227 289
227 309
227 368
227 441
227 893
227 900
228 1025
228 448
228 496
228 742
228 893
228 900
229 1006
229 1091
229 286
229 324
229 333
229 469
229 697
229 814
230 1032
230 1067
230 385
230 397
230 484
230 553
230 589
230 645
230 661
230 719
230 740
230 779
231 1050
231 248
231 306
231 331
231 667
231 778
232 1107
232 342
232 391
232 633
232 871
233 1019
233 1096
233 261
233 355
233 538
233 541
233 636
233 684
233 787
233 850
234 1035
234 294
234 375
234 556
234 587
234 631
234 666
234 733
234 774
235 433
235 507
235 570
235 613
235 794
235 892
235 972
236 1058
236 240
236 257
236 338
236 376
236 855
237 292
237 623
237 749
238 248
238 306
238 338
238 847
238 921
239 1080
239 353
239 452
239 456
239 487
239 572
239 588
239 848
240 1058
240 338
240 855
240 873
241 290
241 485
241 489
241 531
241 576
241 955
241 986
242 1029
242 1046
242 435
242 593
242 617
242 691
242 703
242 768
242 931
243 440
243 445
243 457
243 467
243 483
243 561
243 586
243 839
244 1059
244 584
244 648
245 1059
245 328
245 361
245 979
246 1004
246 1021
246 1099
246 409
246 509
246 515
246 549
246 634
246 741
246 762
246 884
246 896
247 1075
247 329
247 330
247 395
247 480
247 584
247 648
247 792
247 826
247 868
248 1050
248 306
248 726
248 778
248 847
248 921
249 328
249 400
249 481
249 681
249 708
249 803
249 943
249 946
249 979
250 1003
250 1040
250 771
250 914
250 963
250 974
250 975
251 1026
251 277
251 299
251 302
251 356
251 437
251 459
251 466
251 513
251 535
251 915
252 318
252 322
252 447
252 520
252 545
252 622
252 628
252 833
252 866
252 901
253 305
253 350
253 506
253 675
253 820
254 402
254 411
254 431
254 484
254 498
254 539
254 664
254 682
254 755
254 766
255 1035
255 1105
255 379
255 418
255 515
255 556
255 587
255 634
255 762
256 1065
256 363
256 744
256 930
257 338
257 376
257 462
257 527
257 629
257 855
257 887
258 1014
258 337
259 1042
259 422
259 525
259 714
259 914
260 1018
260 334
260 351
260 396
260 410
260 505
260 838
260 846
261 269
261 326
261 541
261 675
261 680
261 684
261 835
261 850
261 860
262 1054
262 1066
262 295
262 301
262 499
262 635
262 640
262 699
262 863
262 897
262 908
263 1022
263 387
263 415
263 451
263 542
263 625
263 653
263 706
263 717
263 735
264 1028
264 272
264 461
264 601
264 671
264 761
264 773
264 983
265 1017
265 315
265 420
265 687
265 704
265 913
266 1001
266 1014
266 1084
266 332
266 568
266 659
266 693
266 710
266 712
267 1052
267 1069
267 386
267 494
267 539
267 664
267 973
268 284
268 316
268 347
268 429
268 453
268 596
268 785
268 825
269 326
269 541
269 730
269 746
269 850
270 1095
270 330
270 370
270 548
270 662
270 679
271 1069
271 1096
271 314
271 386
271 449
271 541
271 818
272 1076
272 392
272 461
272 601
272 671
272 761
272 773
272 894
272 983
273 1046
273 327
273 380
273 381
273 406
273 578
273 617
273 952
273 965
274 1032
274 1038
274 1067
274 1094
274 343
274 719
274 739
274 757
274 807
274 909
275 1021
275 1112
275 297
275 500
275 673
275 678
275 705
275 942
276 1007
276 341
276 383
276 649
276 793
276 874
276 889
276 920
277 1026
277 1054
277 299
277 364
277 533
277 798
278 1109
278 344
278 346
278 497
278 851
278 865
278 928
279 1060
279 415
279 524
279 560
279 606
279 611
279 613
279 876
279 936
279 956
280 1109
280 346
280 597
280 651
280 652
280 683
280 928
281 1024
281 473
281 558
281 852
281 903
282 1028
282 454
282 554
282 574
282 671
282 938
282 948
282 991
283 440
283 445
283 723
283 752
283 966
283 980
284 382
284 429
284 453
284 595
284 643
284 654
284 785
284 825
284 941
285 1076
285 438
285 605
285 698
285 734
285 934
285 935
285 981
286 1006
286 1091
286 333
286 800
286 964
287 1036
287 1039
287 1108
287 365
287 529
287 665
287 950
288 1006
288 1070
288 1114
288 1116
288 359
288 530
288 821
288 836
288 886
288 932
289 307
289 309
289 368
289 441
289 840
289 912
290 1049
290 467
290 483
290 485
290 546
290 777
290 980
290 986
291 1055
291 1091
291 324
291 369
291 469
291 482
291 632
291 992
292 1026
292 459
292 513
292 623
292 749
293 1051
293 334
293 489
293 531
293 565
293 765
294 1035
294 379
294 384
294 526
294 556
294 592
294 884
295 1036
295 365
295 388
295 863
295 897
296 326
296 390
296 540
296 746
296 860
296 862
296 910
297 1112
297 434
297 486
297 492
297 678
297 705
297 722
297 809
297 942
298 573
298 711
298 763
298 795
298 927
299 1026
299 1030
299 466
299 513
299 533
299 859
299 915
300 544
300 696
300 798
300 908
301 1066
301 499
301 503
301 635
302 337
302 356
302 466
302 535
302 710
303 1012
303 1034
303 523
303 573
303 764
303 948
304 1044
304 1092
304 373
304 463
304 490
304 590
304 814
304 895
305 362
305 506
305 562
305 672
305 675
305 906
306 1050
307 408
307 441
307 638
307 668
307 912
308 1097
308 359
308 516
308 632
308 658
308 932
308 964
309 1104
309 368
309 829
309 840
309 856
309 867
309 893
309 912
310 1097
310 404
310 516
310 566
310 658
310 743
311 331
311 419
311 667
311 758
311 965
311 985
312 532
312 670
312 808
312 858
313 1013
313 325
313 430
313 476
313 502
313 569
313 819
313 824
314 1052
314 1069
314 450
314 541
314 684
315 1015
315 1017
315 1108
315 420
315 610
315 687
315 704
316 1046
316 347
316 465
316 596
316 660
316 703
316 849
317 1020
317 1056
317 417
317 444
317 546
317 986
318 447
318 453
318 564
318 829
318 833
318 866
318 867
319 1070
319 359
319 404
319 416
319 530
319 566
319 621
319 728
319 886
319 976
320 1015
320 497
320 524
320 606
320 690
320 769
320 872
320 970
321 391
321 401
321 585
321 765
321 864
321 888
321 933
322 520
322 628
322 901
322 962
323 616
323 655
323 883
323 907
323 988
323 998
324 1062
324 1091
324 333
324 469
324 482
324 697
324 814
324 895
325 394
325 430
325 476
325 551
325 651
325 731
326 680
326 730
326 746
326 835
326 860
326 910
327 380
327 381
327 965
327 985
328 1059
328 481
328 943
328 946
328 979
329 330
329 370
329 480
329 662
329 679
329 700
329 826
329 868
329 929
330 370
330 480
330 662
330 826
331 521
331 667
331 758
332 1005
332 1023
332 1084
332 437
332 466
332 659
332 693
332 710
332 776
332 859
332 939
332 940
332 989
333 1091
333 814
333 895
334 1051
334 410
334 412
334 505
334 565
334 765
334 838
335 1064
335 344
335 389
335 627
335 662
335 686
335 748
335 967
335 977
336 1114
336 471
336 615
336 742
336 832
336 836
337 1014
337 356
337 421
337 535
337 568
337 710
338 855
338 873
338 887
338 921
339 1086
339 375
339 384
339 674
339 953
339 994
340 1033
340 502
340 626
340 674
340 824
341 1000
341 1007
341 1077
341 1106
341 383
341 432
341 605
341 793
341 920
342 391
342 403
342 633
342 668
342 871
343 1038
343 1090
343 719
343 739
343 757
343 781
343 807
343 909
344 1064
344 1109
344 627
344 686
344 865
344 928
344 977
345 554
345 852
345 938
346 1109
346 497
346 652
346 928
346 970
347 1029
347 1046
347 429
347 703
347 829
347 931
348 1005
348 529
348 533
348 822
348 859
348 940
349 1011
349 1103
349 602
349 774
350 1057
350 563
350 820
350 997
351 1018
351 505
351 978
352 1065
352 1082
352 1089
352 580
352 600
352 637
352 930
353 1080
353 452
353 487
353 572
353 848
353 853
354 646
354 698
354 813
354 917
355 1019
355 1088
355 636
355 770
355 787
355 788
355 837
355 850
356 1026
356 421
356 459
356 535
356 623
357 454
357 458
357 773
357 813
357 816
357 890
357 917
357 991
358 1047
358 470
358 521
358 578
358 959
359 1070
359 1116
359 404
359 516
359 658
359 886
359 932
359 964
360 1015
360 472
360 477
360 555
360 872
361 443
361 811
361 979
362 1088
362 562
362 575
362 647
362 672
362 837
362 906
362 937
363 1063
363 579
363 744
363 775
363 930
364 1026
364 1030
364 1054
364 533
364 696
364 749
364 798
364 908
365 1036
365 388
365 529
365 950
366 1017
366 1110
366 641
366 650
366 706
366 863
366 911
366 949
367 1100
367 557
367 625
367 834
367 875
367 878
367 963
368 840
368 867
369 1055
369 1083
369 1097
369 469
369 516
369 632
369 932
370 679
370 826
371 1075
371 547
371 604
371 609
371 720
371 759
371 792
372 1074
372 399
372 427
372 464
372 551
372 673
372 705
372 942
372 994
373 1092
373 1113
373 1115
373 463
373 895
373 944
374 602
374 666
374 677
374 716
374 774
374 899
375 631
375 666
375 674
375 994
376 1058
376 390
376 462
376 629
376 855
377 1056
377 688
377 790
377 854
377 984
378 386
378 411
378 431
378 539
378 882
378 961
379 1035
379 515
379 556
379 592
379 762
379 884
380 1098
380 381
380 617
380 857
380 902
380 926
380 985
381 1046
381 617
381 849
381 926
382 595
382 637
382 643
382 701
382 785
382 941
383 1007
383 646
383 649
383 698
383 793
383 889
384 495
384 526
384 592
384 884
384 953
385 1037
385 484
385 589
385 645
385 736
385 755
385 766
385 779
386 1069
386 449
386 539
386 818
386 961
386 973
387 1022
387 542
387 625
387 640
387 641
387 653
387 656
387 699
387 706
387 949
387 958
388 1054
388 798
388 897
389 1043
389 1064
389 686
389 748
390 1058
390 540
390 746
390 815
390 860
391 403
391 633
391 765
391 871
391 888
392 1076
392 518
392 773
392 894
392 934
392 935
393 456
393 487
393 639
393 644
393 655
393 782
393 845
393 883
394 464
394 476
394 551
394 597
394 604
394 618
394 651
394 683
394 731
395 584
395 826
395 868
396 1092
396 410
396 412
396 536
396 838
396 846
397 1032
397 553
397 589
397 719
397 807
398 1081
398 532
398 702
398 858
398 960
398 999
399 427
399 464
399 537
399 673
399 705
400 481
400 547
400 720
400 803
400 943
400 946
401 1051
401 585
401 765
402 1087
402 444
402 484
402 498
402 553
402 661
402 986
403 1010
403 1038
403 1053
403 408
403 512
403 638
403 668
403 780
403 871
403 877
403 888
403 909
404 1070
404 516
404 566
404 621
404 658
404 743
404 886
405 1114
405 471
405 615
405 742
405 821
405 836
405 893
405 900
406 470
406 578
406 952
406 959
406 965
407 1045
407 1067
407 426
407 528
407 657
407 707
407 724
407 791
407 954
408 1010
408 638
408 668
408 877
409 446
409 474
409 509
409 549
409 737
409 741
409 745
409 790
409 812
409 831
410 1018
410 412
410 536
410 713
410 846
411 1085
411 431
411 682
411 881
411 882
412 1051
412 1092
412 1113
412 536
412 838
413 1101
413 519
413 669
413 676
413 924
413 947
413 969
414 488
414 591
414 811
415 1060
415 451
415 542
415 610
415 611
415 706
415 735
415 879
415 956
416 728
416 962
416 976
417 1020
417 444
417 718
417 760
417 783
417 986
418 1105
418 515
418 587
418 709
418 806
418 904
418 919
419 578
419 758
419 965
420 1017
420 1108
420 610
420 911
420 950
421 623
422 1009
422 1042
422 525
422 670
422 808
422 914
423 443
423 481
423 572
423 588
423 591
423 681
423 708
423 797
423 907
423 923
424 1102
424 510
424 570
424 784
424 794
424 898
424 960
425 1055
425 1083
425 543
425 870
426 455
426 667
426 726
426 778
426 791
426 954
427 434
427 486
427 537
427 705
427 720
428 1043
428 1095
428 548
428 916
429 1029
429 453
429 564
429 596
429 785
429 825
430 1074
430 1086
430 476
430 502
430 551
430 626
430 731
430 824
431 1068
431 539
431 682
431 882
431 961
431 969
432 1077
432 789
432 793
432 796
432 913
432 920
433 570
433 613
433 754
433 794
433 876
434 1002
434 486
434 492
434 705
434 720
434 722
434 942
435 1098
435 478
435 593
435 617
435 691
435 781
435 922
435 931
436 1099
436 509
436 722
436 797
436 809
436 907
436 988
436 998
437 1001
437 1084
437 459
437 466
437 535
437 693
437 710
437 915
437 939
437 989
438 1023
438 1048
438 1093
438 582
438 605
438 729
438 750
438 841
438 934
438 981
439 448
439 463
439 619
439 814
439 864
439 933
439 944
440 1049
440 445
440 467
440 483
440 561
440 752
440 839
440 980
441 1025
441 594
441 638
441 888
441 912
442 1033
442 493
442 502
442 517
442 649
442 716
442 725
442 789
442 819
442 874
442 920
443 481
443 811
443 979
444 1087
444 498
444 553
444 661
444 783
444 986
445 467
445 723
445 752
445 839
445 966
445 980
445 984
446 474
446 519
446 549
446 737
446 745
446 790
446 831
446 854
446 984
446 995
447 595
447 622
447 654
447 866
448 496
448 619
448 800
448 821
448 893
448 933
449 818
449 924
449 961
449 969
450 494
450 684
450 835
450 880
451 1003
451 542
451 717
451 735
452 456
452 552
452 848
453 564
453 595
453 785
453 829
453 866
454 1028
454 671
454 773
454 816
454 948
454 991
455 528
455 685
455 726
455 727
455 801
455 827
456 487
456 552
456 608
456 644
456 655
456 782
456 883
457 1027
457 483
457 561
457 586
457 608
457 644
457 839
458 1034
458 1071
458 461
458 522
458 756
458 764
458 813
458 816
458 890
458 917
458 991
459 1026
459 513
459 535
459 915
460 647
460 732
460 788
460 806
460 837
460 843
461 1076
461 773
461 917
461 983
462 494
462 527
462 629
462 802
462 880
463 1044
463 1092
463 1113
463 1115
463 536
463 590
463 814
463 944
464 537
464 551
464 604
464 618
464 731
465 600
465 660
465 849
465 982
466 1005
466 535
466 710
466 859
466 915
466 989
467 1049
467 483
467 546
467 777
467 966
467 980
468 501
468 505
468 565
468 823
469 1006
469 1091
469 632
469 932
470 1063
470 1078
470 578
470 952
470 959
471 520
471 615
471 832
471 836
471 866
472 477
472 511
472 577
472 612
472 690
472 872
473 558
473 567
473 763
473 767
473 795
473 903
474 721
474 723
474 737
474 745
474 812
474 854
475 1096
475 538
475 636
475 787
475 818
475 861
475 957
476 502
476 551
476 604
476 651
476 683
477 508
477 612
477 687
478 1072
478 1098
478 617
478 691
478 781
478 902
479 1040
479 642
479 747
479 892
479 972
479 974
479 975
480 1075
480 662
480 700
480 868
480 885
480 929
480 967
481 1002
481 708
481 720
481 797
481 803
481 946
481 979
482 1062
482 697
482 992
483 1049
483 561
483 586
484 589
484 661
484 755
484 766
485 1049
485 576
485 777
485 955
485 980
486 492
486 537
486 705
487 572
487 782
487 817
487 848
487 883
488 1080
488 591
488 853
489 531
489 576
489 715
489 718
489 955
489 986
490 1044
491 561
491 616
491 639
491 644
491 655
491 752
491 839
492 722
492 805
492 809
492 998
493 1033
493 517
493 716
493 789
493 796
493 920
494 1052
494 1069
494 527
494 802
494 880
495 1004
495 1021
495 500
495 526
495 592
495 884
495 953
496 585
496 619
496 864
496 933
497 524
497 606
497 769
497 851
497 970
498 1087
498 546
498 682
498 881
498 986
499 1054
499 1066
499 503
499 635
499 640
499 834
499 878
499 897
499 908
500 1021
500 526
500 673
500 942
500 953
501 514
501 823
501 918
501 978
502 1033
502 551
502 626
502 674
502 725
502 819
502 824
503 1066
503 692
503 834
503 878
504 1052
504 663
504 685
504 802
504 827
505 565
505 838
505 978
506 562
506 599
506 767
507 570
507 581
507 702
507 794
507 892
508 517
508 612
508 687
508 704
508 789
508 796
508 913
509 1099
509 741
509 745
509 812
509 869
510 1081
510 1102
510 570
510 702
510 784
510 898
510 916
510 960
510 999
511 1013
511 569
511 577
511 652
511 690
511 819
512 1038
512 718
512 740
512 760
512 780
512 783
512 871
512 877
512 996
513 1026
513 1030
513 915
514 786
514 823
514 918
514 978
515 1105
515 549
515 556
515 587
515 634
515 762
515 884
515 904
516 1070
516 1083
516 1097
516 658
516 743
516 932
517 1033
517 612
517 789
517 796
517 819
517 945
518 1001
518 1084
518 1093
518 729
518 750
518 934
518 971
519 1068
519 1101
519 669
519 676
519 969
519 984
519 995
520 545
520 833
520 866
520 962
521 758
522 1071
522 620
522 772
522 890
522 993
523 1012
523 567
523 763
523 852
523 903
523 938
523 948
524 1060
524 606
524 611
524 769
524 851
524 936
525 1042
525 581
525 670
525 714
525 747
525 892
525 914
526 1021
526 556
526 884
526 942
526 953
527 571
527 802
528 1067
528 645
528 726
528 727
528 791
528 801
529 1005
529 1039
529 776
529 822
529 950
530 1070
530 545
530 728
530 832
530 836
530 886
530 901
530 962
530 976
531 565
531 799
531 968
532 670
532 702
532 858
533 1030
533 798
533 859
534 1029
534 1031
534 1104
534 564
534 593
534 829
534 856
536 1044
536 1092
536 1113
536 713
537 609
537 618
537 705
538 1019
538 1101
538 636
538 689
538 753
538 787
538 957
539 664
539 961
539 973
540 1008
540 1058
540 1079
540 1111
540 844
540 860
540 862
541 1096
541 636
541 684
541 850
542 1003
542 625
542 706
542 717
542 956
542 975
543 1055
543 870
543 992
544 635
544 798
544 897
544 908
545 595
545 622
545 836
545 866
545 901
545 962
546 1056
546 576
546 682
546 688
546 777
546 986
547 609
547 720
547 759
547 792
547 929
547 943
547 946
548 1043
548 1095
548 679
549 1105
549 634
549 753
549 831
549 904
549 951
549 995
550 1023
550 614
550 776
550 822
550 841
550 939
550 940
550 990
551 1074
551 604
551 626
551 731
551 994
552 1027
552 608
552 694
552 782
552 848
553 1087
553 661
553 740
553 783
554 1028
554 574
554 938
555 1015
555 1017
555 610
555 650
555 687
556 1035
556 587
556 631
556 884
557 1100
557 771
557 963
558 1024
558 567
558 599
558 767
558 852
558 903
559 616
559 721
559 745
559 845
560 1060
560 642
560 936
560 956
560 972
561 1049
561 644
561 752
561 839
562 575
562 599
562 647
562 672
562 767
562 937
563 1057
563 1079
563 1111
563 675
563 730
563 820
563 860
563 862
563 910
564 1029
564 829
565 586
565 838
565 968
566 621
566 743
567 575
567 599
567 763
567 767
567 852
567 903
567 937
568 1014
568 693
568 710
569 1013
569 577
569 612
569 819
569 824
569 945
570 613
570 702
570 794
570 876
570 898
570 960
571 802
571 827
571 921
572 1080
572 588
572 591
572 883
572 907
572 923
573 583
573 763
573 764
573 795
573 903
573 927
573 993
574 1028
574 601
574 671
575 647
575 767
575 837
575 937
576 1020
576 715
576 777
576 955
576 986
577 612
577 819
578 1047
578 959
578 965
579 1063
580 1065
580 1082
580 600
580 603
580 637
580 982
581 1042
581 670
581 714
581 892
582 1048
582 1093
582 605
582 614
582 729
582 750
582 751
582 841
582 981
583 764
583 927
583 993
584 648
584 868
585 864
586 1027
586 598
586 607
586 608
586 839
587 1011
587 1016
587 1035
587 1103
587 631
587 733
587 806
587 919
588 1080
588 591
588 681
588 708
588 923
589 719
589 766
589 779
590 1044
590 814
591 1080
592 884
593 1029
593 1031
593 856
593 922
593 931
594 633
594 888
595 622
595 654
595 701
595 785
595 866
595 901
596 1029
596 660
596 703
596 825
597 618
597 627
597 651
597 683
597 928
598 1027
598 607
598 694
598 695
598 810
599 1024
599 767
599 937
599 997
600 1082
600 1089
600 603
600 637
600 830
600 982
601 671
601 761
602 774
603 1061
603 637
603 982
604 609
604 618
604 683
605 1000
605 1007
605 1048
605 1106
605 698
605 734
605 751
605 793
605 981
606 686
606 851
606 865
606 876
606 936
607 1027
607 694
607 695
607 738
608 1027
608 644
608 782
609 618
609 759
610 1015
610 1017
610 611
610 650
610 706
610 879
610 911
611 1060
611 735
611 879
612 819
612 945
613 747
613 876
613 892
613 956
613 972
614 1023
614 1039
614 1048
614 665
614 751
614 776
614 822
614 841
615 742
615 893
615 900
616 655
616 845
616 988
617 1046
617 1098
617 691
617 926
617 931
618 683
619 800
619 864
619 933
619 944
620 1071
620 756
620 772
620 828
620 874
620 889
621 1070
621 743
621 976
622 628
622 654
622 701
623 1026
623 749
624 686
624 754
624 876
624 898
625 1022
625 1100
625 656
625 717
625 875
625 878
625 963
626 1074
626 1086
626 674
626 725
626 824
626 899
626 994
627 1109
627 683
627 928
627 967
627 977
628 901
629 1058
629 815
629 855
629 880
630 1037
630 1067
630 1072
630 1094
630 657
630 707
630 739
630 779
630 801
631 1011
631 733
631 774
632 1055
632 1091
632 1097
632 932
632 964
634 1105
634 762
634 831
634 951
635 897
635 908
636 1096
636 787
636 850
637 1061
637 1089
637 643
637 785
637 825
637 982
638 1010
638 842
638 856
638 888
638 909
638 912
639 644
639 655
639 839
639 845
640 1054
640 1066
640 656
640 699
640 878
640 897
640 908
640 958
641 1022
641 1110
641 653
641 699
641 706
641 949
641 958
642 1003
642 956
642 972
642 974
642 975
643 1061
643 785
643 825
643 941
644 655
644 839
645 1037
645 1067
645 727
645 736
645 755
645 779
645 801
646 1007
646 698
646 734
646 756
646 772
646 813
646 889
647 672
647 732
647 767
647 788
647 795
647 837
647 843
648 792
648 868
648 946
649 698
649 793
649 874
649 889
649 920
650 1017
650 1110
650 706
650 911
651 683
651 928
652 1109
652 690
652 819
653 1022
653 1110
653 706
654 941
655 845
655 883
656 1022
656 1066
656 699
656 875
656 878
656 958
656 963
657 1045
657 1067
657 1072
657 1094
657 1098
657 707
657 857
657 902
658 1097
658 743
659 1084
659 1093
659 712
659 905
659 971
660 825
660 982
661 718
661 740
661 783
661 986
662 679
662 700
662 748
662 967
662 977
663 685
663 727
663 736
663 801
664 727
664 736
664 755
664 766
664 973
665 1039
665 1048
665 1106
665 1108
665 751
666 674
666 716
666 774
666 899
667 724
667 758
667 778
667 791
667 954
668 780
668 871
668 877
669 1068
669 1085
669 1101
669 676
669 947
669 951
669 995
670 1042
670 808
670 858
671 1028
671 773
672 1019
672 1088
672 675
672 788
672 837
672 906
673 705
673 942
674 1033
674 716
674 725
674 899
674 994
675 680
675 730
675 820
675 860
675 906
676 1068
676 1085
676 882
676 924
676 969
677 716
677 725
677 828
677 874
677 899
678 1021
678 1099
678 1112
678 869
679 1043
679 1095
679 700
679 748
680 1111
680 730
680 820
680 860
681 708
682 1068
682 1085
682 881
683 1109
683 928
684 835
685 727
685 801
685 827
686 1064
686 754
686 865
686 876
686 898
686 977
687 1015
687 1017
687 704
687 913
688 1056
688 723
688 777
688 854
688 966
688 984
689 1019
689 709
689 753
689 787
689 788
689 861
689 904
689 957
690 872
690 970
691 1046
691 768
691 902
691 926
692 1066
692 834
692 875
692 878
692 958
693 1001
693 1014
693 1084
693 710
693 712
693 939
694 1027
694 810
695 738
695 786
695 891
695 918
696 1030
696 749
696 798
696 908
697 1062
698 1007
698 756
698 793
698 874
698 889
699 1066
699 863
699 949
699 958
700 748
700 885
700 929
700 967
701 901
701 941
702 1081
702 960
702 999
703 1029
703 1046
703 931
704 1000
704 1015
704 1077
704 1108
704 789
704 913
705 942
706 1110
706 911
707 1067
707 801
708 1002
708 797
708 803
708 805
708 923
708 998
709 804
709 861
709 904
709 919
709 957
710 1014
711 732
711 795
711 843
711 927
711 987
712 1001
712 1084
712 971
713 1018
713 1044
713 846
714 1042
714 892
715 1020
715 718
715 780
715 955
715 986
716 1033
716 725
716 899
717 1003
717 1100
717 771
717 963
718 1020
718 740
718 780
718 783
718 986
719 1032
719 739
719 779
719 807
720 1002
720 946
721 745
721 812
721 869
722 1002
722 1099
722 1112
722 797
722 805
722 809
722 942
722 998
723 854
723 966
723 984
724 1045
724 1067
724 1094
724 791
724 954
725 1033
725 828
725 874
725 899
726 1050
726 727
726 778
726 791
726 847
726 921
727 736
727 755
727 801
727 827
728 832
728 886
728 962
729 1001
729 1023
729 1084
729 1093
729 750
729 841
729 990
730 1088
730 906
730 910
731 1074
732 1016
732 795
732 806
732 843
732 927
732 987
733 1011
733 1016
733 1035
733 1103
733 774
734 1007
734 1106
734 751
734 981
735 1060
735 879
736 1037
736 755
736 766
736 801
736 973
737 741
737 790
737 812
737 854
737 896
738 782
738 891
739 1032
739 1067
739 1072
739 1094
739 757
739 779
739 781
740 1032
740 1038
740 783
741 1004
741 1021
741 1099
741 812
741 869
741 896
742 1041
742 1114
742 821
742 893
742 900
743 1083
743 1097
744 1063
744 1078
744 775
745 812
745 845
746 835
746 860
746 880
747 892
747 956
747 972
747 975
748 1043
748 967
749 1026
749 1030
750 1093
750 934
751 1048
751 1106
751 981
752 839
753 1101
753 804
753 904
753 947
753 951
753 957
753 995
754 1064
754 865
754 876
755 766
756 1071
756 772
756 813
756 828
756 874
756 889
756 890
757 1094
757 1098
757 781
757 909
759 1075
759 792
759 885
759 929
760 780
760 783
760 877
760 996
761 1073
761 894
761 925
761 983
762 884
763 795
763 903
764 1012
764 1034
764 1071
764 795
764 903
764 927
764 993
765 1051
766 973
767 795
767 937
768 1046
768 849
768 926
769 872
769 970
770 1088
770 788
770 837
770 843
771 1003
771 1100
771 963
771 974
772 1071
772 813
772 889
772 890
773 1076
773 917
774 1103
775 1063
775 1078
775 1089
775 930
775 952
776 1005
776 1023
776 1039
776 1048
776 1108
776 822
776 940
776 950
777 966
777 980
778 1050
778 791
779 1032
779 1037
779 1067
780 1020
780 871
780 877
781 1072
781 1094
781 1098
781 922
782 817
782 848
783 996
784 1102
784 916
784 960
784 999
785 825
786 891
787 1019
787 788
787 861
788 1019
788 837
789 793
789 796
789 819
789 913
789 920
790 831
790 854
791 1050
791 1067
791 954
792 1075
792 868
792 929
792 943
792 946
793 1007
793 920
794 960
795 903
795 927
796 913
797 1002
797 805
797 907
797 923
797 998
798 1054
798 908
799 1049
799 968
800 1006
800 1041
800 821
801 1037
801 1067
802 1052
802 827
803 1002
804 1105
804 904
804 947
804 951
804 957
805 1002
805 998
806 1016
806 919
806 987
807 1032
807 1038
808 1009
808 858
809 988
809 998
810 823
811 979
812 869
813 890
813 917
814 895
814 944
815 1058
815 835
815 844
815 860
815 880
816 1034
816 890
816 948
816 991
817 848
817 853
818 1096
818 924
819 1013
819 1033
819 945
820 1079
820 1111
820 860
821 1006
821 1041
821 1114
821 1116
821 836
821 893
822 1005
822 1039
822 940
823 918
823 978
824 1086
826 868
828 1071
828 874
829 1029
829 1104
829 856
829 931
830 1082
830 1089
831 951
831 995
832 1114
832 836
832 886
832 962
833 866
833 867
834 875
834 878
834 963
835 860
835 880
836 1114
836 866
837 1088
837 843
837 906
838 1051
840 1104
840 867
841 1023
841 1048
841 990
842 1010
842 1031
842 1090
842 1104
842 856
842 909
844 1008
844 1058
844 1111
844 855
844 860
845 883
846 1018
847 1050
847 921
848 891
849 1046
849 926
850 1096
851 865
851 936
852 1012
852 903
852 938
853 1080
854 984
855 1058
855 887
856 1031
856 1104
856 909
856 912
856 922
856 931
857 1045
857 1094
857 1098
857 902
857 985
858 1042
859 1005
859 915
859 940
859 989
860 1111
860 862
860 910
861 919
861 957
862 1008
862 1057
862 1079
862 1111
862 910
863 1036
863 911
863 949
864 1113
864 1115
864 933
864 944
865 1064
865 876
867 1104
868 1075
868 929
869 1021
869 1099
871 1107
872 1015
873 887
874 889
875 1022
875 878
875 958
876 898
877 1010
877 1053
877 996
878 1066
878 958
878 963
881 1085
881 1087
882 1068
882 1085
882 969
883 907
884 1004
884 1021
884 1099
884 1112
884 942
885 1075
885 929
885 967
886 1070
886 1114
886 1116
888 912
888 933
890 1034
890 1071
892 972
893 1025
893 900
894 1073
894 1076
894 925
894 934
894 983
895 944
896 1004
897 1054
897 908
898 1102
899 994
900 1025
901 962
901 976
902 1072
902 1098
902 926
903 1012
904 1105
904 957
905 1014
906 1088
906 910
906 937
907 923
907 998
908 1054
909 1010
909 1038
909 1053
909 1090
909 922
911 1017
911 1036
911 950
913 1077
914 1040
915 989
916 1081
916 1102
919 1103
922 1031
922 1090
922 931
923 998
924 1101
924 969
925 1073
925 1076
925 934
925 983
926 1046
927 1011
927 1016
927 987
928 1109
929 1075
929 943
930 1089
931 1029
931 1046
932 1006
932 964
934 1076
934 1093
934 935
935 1076
935 981
936 1060
938 1012
938 948
939 1001
939 1084
939 940
939 989
939 990
940 1005
940 989
940 990
942 1021
942 1112
943 946
944 1115
945 1033
947 1101
947 951
947 995
948 1034
948 991
950 1005
950 1036
950 1039
950 1108
951 1105
951 995
952 1078
953 1086
954 1045
956 1003
956 972
956 975
958 1022
958 1066
959 1047
959 1078
959 965
960 999
961 1069
961 969
962 976
963 1100
964 1091
965 1047
965 985
966 980
967 977
969 1068
969 1101
971 1001
971 1093
972 975
974 1003
974 1040
974 975
975 1003
975 1040
977 1109
980 1049
983 1076
984 1068
986 1020
987 1016
988 998
990 1001
990 1023
990 1084
991 1028
991 1034
992 1055
994 1074
994 1086
995 1101
996 1038
996 1053
997 1024
999 1081
1000 1048
1000 1077
1000 1106
1000 1108
1001 1084
1004 1021
1006 1091
1007 1106
1008 1079
1010 1053
1010 1090
1011 1016
1011 1103
1015 1017
1016 1103
1021 1099
1021 1112
1023 1048
1023 1084
1023 1093
1026 1030
1031 1090
1031 1104
1032 1038
1032 1067
1037 1067
1038 1053
1039 1048
1039 1108
1041 1114
1041 1116
1043 1095
1045 1067
1045 1094
1048 1106
1048 1108
1052 1069
1053 1090
1055 1083
1057 1079
1063 1078
1065 1082
1067 1094
1068 1085
1072 1094
1072 1098
1074 1086
1079 1111
1082 1089
1083 1097
1084 1093
1092 1113
1094 1098
1099 1112
1113 1115
1114 1116
