110 2
112 1
114 1
118 2
157 2
162 1
173 2
194 2
200 1
230 2
238 1
248 1
252 2
263 2
264 2
272 2
298 1
306 2
315 2
319 2
363 2
364 1
376 1
386 2
402 1
412 2
441 1
456 1
468 2
473 2
475 2
520 2
528 2
535 2
546 2
547 1
581 2
601 2
621 2
634 2
646 1
650 2
652 1
655 1
662 2
676 2
680 2
682 1
725 1
748 2
760 2
769 2
770 2
796 2
801 2
803 1
825 2
832 2
844 2
869 2
875 2
894 1
906 2
937 2
949 2
973 1
979 2
990 1
992 2
998 1
1000 2
1002 2
1006 2
1077 1
1095 2
1116 2
1121 2
1137 2
1138 1
1145 2
1166 2
1222 2
1227 1
1248 1
1261 2
1264 2
1289 2
1291 2
1294 2
1312 1
1316 2
1341 2
1347 2
1351 2
1386 2
1392 2
1394 2
1402 2
1407 1
1416 1
1417 1
1453 2
1515 2
1535 2
1537 2
1541 2
1543 1
1553 2
1570 2
1574 2
1584 1
1600 1
1609 2
1624 2
1626 2
1630 1
1654 1
1655 2
1671 2
1675 1
1677 1
1690 2
1731 2
1756 1
1766 1
1773 2
1779 2
1819 2
1821 2
1837 2
1862 1
1895 1
1912 2
1943 2
1956 2
2004 2
2039 2
2043 2
2050 1
2056 2
2077 1
2115 2
2122 1
2147 2
2181 2
