0 12
0 7
0 83
1 14
1 2
1 3
1 57
1 66
1 79
2 14
2 17
2 18
2 3
2 4
2 66
3 10
3 15
3 17
3 4
3 5
3 66
3 74
3 8
3 80
3 82
4 15
4 17
4 19
4 21
4 26
4 80
4 82
4 87
4 89
4 9
4 94
5 6
5 8
6 10
6 11
6 15
6 22
6 23
6 61
6 71
6 8
7 12
7 13
7 14
7 57
7 83
8 10
8 61
8 74
8 80
9 101
9 17
9 25
9 26
9 33
9 36
9 37
9 89
10 15
10 61
10 71
10 80
11 23
11 40
11 47
11 61
12 13
12 16
12 27
12 30
12 34
12 38
12 45
12 83
12 96
13 14
13 16
13 57
13 81
13 83
13 96
14 16
14 18
14 57
14 66
14 81
15 19
15 22
15 71
15 80
15 87
16 104
16 18
16 20
16 27
16 81
16 96
17 101
17 18
17 31
17 35
17 36
17 39
17 66
17 82
17 89
17 94
18 104
18 20
18 24
18 31
18 66
18 81
18 82
18 94
19 21
19 22
19 71
19 87
19 95
20 104
20 116
20 24
20 27
20 96
21 22
21 26
21 28
21 87
21 89
21 95
21 99
22 23
22 28
22 71
22 95
22 99
23 28
23 43
23 47
23 55
23 59
23 60
23 61
23 71
23 78
23 95
23 99
24 104
24 116
24 123
24 27
24 29
24 31
25 101
25 125
25 137
25 36
25 37
25 41
25 53
25 63
26 101
26 120
26 28
26 33
26 89
26 99
27 116
27 130
27 29
27 32
27 44
27 45
27 50
27 58
27 65
27 96
28 120
28 132
28 33
28 37
28 43
28 49
28 99
29 116
29 123
29 130
29 31
29 32
29 35
30 119
30 34
30 48
30 83
31 104
31 123
31 35
31 89
31 94
32 123
32 130
32 141
32 35
32 44
32 51
33 101
33 120
33 132
33 37
34 119
34 133
34 38
34 48
34 83
35 101
35 123
35 141
35 39
35 51
35 89
35 94
36 101
36 125
36 137
36 149
36 39
36 41
36 46
36 54
36 67
36 69
36 77
37 101
37 125
37 132
37 150
37 49
37 53
38 133
38 45
38 48
38 83
38 96
39 101
39 141
39 155
39 42
39 46
39 51
40 47
40 56
40 61
41 137
41 149
41 162
41 63
41 64
41 69
41 70
41 85
41 93
42 130
42 141
42 153
42 155
42 44
42 46
42 51
42 52
43 100
43 106
43 114
43 120
43 132
43 150
43 49
43 59
43 68
43 90
43 99
44 130
44 153
44 163
44 51
44 52
44 65
44 72
44 76
44 88
44 97
45 133
45 145
45 48
45 50
45 75
45 96
46 101
46 125
46 155
46 169
46 52
46 54
47 55
47 56
47 61
47 71
48 103
48 107
48 112
48 119
48 133
48 145
48 75
49 100
49 121
49 132
49 150
49 174
49 182
49 53
49 63
49 70
49 85
49 93
50 116
50 145
50 157
50 58
50 75
50 96
51 130
51 141
52 153
52 155
52 163
52 169
52 54
52 62
52 72
53 125
53 137
53 150
53 63
54 125
54 137
54 169
54 62
54 67
55 56
55 60
55 71
55 84
55 95
56 111
56 115
56 84
57 66
57 79
57 81
57 83
58 116
58 157
58 164
58 65
58 75
59 68
59 78
59 91
59 99
60 78
60 84
60 95
61 71
61 74
61 80
62 163
62 169
62 172
62 67
62 72
62 73
63 137
63 150
63 174
63 70
64 105
64 113
64 127
64 162
64 181
64 69
64 93
64 98
65 116
65 130
65 164
65 176
65 75
65 76
66 104
66 74
66 79
66 80
66 81
66 82
67 137
67 149
67 169
67 73
67 77
67 86
68 120
68 122
68 90
68 91
68 99
69 109
69 124
69 134
69 138
69 143
69 149
69 162
69 181
69 77
69 92
69 98
70 137
70 149
70 174
70 85
71 80
71 87
71 95
72 102
72 110
72 117
72 129
72 131
72 142
72 158
72 163
72 172
72 185
72 73
72 86
72 97
73 169
73 172
73 185
73 86
74 79
74 80
75 108
75 112
75 126
75 140
75 145
75 157
75 160
75 164
75 176
75 76
76 108
76 130
76 153
76 176
76 88
77 149
77 86
77 92
78 118
78 84
78 91
78 95
80 82
80 87
81 104
81 83
81 96
82 104
82 123
82 87
82 94
83 119
83 133
83 96
84 115
84 118
84 128
84 154
85 149
85 162
85 174
85 182
85 93
86 102
86 185
86 92
87 89
87 94
87 95
87 99
88 108
88 153
88 176
88 97
89 101
89 120
89 123
89 141
89 94
89 99
90 106
90 120
90 122
90 132
91 118
91 122
92 102
92 109
92 149
92 162
93 105
93 121
93 162
93 182
94 104
94 123
95 99
96 104
96 116
96 133
96 145
97 108
97 110
97 146
97 153
97 163
98 127
98 138
98 147
98 181
98 188
99 120
100 114
100 121
100 135
100 150
100 151
100 156
100 165
100 174
100 182
101 120
101 125
101 132
101 141
101 155
102 109
102 117
102 185
103 107
103 119
103 161
103 166
104 116
104 123
105 113
105 121
105 162
105 181
106 114
106 122
106 132
106 139
106 150
107 112
107 119
107 133
107 166
107 173
108 146
108 160
108 176
108 177
109 117
109 124
109 162
109 181
110 129
110 146
110 163
110 172
111 115
111 144
111 152
112 126
112 133
112 145
112 173
112 178
113 121
113 127
113 181
114 135
114 139
114 150
114 170
115 128
115 152
115 168
116 123
116 130
116 145
116 157
116 164
117 124
117 131
117 134
117 136
118 122
118 154
118 159
118 167
118 175
118 179
119 133
120 132
121 127
121 147
121 151
121 182
122 139
122 159
123 130
123 141
124 134
124 181
125 132
125 137
125 150
125 155
125 169
126 140
126 145
126 157
126 178
126 189
127 147
127 181
128 154
128 168
129 142
129 146
129 172
130 141
130 153
130 164
130 176
131 136
131 148
131 158
131 184
132 150
133 145
134 136
134 138
134 143
134 148
134 181
134 188
135 150
135 156
135 170
135 174
136 143
136 148
137 149
137 150
137 169
138 143
138 188
139 159
139 170
140 157
140 160
140 189
141 153
141 155
142 146
142 158
143 148
144 152
145 157
146 177
146 180
149 162
150 174
151 165
151 171
151 183
151 186
151 190
152 168
153 155
153 163
154 167
154 168
155 163
155 169
156 165
156 170
157 160
157 164
158 184
159 170
159 179
159 187
160 164
160 176
160 177
160 189
161 166
162 181
163 169
163 172
164 176
165 170
165 171
166 173
167 168
167 175
170 187
171 183
172 185
173 178
174 182
175 179
178 189
181 188
183 186
186 190
