0 120
0 121
0 190
0 277
0 298
0 332
0 357
0 385
0 42
0 458
0 489
1 192
1 318
1 32
1 322
1 339
1 410
1 418
1 446
1 52
2 25
2 289
2 295
2 313
2 40
2 493
2 74
3 183
3 195
3 223
3 235
3 256
3 288
3 346
3 436
3 89
4 297
4 324
4 328
4 341
4 379
4 443
4 463
4 503
5 16
5 173
5 198
5 205
5 209
5 262
5 285
5 349
5 354
5 370
5 391
5 424
5 431
5 66
6 134
6 200
6 211
6 232
6 287
6 296
6 353
6 364
6 392
6 93
7 107
7 150
7 174
7 250
7 316
7 327
7 37
7 380
7 426
7 494
7 68
8 128
8 142
8 143
8 230
8 272
8 399
8 464
8 82
9 228
9 293
9 300
9 383
9 472
9 480
9 483
9 501
9 91
10 110
10 245
10 253
10 351
10 416
10 420
10 473
10 476
10 94
11 146
11 210
11 239
11 25
11 275
11 306
11 468
11 48
11 54
11 78
12 135
12 28
12 373
12 374
12 390
12 437
12 459
12 46
12 510
12 96
13 120
13 166
13 18
13 207
13 216
13 225
13 264
13 317
13 325
13 357
13 366
13 41
13 425
13 489
13 499
13 51
13 75
14 100
14 137
14 203
14 252
14 290
14 302
14 308
14 335
14 377
15 139
15 156
15 202
15 221
15 337
15 428
15 442
15 488
15 83
15 85
15 90
16 173
16 198
16 204
16 209
16 262
16 285
16 349
16 418
16 449
17 113
17 151
17 181
17 38
17 463
17 490
17 50
17 503
18 166
18 216
18 357
18 366
18 41
18 499
19 145
19 228
19 246
19 293
19 367
19 445
19 472
19 506
20 108
20 154
20 170
20 237
20 254
20 263
20 271
20 333
20 356
20 362
20 389
20 60
20 70
21 170
21 188
21 231
21 338
21 361
21 389
21 451
22 101
22 192
22 32
22 330
22 381
22 446
22 449
22 475
22 52
23 103
23 113
23 124
23 213
23 222
23 314
23 329
23 342
23 471
24 100
24 161
24 189
24 31
24 315
24 367
24 405
24 407
24 445
24 63
25 239
25 289
25 307
25 344
25 468
25 54
25 78
26 172
26 238
26 257
26 260
26 267
26 363
26 398
26 46
26 81
27 187
27 189
27 243
27 265
27 269
27 355
27 382
27 419
27 507
27 86
28 135
28 164
28 242
28 305
28 320
28 373
28 49
28 493
28 510
28 88
29 139
29 162
29 202
29 232
29 413
29 428
29 484
29 488
29 500
29 61
30 122
30 138
30 144
30 167
30 300
30 316
30 33
30 37
30 387
30 388
30 43
30 453
30 467
30 60
31 100
31 145
31 189
31 246
31 367
31 405
31 445
31 65
32 192
32 198
32 285
32 410
32 418
32 449
32 475
32 52
33 138
33 167
33 347
33 387
33 43
33 467
34 247
34 326
34 48
34 54
34 97
35 127
35 141
35 196
35 217
35 309
35 384
35 398
35 67
35 84
36 123
36 154
36 206
36 220
36 254
36 263
36 333
36 362
36 505
36 69
37 122
37 144
37 174
37 218
37 280
37 316
37 327
37 415
37 453
37 68
38 113
38 151
38 181
38 297
38 324
38 433
38 443
38 463
38 490
38 496
39 110
39 124
39 169
39 178
39 213
39 342
39 471
39 476
39 480
39 485
40 126
40 295
40 313
40 486
40 74
41 166
41 207
41 216
41 270
41 325
41 75
42 121
42 131
42 190
42 277
42 298
42 378
42 385
42 489
42 502
42 86
43 194
43 218
43 237
43 286
43 316
43 387
43 467
43 59
43 60
44 136
44 140
44 211
44 224
44 283
44 292
44 317
44 319
44 324
44 423
44 47
44 490
44 497
45 155
45 207
45 292
45 317
45 51
45 58
45 87
46 126
46 260
46 267
46 313
46 363
46 373
46 374
46 447
46 457
46 459
46 81
46 99
47 106
47 136
47 140
47 224
47 319
47 324
47 328
47 423
47 474
47 503
48 159
48 210
48 239
48 247
48 259
48 275
48 307
48 54
48 97
49 104
49 117
49 176
49 198
49 212
49 242
49 276
49 291
49 305
49 475
49 510
49 88
50 109
50 113
50 136
50 490
50 503
50 76
51 155
51 207
51 292
51 317
51 462
51 477
51 75
51 87
52 101
52 192
52 283
52 318
52 322
52 330
52 390
52 410
52 475
53 118
53 201
53 229
53 244
53 349
53 370
53 391
53 424
53 429
53 452
54 239
54 247
54 275
54 307
54 468
55 112
55 225
55 258
55 266
55 365
55 366
55 443
55 454
55 499
56 108
56 194
56 237
56 241
56 281
56 59
57 119
57 256
57 288
57 315
57 336
57 359
57 400
57 405
57 436
57 63
57 89
58 197
58 207
58 292
58 317
58 325
58 403
58 87
59 194
59 218
59 237
59 241
59 250
59 316
60 108
60 167
60 194
60 237
60 286
60 316
60 333
60 362
60 467
60 495
61 139
61 148
61 149
61 162
61 413
61 441
61 442
61 500
62 235
62 352
62 375
62 402
62 404
62 411
62 421
62 427
62 470
63 119
63 315
63 405
63 407
63 436
63 89
64 196
64 208
64 215
64 238
64 240
64 257
64 372
64 438
65 161
65 246
65 274
65 336
65 360
65 405
65 445
65 494
65 68
66 106
66 125
66 205
66 233
66 285
66 296
66 393
66 410
66 423
66 430
66 431
66 465
66 71
67 196
67 238
67 260
67 384
67 398
67 447
67 81
68 122
68 133
68 144
68 246
68 274
68 280
68 327
68 494
69 123
69 154
69 263
69 279
69 348
69 461
69 505
69 70
70 154
70 263
70 271
70 284
70 348
70 389
70 451
71 125
71 285
71 318
71 409
71 410
71 430
71 431
71 76
72 159
72 247
72 249
72 303
72 326
72 464
72 508
72 82
73 119
73 278
73 343
73 359
73 400
73 432
73 479
73 89
74 126
74 295
74 313
74 320
74 373
74 434
74 457
74 493
75 155
75 207
75 214
75 216
75 270
75 357
75 458
75 489
76 109
76 125
76 136
76 283
76 318
76 322
76 410
76 423
76 490
77 114
77 115
77 128
77 129
77 157
77 175
77 182
77 209
77 262
77 276
77 340
77 345
77 391
77 478
77 95
78 146
78 239
78 289
78 295
78 307
78 344
78 434
78 468
79 134
79 149
79 376
79 413
79 421
79 470
79 500
80 102
80 111
80 127
80 141
80 177
80 304
80 466
80 84
80 94
81 238
81 260
81 267
81 447
81 457
81 459
81 99
82 128
82 142
82 247
82 249
82 399
82 464
82 508
83 156
83 277
83 298
83 332
83 337
83 460
83 85
84 127
84 141
84 217
84 299
84 309
84 312
84 473
84 492
84 94
85 156
85 221
85 226
85 488
85 90
86 131
86 243
86 378
86 385
86 419
86 502
86 507
86 92
87 155
87 292
87 403
87 422
87 462
87 477
88 135
88 164
88 176
88 184
88 242
88 305
88 320
89 119
89 256
89 288
89 346
89 400
89 436
89 479
90 139
90 156
90 221
90 428
90 442
91 163
91 169
91 178
91 383
91 472
91 480
91 483
91 498
92 261
92 365
92 385
92 397
92 502
92 507
93 287
93 296
93 376
93 392
93 396
93 404
93 465
93 474
94 127
94 299
94 351
94 466
94 473
94 476
95 104
95 276
95 291
95 340
95 345
96 111
96 135
96 177
96 374
96 386
96 390
96 437
96 447
96 459
97 159
97 247
97 259
97 303
97 326
97 331
98 263
98 279
98 284
98 348
98 461
99 320
99 373
99 457
99 459
100 145
100 189
100 203
100 308
100 335
100 367
100 407
101 130
101 153
101 192
101 304
101 322
101 329
101 330
101 334
101 381
101 390
101 446
102 111
102 116
102 130
102 177
102 304
102 386
102 466
103 113
103 124
103 151
103 301
103 329
103 342
103 496
104 176
104 212
104 276
104 291
104 305
104 345
105 137
105 228
105 248
105 255
105 290
105 308
105 394
105 481
105 483
105 501
106 136
106 224
106 233
106 296
106 393
106 423
106 465
106 474
107 150
107 165
107 174
107 230
107 250
107 380
107 426
107 450
108 170
108 194
108 237
108 281
108 356
108 362
109 113
109 318
109 322
109 339
109 490
110 169
110 253
110 383
110 416
110 417
110 420
110 476
110 480
110 498
111 141
111 177
111 384
111 386
111 398
111 447
112 258
112 266
112 379
112 395
112 408
112 443
112 454
112 504
113 151
113 314
113 322
113 329
113 339
113 490
113 496
114 118
114 129
114 175
114 182
114 262
114 268
114 391
114 478
115 128
115 132
115 157
115 171
115 175
115 345
116 130
116 158
116 304
116 334
116 381
116 466
117 198
117 204
117 212
117 234
117 291
117 330
117 449
117 475
117 510
118 129
118 262
118 268
118 349
118 391
118 429
118 452
119 359
119 400
119 407
119 432
120 190
120 225
120 258
120 323
120 357
120 365
120 385
120 397
120 489
120 499
121 131
121 298
121 332
121 369
122 144
122 246
122 274
122 293
122 300
122 388
122 506
123 208
123 220
123 273
123 279
123 311
123 438
123 461
123 505
124 151
124 301
124 329
124 342
124 433
124 471
124 485
124 496
125 136
125 233
125 393
125 410
125 423
125 430
126 267
126 313
126 363
126 371
126 457
126 486
127 141
127 177
127 299
127 304
127 309
127 351
127 398
127 466
127 471
127 476
128 132
128 142
128 157
128 171
128 175
128 182
128 199
128 247
128 249
128 275
128 399
129 182
129 227
129 268
129 391
129 429
129 452
129 455
129 491
130 153
130 234
130 304
130 330
130 381
130 386
130 390
131 180
131 243
131 265
131 277
131 298
131 378
131 382
132 157
132 171
132 199
132 310
132 345
132 399
132 469
133 274
133 280
133 327
133 360
133 435
133 439
133 494
134 232
134 287
134 353
134 364
134 376
134 392
134 470
134 484
134 500
135 305
135 320
135 373
135 437
135 459
135 510
136 233
136 283
136 324
136 423
136 490
136 503
137 248
137 290
137 308
137 377
137 408
137 481
138 167
138 186
138 300
138 347
138 387
138 388
138 453
139 162
139 202
139 428
139 442
139 484
139 488
139 500
140 160
140 224
140 319
140 328
140 474
140 497
141 177
141 384
141 398
142 143
142 150
142 171
142 182
142 230
142 272
142 399
142 401
142 426
142 450
142 464
142 491
142 508
143 230
143 241
143 281
143 321
143 358
143 426
143 464
143 508
144 274
144 280
144 388
144 415
144 453
144 506
145 189
145 228
145 246
145 290
145 293
145 308
145 335
145 367
145 501
146 164
146 184
146 242
146 289
146 306
146 434
146 468
147 167
147 245
147 312
147 333
147 350
147 414
147 416
147 417
147 505
148 149
148 162
148 256
148 346
148 413
148 441
148 479
149 346
149 412
149 413
149 421
149 500
150 165
150 230
150 294
150 327
150 380
150 426
150 439
150 450
150 491
150 494
151 181
151 301
151 433
151 444
151 496
152 183
152 195
152 201
152 229
152 244
152 352
152 487
153 177
153 304
153 374
153 386
153 390
154 254
154 263
154 356
154 389
155 207
155 214
155 270
155 462
156 337
156 406
156 460
157 175
157 199
157 275
157 276
157 310
157 345
157 469
158 213
158 222
158 304
158 334
158 351
158 466
158 471
159 210
159 247
159 249
159 303
159 326
159 464
160 185
160 264
160 297
160 319
160 325
160 328
160 341
160 497
161 315
161 336
161 360
161 405
161 435
161 436
161 445
162 202
162 256
162 368
162 413
162 440
162 441
162 442
162 479
163 186
163 300
163 383
163 388
163 472
163 498
164 184
164 242
164 289
164 320
164 434
164 493
165 219
165 227
165 380
165 439
165 450
165 455
165 491
166 185
166 264
166 325
166 366
166 425
167 186
167 286
167 300
167 333
167 347
167 350
167 417
167 467
168 205
168 229
168 352
168 354
168 393
168 402
168 411
168 430
169 178
169 213
169 342
169 420
169 476
169 480
169 498
170 188
170 237
170 271
170 281
170 338
170 356
170 358
170 389
170 451
171 175
171 182
171 272
171 399
171 401
171 450
172 193
172 238
172 257
172 267
172 363
172 371
173 285
173 349
173 409
173 418
173 424
173 431
174 218
174 250
174 316
174 327
174 380
174 415
175 182
175 268
175 340
175 345
175 401
175 478
176 184
176 242
176 276
176 305
176 310
176 345
176 469
177 260
177 304
177 374
177 384
177 386
177 398
177 447
178 255
178 301
178 342
178 480
178 483
178 485
179 180
179 236
179 265
179 269
179 277
179 278
179 337
179 359
179 368
179 382
179 406
179 440
180 243
180 251
180 265
180 277
180 298
180 337
180 382
180 406
180 460
181 379
181 433
181 443
181 444
181 463
181 504
182 227
182 268
182 401
182 491
183 195
183 201
183 235
183 288
183 435
183 436
183 487
184 242
184 276
184 306
184 468
184 469
185 264
185 297
185 325
185 341
185 366
185 425
185 454
186 253
186 300
186 347
186 383
186 388
186 417
186 498
187 189
187 252
187 269
187 302
187 343
187 355
187 507
188 231
188 338
188 358
188 361
188 482
189 203
189 252
189 265
189 269
189 335
189 343
189 355
189 359
189 405
189 407
189 419
189 432
190 277
190 378
190 385
190 397
190 489
190 502
191 193
191 240
191 257
191 372
192 381
192 418
192 446
192 449
193 238
193 240
193 257
193 267
193 371
194 237
194 286
194 362
194 495
195 201
195 223
195 235
195 352
196 208
196 215
196 217
196 238
196 257
196 309
196 398
197 292
197 317
197 325
197 396
197 403
197 497
198 204
198 209
198 276
198 285
198 291
198 449
198 475
199 210
199 247
199 249
199 275
199 306
199 399
199 469
200 211
200 232
200 353
200 364
200 422
200 448
200 462
200 477
200 488
200 509
201 219
201 229
201 235
201 244
201 288
201 352
201 370
201 411
201 452
201 487
202 440
202 442
202 488
203 252
203 335
203 407
203 432
204 209
204 262
204 291
204 449
204 478
205 296
205 354
205 370
205 393
205 402
205 411
205 427
205 430
205 431
205 465
206 220
206 286
206 333
206 350
206 362
206 414
206 495
206 505
207 270
207 317
207 325
208 215
208 217
208 220
208 273
208 282
208 372
208 438
209 262
209 276
209 291
209 340
209 391
209 478
210 247
210 249
210 275
210 306
211 224
211 287
211 292
211 296
211 364
211 396
211 403
211 422
211 474
211 477
212 234
212 291
212 305
212 437
212 510
213 222
213 342
213 351
213 420
213 471
213 476
214 216
214 270
214 458
215 217
215 257
215 273
215 309
215 312
215 372
215 398
216 270
216 357
216 458
217 220
217 273
217 282
217 309
217 312
217 492
218 250
218 316
218 387
218 415
218 453
219 244
219 294
219 435
219 439
219 452
219 455
219 487
220 273
220 282
220 312
220 505
221 226
221 428
221 448
221 488
221 509
222 304
222 314
222 329
222 334
222 471
223 235
223 346
223 352
223 375
223 412
224 296
224 396
224 423
224 474
224 497
225 258
225 366
225 425
225 443
225 454
225 499
226 462
226 488
226 509
227 268
227 401
227 450
227 455
227 491
228 293
228 308
228 367
228 472
228 483
228 501
229 352
229 354
229 370
229 411
229 424
230 241
230 250
230 272
230 426
230 450
231 303
231 321
231 331
231 338
231 358
231 361
231 482
231 508
232 353
232 392
232 413
232 428
232 470
232 484
232 488
232 500
233 393
233 423
234 330
234 386
234 390
234 437
234 475
234 510
235 256
235 288
235 346
235 352
235 375
235 411
235 412
235 413
235 421
236 269
236 278
236 368
236 382
236 406
236 440
236 441
236 442
237 241
237 281
237 316
237 358
237 426
238 240
238 257
238 260
238 267
238 398
239 307
240 257
240 372
240 438
240 456
241 250
241 281
241 316
241 426
242 276
242 289
242 468
242 493
243 265
243 378
243 382
243 419
244 429
244 452
244 455
245 253
245 347
245 350
245 414
245 416
245 417
245 473
246 274
246 293
246 445
246 506
247 249
247 275
247 326
248 255
248 394
248 395
248 408
248 444
248 481
248 485
248 504
249 399
249 464
250 316
250 426
251 298
251 332
251 369
251 460
252 302
252 335
252 343
252 355
252 432
253 347
253 383
253 416
253 417
253 420
253 498
254 263
254 356
254 362
255 301
255 394
255 444
255 480
255 483
255 485
256 288
256 346
256 400
256 413
256 479
257 372
257 398
258 266
258 323
258 365
258 395
258 397
258 443
258 481
258 499
260 374
260 384
260 398
260 447
261 266
261 302
261 365
261 377
261 397
261 481
261 502
261 507
262 349
262 391
262 478
263 271
263 284
263 333
263 348
263 362
263 461
263 505
264 297
264 317
264 319
264 325
264 425
265 269
265 277
265 359
265 378
265 382
265 419
266 365
266 377
266 395
266 397
266 408
266 481
267 363
267 371
267 457
268 401
268 429
268 455
269 278
269 343
269 359
269 382
271 284
271 389
271 451
272 399
272 450
273 311
273 312
273 372
273 438
273 461
273 505
274 280
274 360
274 445
274 506
275 276
275 306
275 468
275 469
276 291
276 310
276 345
276 468
276 469
277 298
277 332
277 337
277 378
277 489
278 343
278 359
278 368
278 400
278 441
278 479
279 311
279 348
279 438
279 461
280 327
280 415
281 321
281 338
281 356
281 358
281 426
282 414
282 492
283 318
283 322
283 410
283 423
283 490
284 348
284 451
285 409
285 410
285 418
285 431
285 449
286 333
286 350
286 467
286 495
287 296
287 364
287 376
287 392
287 396
288 336
288 435
288 436
288 487
289 295
289 344
289 434
289 468
289 493
290 302
290 308
290 335
290 355
290 377
290 481
290 501
290 502
291 340
291 478
292 317
292 396
292 403
292 477
292 497
293 300
293 472
293 501
293 506
294 439
294 452
294 455
294 491
294 494
295 344
295 434
295 493
296 392
296 396
296 423
296 427
296 465
296 474
297 319
297 324
297 328
297 341
297 425
297 443
297 463
298 332
298 337
298 460
299 309
299 312
299 416
299 473
299 476
299 492
300 383
300 388
300 417
300 472
300 506
301 342
301 433
301 444
301 485
302 335
302 355
302 377
302 502
302 507
303 321
303 326
303 331
303 464
303 482
303 508
304 329
304 334
304 381
304 466
304 471
305 437
305 510
306 468
306 469
307 344
308 335
308 367
308 501
309 312
309 398
310 345
310 469
311 372
311 438
311 461
312 414
312 416
312 492
312 505
313 363
313 373
313 457
313 486
313 493
314 322
314 329
314 334
314 339
314 446
315 336
315 405
315 436
316 387
316 426
316 453
317 319
317 325
317 497
318 322
318 339
318 409
318 410
318 418
319 324
319 325
319 328
319 497
320 373
320 434
320 457
320 459
320 493
321 338
321 358
321 464
321 508
322 329
322 339
322 446
322 490
322 496
323 357
323 365
323 385
323 499
324 328
324 463
324 490
324 503
325 497
326 331
326 482
326 508
327 380
327 415
327 439
327 494
328 341
328 503
329 334
329 471
329 496
330 381
330 390
330 449
330 475
331 361
331 482
332 369
332 458
333 350
333 362
333 495
333 505
334 381
334 446
335 355
336 360
336 405
336 435
336 436
336 494
337 406
337 442
337 460
338 356
338 358
338 389
339 446
340 345
340 478
341 379
341 425
341 443
341 454
342 471
342 485
343 359
343 432
346 412
346 413
346 479
347 350
347 417
347 467
348 461
349 391
349 424
350 414
350 467
350 505
351 420
351 466
351 471
351 476
352 375
352 402
352 411
353 364
353 422
353 428
353 448
353 484
353 488
354 370
354 411
354 424
354 430
354 431
355 419
355 502
355 507
356 362
356 389
357 385
357 458
357 489
357 499
358 426
358 482
358 508
359 368
359 400
359 405
359 407
359 432
360 435
360 445
360 494
361 482
362 495
363 371
363 486
364 396
364 403
364 422
365 385
365 397
365 499
366 425
366 454
366 499
367 445
368 400
368 440
368 441
368 479
370 391
370 411
370 424
370 452
372 438
372 456
373 457
373 459
373 493
374 386
374 390
374 447
374 459
375 402
375 404
375 412
375 421
376 392
376 404
376 421
376 470
377 408
377 481
377 502
378 419
378 502
379 443
379 454
379 463
379 504
380 439
381 390
381 446
382 406
383 417
383 472
383 480
383 498
384 398
384 447
385 397
386 390
386 437
387 453
388 453
388 472
388 506
389 451
390 437
390 475
390 510
391 424
391 452
392 404
392 427
392 465
392 470
393 402
393 430
393 465
394 395
394 480
394 481
394 483
394 485
394 501
395 408
395 433
395 443
395 444
395 481
395 485
395 504
396 403
396 474
396 497
397 481
397 502
398 447
399 464
400 479
401 450
401 491
402 404
402 411
402 427
402 465
403 422
403 477
404 421
404 427
404 465
404 470
405 407
405 445
406 440
406 442
406 460
407 432
408 481
408 504
409 410
409 418
409 431
410 418
410 423
411 427
412 413
412 421
413 421
413 470
413 500
414 416
414 473
414 492
414 505
415 453
416 417
416 473
416 476
416 492
418 449
419 502
420 476
420 498
421 470
422 448
422 462
422 477
422 509
424 431
425 443
425 454
426 508
427 465
428 448
428 484
428 488
429 452
429 455
430 431
433 443
433 444
433 485
433 496
433 504
434 493
435 436
435 439
435 487
435 494
437 510
438 456
439 494
440 442
441 442
441 479
443 454
443 463
443 504
444 485
444 504
445 506
447 459
448 488
448 509
449 475
450 491
452 455
452 491
455 491
458 489
461 505
462 477
462 488
462 509
463 490
463 503
464 508
465 474
466 471
468 469
470 500
471 476
472 483
472 506
473 492
474 497
475 510
480 483
480 485
480 501
481 501
481 502
482 508
483 501
484 500
488 509
490 496
490 503
502 507
