3 2
5 1
8 2
9 2
10 2
11 1
16 2
17 2
19 1
20 2
22 2
23 1
27 2
28 1
32 2
33 1
38 2
41 2
44 2
45 2
46 2
49 2
50 2
53 2
56 2
57 2
62 2
64 2
65 1
67 2
69 2
72 1
81 2
82 2
83 2
84 2
88 2
89 2
90 2
92 2
94 2
99 1
100 2
102 2
103 2
110 2
112 2
114 2
117 2
123 2
125 2
128 2
130 2
131 1
132 2
135 1
137 2
140 2
141 2
142 1
147 2
149 2
152 2
156 2
159 2
162 2
163 2
167 2
170 2
174 2
176 2
182 2
187 2
190 1
191 2
192 2
193 1
200 1
201 2
203 2
205 2
210 2
211 2
213 2
214 2
217 2
219 2
220 2
222 2
223 2
224 2
230 2
231 2
233 2
234 2
237 2
242 2
246 2
247 2
248 2
252 2
258 2
260 2
264 2
265 1
268 2
271 2
273 2
278 2
279 2
280 2
283 2
284 1
289 1
290 1
294 2
295 2
296 2
298 2
299 2
301 1
302 1
303 2
304 1
307 1
310 2
311 1
314 1
316 2
319 2
322 1
323 2
324 2
329 2
330 1
337 1
342 2
343 2
346 2
347 2
348 2
350 1
352 2
357 2
360 2
362 2
365 2
366 2
367 2
369 2
371 1
372 2
373 2
377 2
379 1
382 2
389 2
395 2
398 2
399 2
401 2
402 2
404 1
408 2
409 2
416 2
417 2
419 2
420 2
424 2
425 2
426 2
427 1
428 2
431 1
432 2
433 1
436 2
438 2
442 2
446 2
447 1
448 2
452 1
453 2
456 2
457 2
461 2
462 2
463 2
465 2
467 1
468 2
470 2
474 1
476 2
477 2
478 1
480 2
481 1
483 2
485 2
486 2
488 2
489 1
490 2
491 1
493 2
494 1
495 2
496 2
498 2
500 1
505 2
506 2
507 1
508 1
511 2
512 2
516 2
517 1
518 2
519 2
520 2
521 1
522 2
523 2
526 2
527 2
529 1
530 2
531 2
538 2
540 2
547 2
549 2
554 2
556 2
558 2
560 2
561 2
563 1
566 2
568 2
569 2
574 2
575 2
578 1
579 2
580 2
581 2
583 2
584 1
586 2
588 2
589 2
591 2
593 1
594 1
595 2
596 2
600 2
601 2
603 2
606 2
610 1
613 2
616 1
619 1
629 2
630 2
631 2
633 2
634 2
635 1
637 1
639 2
641 2
644 2
648 1
654 1
655 1
656 2
657 2
660 2
661 1
662 1
663 1
664 1
665 1
669 2
670 2
677 2
679 1
680 2
682 2
683 2
687 2
690 1
692 2
694 2
701 2
704 2
706 2
708 1
710 2
711 2
713 2
717 2
721 1
722 1
723 2
725 2
729 2
731 1
732 1
734 2
736 2
737 2
738 2
753 2
756 2
757 1
761 2
763 2
764 2
765 2
767 2
769 2
772 2
774 2
776 2
779 2
781 2
782 1
784 1
787 2
788 2
789 2
790 2
799 2
800 2
801 1
809 1
812 2
817 2
819 2
821 2
822 2
823 2
825 2
829 2
831 1
833 1
834 2
835 2
836 1
839 2
841 2
842 1
845 1
847 2
853 2
855 2
856 2
857 2
858 2
859 2
860 1
864 2
865 2
868 2
869 2
874 1
879 2
881 2
883 2
886 1
888 2
889 2
892 2
893 2
895 1
897 2
900 2
901 1
902 2
903 1
904 2
905 1
906 2
907 2
908 1
909 1
910 2
912 2
915 1
919 2
920 2
921 2
922 2
924 1
926 2
927 2
929 2
930 1
932 2
934 2
935 2
937 2
938 2
941 2
945 2
947 2
949 1
951 2
952 2
957 2
959 2
960 2
961 2
962 2
963 1
964 2
969 1
973 2
974 1
975 2
977 2
978 1
979 2
980 2
982 2
983 1
985 2
986 2
989 2
993 2
995 2
996 1
997 2
1000 2
1001 2
1003 1
1005 2
1011 1
1012 1
1018 2
1019 2
1020 2
1021 2
1022 2
1023 2
1024 2
1027 2
1029 2
1031 2
1034 2
1035 1
1037 2
1040 2
1042 2
1044 2
1046 2
1047 1
1048 2
1050 2
1052 2
1054 2
1055 1
1056 2
1058 1
1059 2
1063 1
1066 2
1072 2
1073 2
1074 2
1075 2
1076 2
1077 2
1078 1
1080 2
1081 2
1082 1
1085 2
1086 1
1087 2
1090 2
1091 2
1092 1
1093 1
1095 2
1099 1
1100 2
1102 2
1104 2
1105 2
1107 2
1108 2
1109 2
1110 2
1111 2
1117 2
1118 1
1121 2
1123 1
1126 2
1127 2
1128 2
1129 2
1131 1
1132 2
1133 1
1134 1
1137 2
1139 2
1142 2
1143 1
1144 2
1148 2
1150 2
1151 2
1153 2
1158 2
1159 2
1163 2
1165 1
1166 2
1167 2
1168 1
1172 2
1173 2
1175 1
1177 2
1179 2
1181 1
1182 1
1183 2
1185 2
1186 2
1187 2
1189 1
1190 1
1191 2
1195 2
1200 2
1202 2
1203 2
1206 2
1210 2
1212 2
1214 2
1215 2
1221 2
1224 2
1225 2
1226 2
1227 2
1229 2
1233 1
1234 1
1235 1
1241 2
1242 2
1243 2
1244 1
1245 2
1247 1
1248 2
1250 2
1254 1
1255 2
1259 2
1261 2
1264 2
1265 2
1268 1
1270 2
1271 2
1272 2
1273 2
1277 2
1278 2
1279 2
1280 1
1281 1
1285 2
1287 2
1289 1
1291 2
1292 2
1293 2
1294 2
1300 2
1306 1
1308 2
1309 2
1311 2
1313 2
1314 2
1315 2
1316 2
1317 1
1318 2
1319 1
1322 2
1323 2
1325 2
1326 2
1330 2
1331 2
1332 2
1336 2
1338 2
1339 2
1340 2
1344 2
1346 2
1350 1
1351 1
1353 2
1356 1
1358 2
1361 1
1362 1
1363 2
1364 2
1367 2
1373 2
1374 1
1376 1
1379 2
1383 2
1388 2
1389 1
1393 2
1394 2
1398 2
1400 1
1405 1
1407 2
1408 1
1412 2
1413 2
1415 2
1416 1
1417 2
1418 1
1419 1
1420 1
1421 1
