0 1045
0 1072
0 1244
0 1324
0 136
0 1383
0 217
0 292
0 629
0 727
0 745
1 1067
1 1221
1 128
1 132
1 190
1 28
1 309
1 502
1 691
1 790
1 880
2 1270
2 1345
2 232
2 468
2 488
2 52
2 726
2 80
2 954
2 988
3 1023
3 1067
3 1356
3 196
3 296
3 4
3 472
3 691
3 731
3 909
4 1022
4 1356
4 196
4 202
4 220
4 296
4 472
4 572
4 691
4 795
4 908
5 1414
5 230
5 554
5 639
5 659
5 799
5 930
5 978
6 1403
6 306
6 344
6 455
6 576
6 652
6 71
6 890
7 1182
7 1403
7 539
7 541
7 561
7 652
7 71
7 770
7 793
7 82
7 998
8 1036
8 1059
8 1117
8 1124
8 1364
8 156
8 460
8 477
8 602
9 1195
9 1268
9 1330
9 195
9 251
9 372
9 568
9 570
10 1014
10 1248
10 1286
10 147
10 174
10 260
10 558
10 834
10 861
10 993
11 1103
11 1227
11 1305
11 1398
11 363
11 441
11 527
11 616
12 1026
12 1377
12 146
12 716
13 1015
13 1028
13 1103
13 1335
13 261
13 363
13 439
13 445
13 750
13 806
13 911
13 942
13 944
14 101
14 1119
14 115
14 1266
14 24
14 780
14 820
14 97
15 1009
15 1192
15 1288
15 384
15 392
15 585
15 890
16 1246
16 1322
16 1360
16 379
16 486
16 767
17 1106
17 1121
17 1270
17 1301
17 211
17 370
17 519
17 638
17 879
17 988
18 1017
18 1138
18 1173
18 1210
18 159
18 228
18 475
18 532
18 669
18 852
18 900
19 1023
19 1067
19 1092
19 1314
19 180
19 731
19 790
20 1006
20 1222
20 1405
20 290
20 405
20 626
20 937
21 1147
21 1409
21 155
21 353
21 450
21 525
21 634
22 1106
22 1133
22 197
22 365
22 879
22 92
22 927
22 958
23 1062
23 123
23 271
23 280
23 664
23 69
23 708
23 791
24 101
24 1119
24 1171
24 1217
24 810
24 820
24 97
24 984
25 1089
25 144
25 429
25 562
25 585
25 590
25 733
25 816
25 862
25 885
26 1044
26 1292
26 204
26 229
26 342
26 343
26 42
26 430
26 681
26 967
27 100
27 116
27 1161
27 167
27 203
27 377
27 542
27 772
27 878
28 1221
28 1264
28 132
28 190
28 223
28 309
28 489
29 1160
29 1410
29 146
29 565
29 632
29 68
29 686
29 754
29 792
29 981
30 1154
30 272
30 287
30 336
30 760
30 851
30 965
31 1232
31 1370
31 1396
31 198
31 336
31 653
31 851
32 1118
32 1158
32 1219
32 387
32 515
32 668
32 739
32 810
33 1090
33 1251
33 1369
33 210
33 265
33 456
33 474
33 941
34 1240
34 1279
34 1408
34 1414
34 245
34 325
34 847
34 887
34 925
34 978
35 1093
35 1145
35 1238
35 165
35 278
35 368
35 432
35 511
35 54
35 615
35 914
35 943
35 951
36 1336
36 1392
36 148
36 218
36 225
36 501
36 714
36 735
37 1106
37 1121
37 1124
37 1364
37 211
37 370
37 477
37 718
37 958
38 100
38 1095
38 116
38 1202
38 123
38 280
38 335
38 685
39 1208
39 1240
39 161
39 179
39 247
39 711
39 797
39 921
40 1404
40 206
40 604
40 637
40 715
40 832
40 96
41 1024
41 1061
41 1080
41 1313
41 300
41 320
41 62
41 812
41 959
42 1114
42 1163
42 1271
42 1292
42 1328
42 204
42 343
42 417
42 967
42 990
43 1170
43 1357
43 172
43 312
43 337
43 567
43 654
43 844
43 889
43 982
44 1040
44 1075
44 1159
44 1337
44 1382
44 432
44 82
44 884
44 933
45 1189
45 1251
45 1294
45 205
45 474
45 728
45 808
45 922
45 941
46 1127
46 1296
46 284
46 357
46 507
46 643
46 857
46 874
47 1065
47 111
47 1130
47 119
47 1249
47 1304
47 340
47 354
47 358
47 380
47 627
47 768
47 98
48 1137
48 1311
48 1319
48 1333
48 169
48 279
48 409
48 422
48 469
48 550
48 704
48 846
48 854
48 895
48 928
48 947
49 1037
49 1157
49 1166
49 1272
49 292
49 356
49 580
49 757
49 986
50 103
50 118
50 1298
50 135
50 150
50 248
50 317
50 328
50 972
51 1025
51 120
51 122
51 1354
51 235
51 697
51 77
52 1074
52 1299
52 232
52 310
52 468
52 846
52 95
52 954
53 1019
53 108
53 1181
53 1230
53 1331
53 1339
53 425
53 483
54 1093
54 1145
54 1160
54 1238
54 1395
54 492
54 511
54 539
54 615
54 82
55 391
55 414
55 623
55 667
55 758
55 971
56 1180
56 1281
56 1310
56 1326
56 351
56 373
56 533
56 647
56 67
56 670
56 892
57 1319
57 232
57 310
57 362
57 365
57 468
57 488
58 1197
58 1359
58 238
58 328
58 535
58 571
58 74
58 758
58 773
58 923
59 1116
59 133
59 1363
59 160
59 169
59 581
59 596
59 63
59 928
59 947
60 1305
60 1398
60 180
60 188
60 327
60 363
60 439
60 441
60 713
60 848
60 996
61 102
61 1034
61 1043
61 1078
61 1082
61 113
61 1180
61 1223
61 400
61 755
61 892
62 1056
62 1071
62 300
62 320
62 424
62 666
62 734
62 736
62 812
62 823
63 1098
63 1115
63 1116
63 1211
63 1299
63 1394
63 574
63 737
63 928
63 947
64 1084
64 1087
64 253
64 289
64 610
64 656
64 934
64 955
65 1225
65 1279
65 325
65 493
65 635
65 799
65 924
65 925
66 1111
66 1123
66 1413
66 201
66 250
66 394
66 442
66 494
66 583
66 676
66 762
66 877
66 936
67 1281
67 1310
67 333
67 373
67 523
67 533
67 647
68 1010
68 1145
68 1160
68 1238
68 632
68 754
68 882
68 981
69 1062
69 1208
69 1388
69 175
69 271
69 664
69 791
69 915
70 1256
70 1264
70 1387
70 219
70 296
70 416
70 472
70 552
70 572
70 648
70 655
70 691
70 771
70 909
71 1329
71 1403
71 1410
71 344
71 455
71 539
71 652
71 770
71 890
72 1289
72 1355
72 709
72 769
72 834
72 883
72 983
73 1132
73 1201
73 1237
73 1318
73 1334
73 1419
73 227
73 399
73 401
73 437
74 106
74 1140
74 1359
74 164
74 535
74 571
74 582
75 1033
75 1174
75 1257
75 1330
75 195
75 624
75 641
75 680
75 688
75 902
75 985
76 1402
76 1404
76 143
76 305
76 345
76 548
76 604
76 918
76 950
77 1025
77 120
77 1354
77 157
77 255
77 697
77 775
77 863
77 956
78 1043
78 1147
78 1162
78 1308
78 450
78 634
78 763
78 827
79 1016
79 1176
79 1250
79 1276
79 246
79 448
79 814
79 821
79 91
79 946
80 1106
80 1270
80 197
80 232
80 362
80 365
80 488
80 854
80 879
80 988
81 165
81 210
81 265
81 307
81 368
81 420
81 524
81 739
81 964
81 979
82 1093
82 1337
82 1382
82 432
82 492
82 539
82 561
82 615
82 788
82 793
82 998
83 1005
83 1062
83 1361
83 271
83 291
83 404
83 708
83 720
84 1091
84 1105
84 1203
84 1295
84 1341
84 411
84 512
84 869
84 929
85 1024
85 1046
85 1061
85 276
85 378
85 520
85 553
85 694
85 959
85 966
86 1213
86 435
86 440
86 514
86 618
86 876
87 1064
87 1077
87 1129
87 1185
87 1325
87 1371
87 1417
87 199
87 312
87 338
87 844
88 1258
88 1306
88 1347
88 268
88 277
88 481
88 579
88 738
88 753
88 839
89 1097
89 1148
89 1244
89 191
89 464
89 521
89 717
89 745
90 1099
90 1303
90 1364
90 156
90 211
90 519
90 602
90 638
90 690
90 987
91 1016
91 1205
91 403
91 445
91 527
91 814
91 821
91 828
91 911
92 1027
92 1106
92 1121
92 927
92 958
93 1020
93 1047
93 1284
93 1320
93 133
93 1375
93 1387
93 222
93 281
93 529
93 789
93 977
94 1052
94 1053
94 1291
94 1332
94 182
94 304
94 755
94 784
95 1074
95 310
95 346
95 468
95 954
96 1136
96 206
96 231
96 361
96 461
96 604
96 637
96 715
97 1065
97 111
97 115
97 1249
97 354
97 768
97 810
97 820
97 984
98 119
98 1249
98 1399
98 340
98 410
98 627
99 1109
99 1187
99 1265
99 219
99 480
99 494
99 572
99 908
99 936
100 116
100 280
100 377
100 685
101 1119
101 1217
101 1266
101 1267
101 459
101 544
101 780
101 820
101 984
102 1043
102 1078
102 1082
102 1110
102 113
102 1180
102 1308
102 1326
102 1397
102 892
103 1101
103 118
103 1298
103 1381
103 153
103 248
103 764
103 963
104 1122
104 171
104 487
104 600
104 607
104 696
104 826
104 850
104 888
104 907
104 926
105 1201
105 285
105 376
105 401
105 437
105 458
105 576
106 1140
106 1359
106 164
106 381
106 571
106 582
106 623
106 741
106 798
106 843
107 1146
107 1222
107 1269
107 266
107 543
107 673
107 678
107 689
107 703
107 873
107 999
108 1064
108 1077
108 1230
108 1331
108 1339
108 312
108 567
108 826
109 1192
109 384
109 577
109 585
109 733
110 1069
110 1231
110 1388
110 485
110 664
110 721
110 906
111 1249
111 1304
111 354
111 627
111 768
112 1007
112 1066
112 1131
112 1172
112 1261
112 141
112 573
113 1180
113 1326
113 1397
113 628
113 647
114 1063
114 1069
114 125
114 138
114 1412
114 1416
114 559
114 695
114 804
114 963
115 1065
115 1266
115 257
115 768
115 820
116 1161
116 1202
116 280
116 335
116 377
116 542
116 685
116 802
116 878
117 1018
117 1159
117 270
117 456
117 522
117 796
117 973
118 1298
118 1381
118 150
118 153
118 248
118 317
118 804
119 1112
119 1249
119 1399
119 244
119 340
119 358
119 515
119 551
120 1025
120 1164
120 122
120 235
120 697
120 956
121 1084
121 1286
121 1351
121 212
121 288
121 423
121 443
121 591
121 595
121 709
121 834
121 861
121 989
121 995
122 1125
122 1164
122 235
122 546
122 612
122 697
122 798
123 1095
123 1342
123 280
123 619
123 664
123 685
123 791
124 1086
124 1252
124 1347
124 1384
124 226
124 396
124 438
124 476
124 588
124 901
125 1063
125 153
125 695
125 764
125 804
125 963
126 1009
126 1403
126 144
126 285
126 306
126 376
126 455
126 458
126 576
126 577
127 1280
127 1349
127 168
127 176
127 325
127 467
127 493
127 517
127 586
127 597
127 672
127 975
128 1221
128 1227
128 190
128 294
128 502
128 811
128 828
128 880
129 1312
129 143
129 206
129 389
129 444
129 604
129 626
129 703
129 832
130 1128
130 1343
130 140
130 273
130 276
130 419
130 462
130 694
130 747
130 866
130 932
131 176
131 329
131 601
131 818
131 833
131 924
131 970
131 997
132 1067
132 1264
132 309
132 691
132 731
132 790
133 1020
133 1284
133 1363
133 1375
133 160
133 169
133 550
133 596
133 789
134 158
134 451
134 611
134 617
134 618
134 863
134 872
134 876
135 238
135 248
135 317
135 328
135 530
135 837
135 923
135 930
136 1033
136 1157
136 1257
136 217
136 292
136 299
136 319
136 629
136 727
137 1128
137 1214
137 1271
137 1285
137 1407
137 397
137 426
137 871
137 990
138 1069
138 1412
138 153
138 559
138 695
138 797
138 804
139 1057
139 150
139 238
139 667
139 758
139 773
139 971
139 972
140 1004
140 1079
140 1080
140 1134
140 200
140 326
140 419
140 462
140 538
140 747
140 866
140 974
141 1007
141 1066
141 1131
141 1195
141 573
141 624
141 688
141 782
141 985
142 1042
142 1186
142 1420
142 198
142 259
142 272
142 399
142 706
142 735
142 765
142 991
143 1312
143 1348
143 548
143 604
143 673
143 703
143 832
143 950
144 1288
144 1370
144 306
144 376
144 562
144 577
144 590
144 733
144 862
145 1113
145 1282
145 185
145 189
145 341
145 513
145 894
146 1377
146 1410
146 392
146 565
146 686
146 716
146 948
147 1012
147 1286
147 1289
147 1355
147 174
147 187
147 834
148 1336
148 1392
148 225
148 336
148 706
148 714
148 735
148 891
148 991
149 1050
149 288
149 308
149 443
149 591
149 595
149 620
149 833
149 858
149 957
150 1057
150 1298
150 1381
150 317
150 328
150 667
150 758
150 972
151 1169
151 164
151 178
151 381
151 536
151 582
151 636
151 798
152 1022
152 1076
152 1356
152 1366
152 196
152 202
152 547
152 765
153 1101
153 1381
153 181
153 674
153 695
153 764
153 804
153 963
154 1031
154 1055
154 1104
154 1198
154 1327
154 1346
154 215
154 411
154 499
154 675
154 869
155 1110
155 1135
155 1155
155 1162
155 1409
155 158
155 353
155 471
155 634
156 1099
156 1117
156 1139
156 1303
156 1364
156 504
156 602
156 886
157 1188
157 1368
157 353
157 525
157 697
157 775
157 863
157 872
157 939
157 956
158 1135
158 353
158 471
158 611
158 617
158 618
158 896
159 1173
159 1210
159 1316
159 186
159 475
159 532
159 630
159 856
159 900
160 1116
160 1142
160 1375
160 479
160 505
160 596
160 705
160 789
161 1240
161 1400
161 237
161 245
161 247
161 334
161 484
161 594
161 711
161 897
161 935
162 1001
162 1194
162 1273
162 1274
162 1313
162 378
162 398
162 463
162 607
162 959
163 1133
163 1143
163 1168
163 1177
163 1184
163 1254
163 197
163 598
163 881
163 927
163 958
164 1169
164 1197
164 381
164 535
164 537
164 571
164 582
164 636
165 1217
165 1238
165 278
165 307
165 368
165 434
165 524
165 605
165 739
165 803
165 951
165 964
166 1102
166 1114
166 1191
166 1216
166 1328
166 417
166 622
166 679
166 822
166 838
167 1062
167 1126
167 280
167 291
167 708
167 878
168 1002
168 1030
168 1200
168 1226
168 1332
168 1349
168 1353
168 383
168 586
168 672
168 864
168 975
169 1363
169 348
169 550
169 704
169 928
169 947
170 1068
170 1309
170 1401
170 236
170 466
170 485
170 593
170 619
170 743
170 906
170 980
171 1181
171 1230
171 1306
171 369
171 418
171 483
171 663
171 826
171 850
171 888
171 907
172 1167
172 1170
172 1237
172 1334
172 337
172 724
172 844
172 968
172 982
173 1199
173 1372
173 243
173 266
173 331
173 355
173 645
173 815
173 873
174 1014
174 1248
174 1286
174 187
174 214
174 250
174 558
174 608
174 779
175 1069
175 1208
175 1231
175 1388
175 721
175 791
175 797
175 915
175 921
176 1011
176 1280
176 1349
176 325
176 493
176 517
176 601
176 818
176 924
177 1070
177 1088
177 1392
177 188
177 194
177 439
177 449
177 501
177 707
177 806
177 898
177 913
178 381
178 536
178 546
178 612
178 798
179 224
179 334
179 390
179 711
179 720
179 935
180 1023
180 1067
180 1092
180 1314
180 1398
180 267
180 327
180 441
180 713
180 790
180 880
181 1032
181 1309
181 236
181 674
181 695
181 764
181 774
182 1034
182 1183
182 1291
182 1332
182 293
182 446
182 672
182 755
182 975
183 1136
183 1341
183 1380
183 206
183 231
183 411
183 461
183 512
183 675
183 929
184 1176
184 1205
184 1276
184 1307
184 1378
184 410
184 454
184 712
184 805
184 931
185 1039
185 1113
185 1209
185 1282
185 1386
185 241
185 318
185 341
185 510
185 513
185 894
185 913
186 1099
186 1246
186 1303
186 1316
186 286
186 475
186 486
186 532
186 630
186 690
186 987
187 1012
187 214
187 242
187 579
187 606
187 608
187 730
187 753
188 1088
188 1392
188 301
188 439
188 501
188 713
188 714
188 848
188 996
189 894
190 1221
190 1227
190 616
190 790
190 880
191 1097
191 1244
191 1324
191 1383
191 311
191 521
191 745
192 1021
192 1049
192 1091
192 1105
192 1281
192 1310
192 351
192 868
193 1058
193 1322
193 379
193 817
193 994
194 1028
194 449
194 700
194 707
194 786
194 806
194 849
194 894
195 1174
195 1195
195 1330
195 251
195 372
195 570
195 688
195 698
196 1023
196 1356
196 1366
196 202
196 267
196 472
196 547
196 722
196 875
197 1106
197 1133
197 1177
197 1184
197 365
197 409
197 469
197 598
197 854
197 927
197 958
198 1089
198 1201
198 1232
198 1290
198 1318
198 1370
198 1396
198 272
198 336
198 374
198 399
198 851
198 991
199 1000
199 1129
199 1366
199 1371
199 1420
199 259
199 338
199 765
199 891
200 1004
200 314
200 326
200 462
200 701
200 974
201 1123
201 214
201 242
201 250
201 442
201 762
201 779
202 1022
202 1076
202 1366
202 220
202 252
202 338
202 549
202 795
202 870
203 1126
203 1161
203 1224
203 496
203 772
203 878
203 967
204 1044
204 1151
204 1271
204 1292
204 207
204 426
204 430
204 976
204 990
205 1033
205 1294
205 801
205 808
205 902
205 922
206 1006
206 1136
206 389
206 461
206 518
206 604
206 626
206 637
206 675
206 832
207 1151
207 1343
207 1358
207 273
207 397
207 426
207 747
207 932
207 976
208 1032
208 1101
208 1269
208 1391
208 428
208 674
208 684
208 774
209 1013
209 1125
209 1218
209 1368
209 332
209 473
209 536
209 609
209 612
209 614
209 636
209 940
210 1365
210 265
210 339
210 368
210 420
210 919
210 941
211 1106
211 1121
211 1364
211 370
211 477
211 519
211 638
212 1038
212 1084
212 1247
212 1351
212 288
212 322
212 329
212 595
212 687
212 955
212 970
212 989
212 995
213 1279
213 1408
213 245
213 325
213 484
213 732
213 818
213 924
213 997
214 242
214 250
214 608
214 779
215 1008
215 1031
215 1104
215 1327
215 1340
215 1342
215 499
215 603
215 952
216 1154
216 562
216 653
216 740
216 816
216 965
216 992
217 1045
217 1072
217 1244
217 1383
217 292
217 299
217 319
217 500
217 629
217 757
218 1070
218 1392
218 225
218 501
218 735
218 760
218 778
218 913
219 1265
219 1387
219 296
219 572
219 646
219 648
219 771
219 908
219 936
220 1022
220 1187
220 1356
220 252
220 572
220 795
220 908
221 1385
221 1418
221 258
221 530
221 535
221 537
221 751
221 752
221 923
222 1047
222 1320
222 1387
222 416
222 529
222 809
222 977
223 1221
223 1338
223 1373
223 309
223 489
223 502
223 534
223 658
223 986
224 1087
224 1094
224 334
224 390
224 452
224 662
224 720
224 935
225 1070
225 1154
225 1209
225 1386
225 1392
225 336
225 735
225 760
225 778
226 1150
226 1178
226 1262
226 295
226 386
226 396
226 588
226 742
226 845
226 901
227 1042
227 1232
227 1237
227 1371
227 1419
227 259
227 399
227 991
228 1017
228 1138
228 1173
228 1315
228 475
228 542
228 669
228 682
228 746
228 802
228 900
229 1017
229 1161
229 1224
229 1367
229 343
229 542
229 556
229 681
229 772
229 967
230 1418
230 530
230 635
230 659
230 751
230 799
230 824
230 837
230 930
231 1136
231 1175
231 1380
231 1421
231 361
231 461
231 512
232 1333
232 310
232 362
232 365
232 468
232 488
232 846
232 854
233 1019
233 1258
233 375
233 395
233 418
233 503
233 579
233 606
233 738
233 841
234 1048
234 1054
234 1193
234 1214
234 1285
234 1390
234 1407
234 295
234 495
234 622
234 631
234 742
235 546
235 798
236 1032
236 1068
236 1309
236 1401
236 428
236 466
236 695
236 774
236 980
237 1400
237 1408
237 245
237 334
237 484
237 575
237 662
237 732
237 897
238 328
238 758
238 773
238 923
238 972
239 1207
239 1376
239 1393
239 249
239 408
239 421
239 545
239 569
239 657
239 693
239 729
239 794
240 1135
240 1155
240 1175
240 1203
240 1380
240 349
240 393
240 406
240 896
241 1282
241 318
241 341
241 359
241 513
241 913
242 1041
242 250
242 394
242 442
242 566
242 606
242 608
242 692
243 1199
243 1372
243 1381
243 1391
243 355
243 543
243 674
243 684
243 689
243 873
244 1112
244 1148
244 1321
244 1399
244 275
244 464
244 515
244 551
244 904
245 1240
245 1279
245 1408
245 325
245 484
245 897
246 1242
246 1250
246 294
246 498
246 625
246 814
246 821
246 828
247 1240
247 594
247 711
247 915
247 921
248 317
248 639
248 659
248 804
248 837
248 930
248 963
249 1207
249 1345
249 1376
249 346
249 350
249 465
249 555
249 657
249 693
249 954
250 1014
250 394
250 608
250 762
250 779
251 1079
251 1134
251 1268
251 1379
251 283
251 326
251 372
251 407
251 538
251 570
251 698
252 1022
252 1076
252 1187
252 549
252 725
252 795
252 870
252 938
253 1084
253 1087
253 1120
253 1253
253 390
253 610
253 744
253 934
253 955
254 1188
254 1190
254 1368
254 450
254 525
254 763
254 827
254 940
255 1025
255 1354
255 440
255 451
255 863
255 876
256 1149
256 1152
256 1184
256 1259
256 383
256 412
256 633
256 644
256 683
256 920
257 1065
257 1266
257 459
257 820
258 1051
258 1385
258 1418
258 367
258 537
258 751
258 752
258 905
259 1042
259 1129
259 1186
259 1371
259 1420
259 399
259 891
259 991
260 1035
260 1228
260 371
260 443
260 557
260 558
260 858
260 861
260 993
261 1015
261 1205
261 1307
261 1335
261 1352
261 297
261 454
261 911
261 944
262 1037
262 1116
262 1157
262 1235
262 1257
262 1300
262 491
262 624
262 705
262 719
262 912
263 1018
263 1159
263 270
263 522
263 640
263 796
263 884
263 914
263 943
264 1165
264 1186
264 1336
264 706
264 714
264 776
264 875
264 891
265 1090
265 1365
265 278
265 307
265 368
266 1275
266 331
266 543
266 642
266 673
266 678
266 873
267 1023
267 1067
267 1314
267 327
267 472
267 875
268 1012
268 1347
268 1355
268 476
268 730
268 753
268 839
268 883
269 1246
269 1301
269 1360
269 379
269 519
269 690
269 726
269 817
269 987
269 994
270 1018
270 1156
270 640
270 666
270 796
270 973
271 1062
271 1208
271 404
271 708
271 915
272 336
272 735
272 851
272 991
273 1128
273 1343
273 1358
273 397
273 426
273 747
273 932
274 1290
274 1370
274 1396
274 374
274 376
274 458
274 564
274 862
275 1250
275 1321
275 498
275 551
275 625
275 699
275 819
275 904
276 1024
276 1061
276 1080
276 1343
276 320
276 419
276 694
276 747
276 866
277 1001
277 1258
277 1274
277 1306
277 1347
277 1384
277 398
277 481
277 839
277 850
278 1090
278 307
278 368
278 427
278 511
278 943
278 951
279 1137
279 1311
279 330
279 422
279 531
279 704
279 895
280 1062
280 685
280 708
280 878
281 1047
281 1142
281 1256
281 1375
281 1387
281 789
282 1130
282 1304
282 1378
282 380
282 454
282 587
282 840
283 1066
283 1134
283 1172
283 326
283 372
283 415
283 698
283 701
283 974
284 1245
284 1296
284 366
284 506
284 507
284 516
284 857
285 1403
285 347
285 376
285 437
285 458
285 541
285 576
285 724
286 1017
286 1246
286 475
286 630
286 681
286 767
286 835
286 917
287 1154
287 1209
287 1406
287 359
287 388
287 740
287 760
287 965
287 992
288 1050
288 1351
288 308
288 412
288 443
288 595
288 620
288 833
288 970
289 1084
289 1087
289 1094
289 478
289 575
289 656
289 662
289 687
289 955
289 989
290 1222
290 1401
290 428
290 593
290 937
290 980
290 999
291 1005
291 1062
291 1126
291 1361
291 364
291 708
291 720
291 878
292 1045
292 1157
292 319
292 356
292 500
292 580
292 757
293 1183
293 1283
293 400
293 402
293 446
293 528
293 597
293 672
293 755
294 1221
294 1227
294 1242
294 323
294 811
294 821
294 828
295 1048
295 1150
295 1262
295 386
295 495
295 742
295 845
295 901
296 1356
296 472
296 572
296 648
296 691
296 908
296 909
297 1060
297 1297
297 1307
297 1335
297 1352
297 454
297 482
297 587
297 712
298 1277
298 1357
298 321
298 382
298 487
298 660
298 696
298 761
298 926
298 961
299 1033
299 1257
299 319
299 629
299 680
299 727
299 801
300 1061
300 1071
300 1122
300 1194
300 1313
300 320
300 413
300 424
300 736
300 823
301 1165
301 1336
301 501
301 713
301 714
302 1075
302 1170
302 1182
302 677
302 889
302 968
302 982
303 1002
303 1052
303 1073
303 1362
303 304
303 584
304 1002
304 1052
304 1053
304 1059
304 373
304 584
304 784
305 1136
305 1141
305 1213
305 1402
305 345
305 349
305 361
305 509
305 604
305 715
305 918
306 1009
306 1288
306 376
306 455
306 458
306 564
306 576
306 577
306 590
306 890
307 368
307 434
307 951
307 964
308 1035
308 1228
308 443
308 591
308 620
308 643
308 857
308 858
308 867
308 957
309 1221
309 1264
309 1338
309 489
309 502
309 534
309 552
309 691
310 1074
310 1137
310 1319
310 1333
310 468
310 846
310 895
311 1324
311 1383
311 521
311 727
311 801
311 919
311 922
312 1064
312 1077
312 1325
312 1331
312 567
312 654
312 844
312 855
313 1013
313 1051
313 1218
313 1385
313 332
313 537
313 589
313 752
313 830
314 1004
314 447
314 462
314 540
314 701
314 932
314 976
315 1002
315 1030
315 1053
315 1059
315 1073
315 1124
315 460
315 584
315 718
315 842
316 1058
316 1270
316 1345
316 346
316 350
316 468
316 488
316 555
316 726
316 817
316 994
317 328
317 659
317 804
317 837
317 930
318 1209
318 1386
318 359
318 513
318 760
318 778
318 913
319 1157
319 1235
319 1257
319 680
319 757
319 912
320 1024
320 1061
320 1071
320 1079
320 1080
320 812
320 866
321 1040
321 1357
321 382
321 487
321 640
321 660
321 696
321 933
322 1038
322 1247
322 329
322 575
322 687
322 732
322 997
323 1221
323 1242
323 1373
323 658
323 811
324 1107
324 1138
324 1210
324 360
324 669
324 746
324 825
325 1279
325 1349
325 1408
325 493
325 818
325 924
325 925
326 1004
326 1079
326 1134
326 415
326 538
326 698
326 701
326 866
326 974
327 1314
327 713
327 714
327 848
327 875
328 1197
328 1385
328 758
328 837
328 923
328 972
329 1038
329 1247
329 595
329 833
329 970
329 997
330 1179
330 1374
330 348
330 422
330 531
330 550
330 613
330 649
330 704
331 1275
331 645
331 873
332 1013
332 1051
332 1169
332 1218
332 536
332 589
332 609
332 614
333 1036
333 1117
333 1310
333 460
333 523
333 533
333 602
333 647
334 1038
334 1094
334 1400
334 390
334 484
334 575
334 662
334 935
335 1008
335 1095
335 1202
335 1342
335 685
335 802
336 1154
336 1232
336 735
336 760
336 851
336 991
337 1167
337 433
337 654
337 844
337 855
337 982
338 1000
338 1064
338 1076
338 1129
338 1185
338 1366
338 549
338 870
339 1097
339 1251
339 1324
339 1365
339 1369
339 368
339 420
339 524
339 727
339 808
339 919
339 922
339 941
340 1205
340 1399
340 380
340 410
340 551
340 627
340 814
340 946
341 1282
341 359
341 513
342 1044
342 1212
342 1367
342 343
342 430
342 681
342 835
342 945
343 1044
343 1163
343 1224
343 1271
343 1292
343 1367
343 496
343 967
344 1410
344 392
344 890
344 948
345 1141
345 1404
345 918
346 1074
346 1207
346 1211
346 1278
346 1345
346 1376
346 350
346 954
347 1132
347 1182
347 1334
347 401
347 437
347 541
347 576
347 652
347 724
347 968
347 982
348 1363
348 1374
348 550
348 581
348 704
348 947
349 1136
349 1155
349 1213
349 1380
349 1421
349 361
349 471
349 509
349 617
349 618
349 777
349 896
350 1058
350 1376
350 465
350 555
350 693
351 1049
351 1091
351 1255
351 1281
351 1295
351 1310
351 393
351 628
351 647
351 670
352 1027
352 1030
352 1073
352 1389
352 718
352 836
352 842
352 881
353 1147
353 1409
353 525
353 611
353 872
354 1065
354 1249
354 358
354 768
354 810
354 820
354 984
355 1057
355 1199
355 1220
355 1372
355 1381
355 1391
355 684
355 815
356 1037
356 1157
356 1166
356 1272
356 479
356 580
356 658
356 699
356 705
356 986
357 1035
357 1127
357 1228
357 371
357 431
357 620
357 643
357 857
358 1112
358 1219
358 1249
358 387
358 515
358 810
358 984
359 1209
359 1406
359 513
359 760
359 992
360 1049
360 1085
360 1105
360 1107
360 1138
360 1198
360 1210
360 868
361 1136
361 1421
361 509
361 715
362 1270
362 365
362 488
362 879
363 1103
363 1305
363 403
363 439
363 441
363 445
363 527
363 916
364 1005
364 1126
364 1216
364 1253
364 1293
364 1361
364 578
364 720
364 878
365 1133
365 1319
365 409
365 854
365 879
366 1100
366 1245
366 1296
366 857
366 893
367 1225
367 1283
367 1418
367 635
367 824
367 905
367 949
368 1090
368 1365
368 524
368 943
369 1001
369 1306
369 463
369 600
369 607
369 663
369 850
369 888
370 1036
370 1106
370 1301
370 1364
370 602
370 638
370 988
371 1035
371 1127
371 1228
371 557
371 558
371 661
372 1066
372 1134
372 1195
372 1268
372 698
373 1053
373 1059
373 1180
373 1223
373 523
373 533
373 784
373 892
374 1201
374 1290
374 1318
374 1396
374 399
374 458
375 1041
375 1258
375 418
375 503
375 579
375 606
375 608
375 730
375 759
375 841
376 1201
376 1370
376 1396
376 458
376 564
376 862
377 1202
377 1315
377 542
377 682
377 772
377 802
378 1046
378 1061
378 1194
378 1273
378 1274
378 1313
378 959
378 966
379 1246
379 1322
379 1360
379 486
379 519
379 690
379 817
379 994
380 1205
380 1304
380 1378
380 410
380 454
380 627
380 931
381 536
381 571
381 582
381 612
381 636
381 798
382 1040
382 1357
382 660
382 677
382 889
382 961
383 1030
383 1149
383 1184
383 1200
383 1259
383 1349
383 1353
383 633
383 829
384 1009
384 1192
384 1377
384 392
385 1153
385 1302
385 503
385 725
385 759
385 795
385 841
385 870
385 938
386 1048
386 1096
386 1150
386 1193
386 396
386 723
386 742
386 966
387 1158
387 1171
387 1217
387 515
387 668
387 739
387 810
387 984
388 1406
388 740
388 885
388 992
389 1006
389 1405
389 444
389 518
389 626
389 637
389 832
390 1087
390 1094
390 1253
390 452
390 720
390 955
391 1220
391 1372
391 667
391 971
392 1009
392 1377
392 1410
392 890
392 948
393 1091
393 1203
393 1255
393 1295
393 1341
393 1380
393 406
393 628
394 1041
394 1111
394 1302
394 442
394 566
394 608
394 936
395 1019
395 1306
395 418
395 483
395 663
395 738
396 1029
396 1096
396 1150
396 1273
396 1274
396 1384
396 438
396 453
396 723
396 966
397 1128
397 1214
397 1343
397 426
397 553
397 871
397 990
398 1001
398 1029
398 1273
398 1274
398 1384
398 481
398 860
399 1042
399 1201
399 1232
399 1318
399 1419
399 1420
399 991
400 1034
400 1043
400 1078
400 1108
400 1183
400 1190
400 528
400 755
400 827
400 830
400 853
401 1132
401 1201
401 1318
401 437
401 458
401 576
402 1183
402 1283
402 446
402 528
402 781
402 831
402 949
403 1227
403 441
403 445
403 502
403 527
403 828
403 880
404 1005
404 1208
404 452
404 711
404 720
404 915
404 935
405 1146
405 1222
405 1405
405 626
405 702
405 703
405 748
405 999
406 1110
406 1135
406 1155
406 1162
406 1255
406 1397
406 628
407 1056
407 1071
407 1079
407 1156
407 1229
407 1379
407 570
407 666
407 812
408 1393
408 421
408 457
408 540
408 545
408 569
408 657
408 701
408 729
409 1133
409 1177
409 1311
409 1319
409 469
409 800
409 854
410 1205
410 1276
410 1399
410 627
410 931
410 946
411 1105
411 1198
411 1295
411 1341
411 675
411 869
411 929
412 1050
412 1149
412 1152
412 1234
412 620
412 920
412 970
413 1122
413 487
413 640
413 666
413 734
413 761
413 823
414 1359
414 623
414 773
414 843
414 971
415 1172
415 421
415 457
415 573
415 698
415 701
415 794
416 1047
416 1264
416 1387
416 648
416 655
417 1102
417 1163
417 1191
417 1271
417 1328
417 679
417 822
418 1019
418 1230
418 1258
418 1306
418 483
418 503
418 738
418 850
419 1024
419 1080
419 694
419 866
420 1097
420 521
420 524
420 919
420 979
421 1004
421 457
421 545
421 701
421 794
422 1204
422 1311
422 1333
422 469
422 531
422 550
422 649
422 671
422 704
422 800
423 1003
423 1084
423 1178
423 656
423 709
423 744
423 834
423 995
424 1194
424 1313
424 463
424 736
425 1019
425 1153
425 1230
425 1339
425 503
425 841
426 1151
426 1271
426 1292
426 1358
426 990
427 1090
427 1159
427 432
427 511
427 522
427 914
427 943
428 1032
428 1222
428 1269
428 774
428 980
428 999
429 585
429 816
429 885
430 1044
430 1151
430 1212
430 1263
430 681
430 859
430 917
430 945
430 976
431 1035
431 1100
431 1234
431 620
431 857
431 920
431 957
432 1093
432 1159
432 1337
432 511
432 615
432 884
432 914
432 943
433 1132
433 1167
433 1215
433 1237
433 1415
433 1417
433 844
433 855
434 1010
434 1411
434 605
434 803
434 951
434 964
435 1213
435 1402
435 514
435 783
436 1179
436 1284
436 1317
436 1320
436 1350
436 1374
436 550
436 599
436 977
437 1132
437 1201
437 1334
437 576
437 724
438 1029
438 1086
438 1150
438 1384
438 453
438 723
439 1028
439 1088
439 1103
439 1305
439 707
439 750
439 806
439 848
439 898
440 1354
440 451
440 618
440 876
441 1227
441 1305
441 1398
441 527
441 616
441 880
442 1111
442 1123
442 566
443 1228
443 557
443 591
443 595
443 620
443 858
443 861
444 1312
444 1405
444 518
444 626
444 702
444 832
445 1016
445 527
445 911
445 916
446 467
446 597
446 672
446 949
446 975
447 1151
447 1358
447 490
447 540
447 859
447 932
447 976
448 1250
448 1399
448 551
448 814
448 946
449 1039
449 1070
449 1386
449 510
449 749
449 806
449 849
449 894
449 913
450 1147
450 1368
450 525
450 634
450 763
450 827
451 1354
451 611
451 618
451 775
451 863
451 872
451 876
452 1005
452 1087
452 1253
452 1293
452 1323
452 610
452 720
452 935
453 1029
453 1046
453 1273
453 520
453 723
453 966
454 1205
454 1307
454 1378
454 587
454 712
454 805
454 840
454 931
455 1009
455 1329
455 1403
455 890
455 948
456 1090
456 1251
456 1287
456 474
456 522
456 728
456 796
456 973
457 1172
457 1261
457 701
457 729
457 794
458 1201
458 1318
458 1396
458 564
458 576
459 1266
459 544
459 780
459 820
459 899
460 1036
460 1053
460 1059
460 1117
460 1124
460 523
460 533
461 1136
461 512
461 637
461 665
461 675
461 929
462 1004
462 747
462 932
463 1001
463 1194
463 1313
463 600
463 607
463 736
464 1097
464 1148
464 1244
464 1321
464 515
464 668
464 745
464 904
465 1058
465 1236
465 1344
465 1393
465 497
465 555
465 657
465 693
465 960
466 1068
466 1401
466 499
466 593
466 619
466 743
466 865
466 962
467 1225
467 1280
467 493
467 597
467 949
467 975
468 1074
468 1270
468 488
469 1177
469 1245
469 1296
469 1311
469 1333
469 598
469 649
469 800
469 854
470 1055
470 1104
470 499
470 518
470 665
470 675
470 807
470 937
470 962
471 1155
471 1409
471 611
471 618
471 896
472 1023
472 1067
472 572
472 691
472 771
473 1125
473 1164
473 1188
473 1368
473 546
473 612
473 614
473 697
473 939
473 940
474 1189
474 1251
474 1287
474 728
474 941
475 1017
475 532
475 630
475 835
475 900
476 1086
476 1252
476 1347
476 1384
476 588
476 839
476 883
476 901
477 1027
477 1059
477 1121
477 1124
477 1364
477 584
477 842
478 1003
478 1084
478 656
478 989
478 995
479 1166
479 1338
479 1375
479 505
479 526
479 534
479 658
479 705
479 986
480 1109
480 1187
480 1302
480 572
480 795
480 936
480 938
481 1001
481 1306
481 839
481 860
482 1015
482 1060
482 1239
482 1297
482 1335
482 1352
482 700
482 766
482 786
482 813
483 1019
483 1181
483 1230
483 663
484 1038
484 1408
484 575
484 732
484 818
484 997
485 1068
485 1231
485 593
485 619
485 664
485 743
485 791
485 906
486 1246
486 1316
486 630
486 690
486 767
487 1122
487 640
487 660
487 696
487 761
487 823
487 926
488 1270
488 726
488 817
489 1264
489 1338
489 552
489 655
490 1344
490 1393
490 497
490 540
490 859
490 976
491 1007
491 1235
491 1300
491 624
491 710
491 719
491 756
491 782
491 912
492 1083
492 1160
492 1395
492 539
492 615
492 632
492 770
492 793
493 1225
493 1280
493 597
493 924
493 925
494 1109
494 1111
494 1123
494 1265
494 583
494 936
495 1262
495 1390
495 631
495 742
495 845
495 969
496 1102
496 1126
496 1163
496 1224
496 1328
496 967
497 1236
497 1263
497 1344
497 1393
497 540
497 545
497 693
497 976
498 1072
498 1242
498 1250
498 625
498 819
498 904
499 1104
499 1342
499 1401
499 593
499 675
499 743
499 807
499 952
499 962
500 1045
500 1072
500 580
500 757
501 1070
501 1392
501 714
501 913
502 1221
502 534
502 658
502 811
502 828
502 880
503 1019
503 1064
503 1153
503 1230
503 1339
503 759
503 841
503 870
504 1021
504 1139
504 1303
504 1310
504 532
504 602
504 852
504 856
504 886
505 1037
505 1142
505 1166
505 1300
505 526
505 596
505 705
505 789
506 1245
506 1296
506 516
506 649
506 800
507 1204
507 1296
507 516
507 874
508 1131
508 1144
508 1207
508 1261
508 1278
508 1376
508 650
508 729
508 787
508 794
509 1141
509 1213
509 1421
509 715
509 777
509 918
510 1039
510 1386
510 749
510 806
510 894
511 1093
511 1145
511 951
512 1175
512 1203
512 1341
512 1380
512 929
513 1209
513 992
514 1213
514 617
514 618
514 777
514 783
514 876
515 1112
515 1148
515 1219
515 668
515 717
515 810
516 1204
516 1296
516 531
516 613
516 649
516 800
516 874
517 1011
517 1200
517 1280
517 1349
517 586
518 1006
518 1405
518 637
518 665
518 675
518 807
518 937
519 1270
519 1301
519 638
519 690
519 817
519 987
520 1046
520 1096
520 1128
520 1214
520 553
520 694
520 723
520 966
521 1097
521 1118
521 668
521 717
521 979
522 1090
522 1159
522 796
522 943
523 1059
523 1117
523 1139
523 1281
523 1310
523 533
524 1097
524 668
524 739
524 979
525 1147
525 1188
525 1368
526 1047
526 1142
526 1166
526 1256
526 1338
526 1375
526 534
526 655
527 1016
527 1103
527 1227
527 821
527 828
527 916
528 1108
528 1183
528 1206
528 1283
528 752
528 781
528 830
528 831
529 1020
529 1047
529 1284
529 1363
529 1374
529 789
529 977
530 1418
530 751
530 837
530 923
530 930
531 1311
531 613
531 649
531 800
532 1210
532 1303
532 1316
532 852
532 856
532 886
533 1053
533 1059
533 1180
533 1223
533 647
534 1256
534 1338
534 1375
534 552
534 658
535 1197
535 1385
535 537
535 571
535 923
536 1169
536 1218
536 612
536 614
536 636
537 1051
537 1169
537 1197
537 1218
537 1385
538 1079
538 1080
538 1134
538 1379
538 812
539 1083
539 1160
539 1410
539 770
539 793
540 1004
540 1393
540 545
540 701
540 976
541 1182
541 1403
541 561
541 576
541 652
541 724
541 793
541 968
541 998
542 1017
542 1161
542 1315
542 556
542 682
542 772
542 802
543 1032
543 1222
543 1269
543 674
543 689
543 873
544 1119
544 1260
544 1267
544 651
544 754
544 780
544 785
544 882
544 899
544 953
545 1004
545 1393
545 693
545 701
546 1164
546 612
546 614
546 798
547 1366
547 722
547 765
547 776
548 1348
548 1402
548 642
548 673
548 950
549 1000
549 1076
549 1153
549 1185
549 725
549 870
550 1179
550 1284
550 1363
550 1374
550 599
550 649
550 671
550 704
551 1250
551 1399
551 625
551 814
551 904
551 946
552 1256
552 1264
552 1338
552 655
552 691
553 1096
553 1128
553 1193
553 1214
553 1343
553 694
553 871
553 966
554 1414
554 1416
554 559
554 639
554 659
554 847
554 903
554 978
555 1058
555 1236
555 1345
555 693
555 726
555 960
555 994
556 1017
556 1224
556 1367
556 682
556 772
556 835
556 900
557 1014
557 1127
557 1204
557 1228
557 1248
557 558
557 560
557 592
557 643
557 661
557 762
557 861
558 1014
558 1248
558 661
558 861
559 1412
559 1414
559 1416
559 639
559 659
559 797
559 804
559 887
559 903
560 1123
560 1127
560 1350
560 1413
560 592
560 661
560 671
560 676
560 762
560 874
561 1182
561 788
561 998
562 1089
562 1370
562 733
562 740
562 816
562 862
562 965
563 1189
563 1229
563 1268
563 1287
563 1294
563 568
563 570
563 728
564 590
564 862
565 1410
565 621
565 686
565 716
565 792
565 981
566 1041
566 1109
566 1111
566 1302
566 692
566 759
566 938
567 1181
567 1277
567 1331
567 1357
567 654
567 696
567 826
567 961
568 1174
568 1268
568 1294
568 1330
568 570
569 1207
569 1376
569 657
569 729
570 1156
570 1174
570 1229
570 1268
570 1287
570 1294
570 1379
570 728
571 1197
571 1359
571 623
571 636
571 758
572 1187
572 1302
572 771
572 795
572 908
572 936
573 1007
573 1066
573 1172
573 1261
573 650
573 688
573 698
573 794
574 1098
574 1116
574 1144
574 581
574 710
574 737
574 756
574 947
575 1038
575 1094
575 662
575 687
575 732
576 1132
576 1403
576 652
577 1009
577 1192
577 1288
577 733
578 1005
578 1102
578 1126
578 1216
578 1293
578 1323
578 1361
578 679
579 1258
579 606
579 730
579 738
579 753
580 1045
580 1072
580 1241
580 1272
580 699
580 757
581 1363
581 596
581 710
581 947
582 1140
582 741
582 798
583 1265
583 1317
583 1320
583 1413
583 646
583 809
583 877
583 936
584 1053
584 1059
584 1073
584 842
585 1192
585 590
585 733
586 1200
586 1226
586 1280
586 1349
586 864
586 975
587 1060
587 712
587 805
587 840
588 1178
588 1252
588 769
588 845
588 883
588 901
588 910
589 1013
589 1051
589 1206
589 609
589 752
589 830
589 831
590 1288
590 862
591 1351
591 595
591 834
591 858
591 861
591 993
591 995
592 1127
592 1204
592 643
592 671
592 676
592 762
593 1401
593 619
593 865
593 937
593 962
594 1240
594 1400
594 1412
594 847
594 887
594 897
594 903
594 921
595 1247
595 1351
595 833
596 1020
596 1116
596 1300
596 1363
596 705
596 710
596 789
597 1225
597 1280
597 1283
597 672
597 925
597 949
597 975
598 1143
598 1152
598 1168
598 1177
598 1184
598 1245
598 1296
598 683
598 867
598 893
599 1179
599 1284
599 1317
599 1320
599 1350
599 1413
599 671
599 676
599 877
600 1122
600 1194
600 607
600 736
600 823
600 888
600 926
601 1011
601 1050
601 1149
601 1233
601 1349
601 818
601 833
601 970
602 1036
602 1117
602 1139
602 1303
602 1310
602 1364
602 638
603 1008
603 1095
603 1202
603 1340
603 1342
603 865
603 952
604 1136
604 1404
604 715
604 832
604 918
604 950
605 1119
605 1158
605 1171
605 1217
605 1411
605 803
605 964
606 1041
606 608
606 692
606 730
606 841
607 1001
607 1122
607 1194
607 1274
607 850
608 1014
608 1041
608 1286
608 730
609 1013
609 1108
609 614
609 830
609 831
609 940
610 1081
610 1087
610 1120
610 1253
610 1323
610 934
610 969
611 1147
611 1409
611 618
611 775
611 872
612 1125
612 1164
612 614
612 636
612 798
613 1179
613 1204
613 1350
613 649
613 671
613 874
614 940
615 1093
615 1238
615 1337
615 1395
615 793
615 914
615 998
616 1227
616 1398
616 790
616 880
617 1213
617 1421
617 618
617 777
617 896
618 1213
618 876
619 1095
619 1342
619 664
619 685
619 743
619 791
619 865
620 1035
620 1050
620 1100
620 1152
620 1228
620 1234
620 857
620 867
620 920
620 957
621 1026
621 651
621 686
621 716
621 953
621 981
622 1054
622 1114
622 1193
622 1285
622 1390
622 1407
622 742
622 822
622 871
623 1359
623 758
623 773
623 843
624 1007
624 1235
624 1257
624 688
624 719
624 782
624 912
624 985
625 1242
625 1250
625 699
625 811
625 814
625 819
625 828
626 1006
626 1222
626 1405
626 702
626 703
627 1249
627 1304
627 931
628 1110
628 1255
628 1326
628 1397
628 647
629 1383
629 727
629 801
630 1246
630 1316
630 767
630 835
630 900
631 1054
631 1081
631 1120
631 1191
631 1262
631 1390
631 969
632 1083
632 1145
632 1160
632 1238
632 1395
632 686
632 754
632 792
632 981
633 1030
633 1184
633 1259
633 1353
633 644
633 829
633 836
634 1110
634 1162
634 1308
634 763
635 1225
635 1418
635 799
635 824
635 925
636 1169
636 1197
636 1218
637 665
637 675
637 832
638 1301
638 987
639 1416
639 659
639 804
639 930
639 963
640 1018
640 1040
640 1159
640 660
640 666
640 761
640 884
640 933
641 1257
641 1330
641 680
641 912
641 985
642 1196
642 1275
642 1348
642 673
643 1127
643 1204
643 1228
643 1296
643 857
643 867
644 1168
644 1184
644 1254
644 1259
644 683
645 1199
645 815
645 873
646 1265
646 1320
646 1387
646 771
646 877
646 936
647 1180
647 1310
647 1326
647 670
648 1265
648 1387
648 809
648 909
649 1204
649 1245
649 1296
649 671
649 800
650 1007
650 1098
650 1115
650 1131
650 1144
650 1207
650 1261
650 794
651 1260
651 882
651 953
651 981
652 1182
652 1403
653 1154
653 1370
653 851
653 965
654 1181
654 1277
654 1331
654 855
654 889
654 961
654 982
655 1047
655 1256
655 1264
655 1338
656 1003
656 1084
656 709
656 744
656 769
656 910
656 934
657 1376
657 1393
658 1221
658 1338
658 1373
658 699
658 811
658 986
659 1414
659 804
659 824
659 837
659 930
660 1018
660 1040
660 761
661 1123
661 1127
661 1248
661 762
661 779
662 1087
662 1094
662 1400
662 935
663 1181
663 1306
663 826
663 888
663 907
664 1231
664 1388
664 791
665 1055
665 675
665 929
666 1018
666 1056
666 1071
666 1156
666 734
666 761
666 973
667 1057
667 1220
667 1372
667 758
667 971
668 1097
668 1118
668 1158
668 1219
668 717
668 739
668 979
669 1138
669 1173
669 1210
669 1315
669 746
669 825
670 1091
670 1255
670 1281
670 1326
671 1179
671 1204
671 1350
671 676
671 874
672 1002
672 1332
672 755
672 975
673 1196
673 1275
673 1312
673 1348
673 678
673 703
673 748
674 1032
674 1101
674 1269
674 1381
674 1391
674 684
674 774
675 1006
675 1055
675 807
675 929
676 1413
676 762
676 877
677 1040
677 1075
677 1170
677 1357
677 889
677 933
678 1146
678 1196
678 1275
678 748
678 873
679 1081
679 1102
679 1191
679 1216
679 1323
679 838
680 1033
680 1257
680 801
680 902
681 1017
681 1367
681 835
681 917
681 945
682 1017
682 1173
682 1315
682 772
682 900
683 1152
683 1168
683 1184
683 893
683 920
684 1199
684 1269
684 1391
684 689
685 1062
685 1095
685 1342
685 743
685 791
685 878
686 1026
686 716
686 754
686 792
686 953
686 981
687 1038
687 1094
687 1247
687 955
687 989
688 1007
688 1066
688 1195
688 1330
688 698
688 985
689 1146
689 1199
689 1269
689 873
690 1099
690 1246
690 987
691 1067
691 1264
691 731
691 909
692 1041
692 1302
692 725
692 759
692 841
692 938
693 1236
694 1024
694 1046
694 1128
694 1343
695 1063
695 1068
695 1069
695 1309
695 764
696 1277
696 1357
696 826
696 907
696 926
697 1125
697 1164
697 1354
697 1368
697 775
697 939
697 956
698 1066
698 1172
698 1195
699 1045
699 1241
699 1242
699 1272
699 1321
699 1373
699 811
699 819
700 1028
700 1297
700 766
700 786
700 806
700 849
700 894
701 1004
701 1172
701 974
702 1312
702 1405
702 703
702 748
703 1146
703 1222
703 1312
703 748
703 832
704 1137
704 947
705 1037
705 1116
705 1157
705 1300
706 1186
706 1336
706 735
706 891
706 991
707 1028
707 1088
707 750
707 806
708 1062
708 1361
709 1178
709 1252
709 1286
709 1355
709 769
709 834
709 883
709 983
710 1098
710 1116
710 1300
710 719
710 756
711 1400
711 915
711 935
712 1060
712 1239
712 1307
712 1352
712 805
713 1092
713 1165
713 1314
713 714
713 875
713 996
714 1336
714 1392
714 848
714 875
714 891
715 918
716 1026
717 1118
717 1148
717 1219
718 1027
718 1030
718 1073
718 1124
718 842
718 958
719 1007
719 1098
719 1116
719 756
720 1005
720 1062
720 1087
720 1208
720 1253
720 935
721 1063
721 1069
721 1388
721 1412
721 915
721 921
722 1023
722 1165
722 1314
722 1356
722 776
722 875
723 1048
723 1096
723 1150
723 1214
723 966
724 1170
724 1334
724 968
724 982
725 1153
725 759
725 795
725 841
725 870
725 938
726 1270
726 1301
726 1345
726 817
726 988
726 994
727 1033
727 1324
727 801
727 808
727 922
728 1156
728 1174
728 1189
728 1251
728 1287
728 1294
728 796
728 808
729 1207
729 1261
729 1376
729 794
730 1012
730 1258
730 1286
730 1347
730 1355
730 753
731 1023
731 1067
731 1264
731 909
732 1408
732 997
733 1192
733 1288
733 816
734 1018
734 1056
734 761
734 823
734 973
735 1336
735 760
735 991
736 1122
736 1194
736 823
737 1098
737 1115
737 1144
737 1394
737 787
737 947
738 1258
738 1306
738 850
739 1158
739 1217
739 964
739 979
740 1089
740 816
740 885
740 965
740 992
741 1140
741 798
741 843
742 1048
742 1193
742 1262
742 1390
743 1068
743 1231
743 1342
743 791
743 865
744 1084
744 1120
744 1178
744 1262
744 910
744 934
744 969
745 1045
745 1072
745 1097
745 1244
745 1321
745 1324
745 1383
746 1008
746 1138
746 1315
746 1327
746 802
746 825
747 1004
747 1343
747 866
747 932
747 976
748 1146
748 1196
748 1312
748 1348
749 1070
749 806
749 898
750 1028
750 1088
750 1103
750 1305
750 942
751 1385
751 1418
751 752
751 824
751 837
752 1051
752 1206
752 1283
752 1385
752 824
752 830
752 905
753 1012
753 1258
753 1347
754 1010
754 1238
754 1267
754 803
754 882
754 953
754 981
755 1002
755 1034
755 1053
755 1223
755 1291
755 1332
755 784
756 1007
756 1098
756 1131
756 1144
756 782
757 1037
757 1157
757 1235
758 1197
758 1359
758 773
758 971
758 972
759 1041
759 1302
759 841
759 938
760 1154
760 1209
760 778
761 1018
761 823
761 926
762 1014
762 1123
762 1248
762 1413
762 779
763 1043
763 1078
763 1190
763 1308
763 827
764 1063
764 1101
764 1309
764 774
764 963
765 1000
765 1076
765 1186
765 1366
765 1420
765 776
765 891
766 1297
766 813
767 1212
767 1243
767 1246
767 1322
767 1360
767 835
767 859
767 917
767 945
768 1065
768 1130
768 1304
769 1178
769 883
769 910
769 983
770 1083
770 1329
770 1403
770 792
770 793
771 1387
772 1161
772 1224
773 1359
773 971
774 1032
774 1101
774 1309
774 980
775 1147
775 1354
775 1368
775 863
775 872
776 1165
776 1186
776 1366
776 875
776 891
777 1141
777 1213
777 1421
777 783
778 1070
778 1386
778 913
779 1014
779 1123
779 1248
780 1119
780 1260
780 1266
780 899
781 1206
781 1283
781 905
781 949
782 1007
782 1131
782 912
782 985
783 1141
783 1213
784 1053
784 1082
784 1223
784 1291
784 892
785 1119
785 1260
785 1267
785 1411
785 882
786 1015
786 1028
786 1297
786 1335
786 806
786 894
787 1115
787 1144
787 1207
787 1278
787 1394
788 1075
788 1182
788 1382
788 968
788 998
789 1020
789 1047
789 1142
789 1375
790 1067
790 1092
790 1398
790 880
791 1062
791 1208
791 1231
791 1388
792 1083
792 1329
792 1410
792 948
793 1403
793 998
794 1172
794 1207
794 1261
795 1187
795 1302
795 870
795 938
796 1090
796 1156
796 1251
796 1287
796 1369
796 943
796 973
797 1069
797 1240
797 1412
797 887
797 921
799 1279
799 1414
799 824
799 925
799 978
800 1177
800 1245
800 1311
801 1033
801 902
801 922
802 1008
802 1202
802 1315
802 825
803 1010
803 1119
803 1217
803 1238
803 1267
803 1411
804 1416
804 963
805 1378
805 840
806 1028
806 1070
806 1335
806 894
806 898
807 1006
807 1401
807 937
807 962
808 1033
808 1174
808 1251
808 1294
808 902
808 922
809 1265
809 1317
809 1320
809 1387
809 977
810 1158
810 1171
810 1219
810 1249
810 984
811 1221
811 1242
811 828
812 1056
812 1071
812 1079
812 1080
812 1379
813 1239
813 1297
814 1205
814 1250
814 828
814 946
815 1199
815 1220
815 1372
816 1089
816 885
817 1270
817 1301
817 994
818 1038
818 1349
818 924
818 970
818 997
819 1072
819 1241
819 1242
819 1321
820 1065
820 984
821 1016
821 1227
821 828
822 1054
822 1114
822 1191
822 1271
822 1285
822 1328
823 1122
823 926
824 1283
824 1414
824 1418
824 837
824 925
825 1008
825 1107
825 1202
825 1315
825 1340
826 1181
826 1230
826 1277
826 907
827 1013
827 1043
827 1108
827 1147
827 1190
827 1368
827 830
827 940
828 1227
829 1011
829 1149
829 1200
829 1233
829 1259
829 1353
830 1013
830 1108
830 1206
830 831
831 1108
831 1183
831 1206
832 1312
832 1404
832 950
833 1050
833 970
834 1003
834 1286
834 861
834 983
834 993
834 995
835 1017
835 1367
835 900
835 945
836 1030
836 1184
836 1254
836 1353
836 1389
836 881
837 1385
837 923
837 930
838 1081
838 1120
838 1191
838 1216
838 1390
839 1347
839 1384
839 860
840 1304
840 1378
841 1019
841 1041
841 1153
842 1027
842 1073
842 1124
843 1140
843 1359
844 1237
844 1371
844 1417
844 855
845 1262
845 901
845 910
845 969
846 1137
846 1299
846 1333
846 928
847 1240
847 1408
847 1414
847 887
847 897
847 903
847 978
848 1392
848 898
849 1039
849 1113
849 894
850 1001
850 1258
850 1306
851 1154
851 1290
851 1370
851 965
852 1021
852 1049
852 1138
852 1210
852 1310
852 856
852 868
852 886
853 1034
853 1078
853 1082
853 1108
853 1183
853 1190
854 1319
854 1333
855 1077
855 1325
855 1331
855 1417
856 1021
856 1210
856 1316
856 868
856 886
857 1100
857 1296
857 867
858 1035
858 1228
858 861
858 957
858 993
859 1151
859 1212
859 1243
859 1263
859 1344
859 917
859 976
860 1029
860 1086
860 1384
861 1014
861 1286
861 993
862 1089
862 1290
862 1370
863 872
863 876
864 1002
864 1052
864 1226
864 1332
864 1362
864 975
865 1095
865 1342
865 952
865 962
866 1004
866 1079
866 1080
867 1100
867 1152
867 1296
867 893
868 1021
868 1049
868 1105
868 1138
868 1210
869 1055
869 1085
869 1105
869 1295
869 1346
869 929
870 1064
870 1153
871 1114
871 1193
871 1214
871 1285
871 1407
871 990
873 1146
873 1199
874 1127
874 1204
874 1350
875 1023
875 1165
875 1314
875 1366
875 891
877 1320
877 1413
877 936
878 1062
878 1126
878 1161
878 1328
878 967
879 1106
879 1121
879 1270
880 1067
880 1227
880 1398
881 1027
881 1030
881 1184
881 1254
881 927
881 958
882 1010
882 1260
882 1267
882 1411
882 981
883 1252
883 1289
883 1355
884 1040
884 1159
884 1337
884 1382
884 914
884 933
885 1089
886 1021
886 1099
886 1139
886 1303
886 1316
887 1240
887 1412
887 1414
887 903
887 921
888 907
888 926
889 1170
889 1357
889 961
889 982
890 1009
890 1288
890 948
891 1186
891 1336
891 1366
891 991
892 1082
892 1180
892 1223
893 1100
893 1143
893 1152
893 1168
893 1245
893 1296
893 920
894 1039
894 1113
894 1297
894 1335
895 1137
895 1311
895 1319
895 1333
896 1135
896 1155
896 1175
896 1380
896 1421
897 1240
897 1400
897 1408
898 1070
898 1392
899 1260
899 1266
900 1017
900 1173
901 1086
901 1150
902 1033
902 1174
902 1294
902 1330
903 1412
903 1416
904 1072
904 1148
904 1250
904 1321
904 1399
905 1051
905 1206
905 1283
905 949
906 1063
906 1068
906 1069
906 1231
906 1309
907 1181
907 1277
907 926
908 1187
908 1356
909 1264
910 1178
910 1262
910 934
910 969
911 1016
911 1176
911 1205
911 916
911 942
911 944
912 1235
912 1257
912 985
913 1039
913 1070
913 1282
913 1386
914 1337
914 943
915 1208
915 1388
915 921
916 1016
916 1103
916 1176
916 942
916 944
917 1212
917 1246
917 1263
917 1360
917 945
918 1141
918 1404
919 1324
919 922
919 941
920 1100
920 1152
920 1234
920 1259
921 1240
921 1412
922 1324
922 941
923 1197
923 1385
924 997
925 1225
925 1279
925 1283
925 1414
925 978
926 1122
927 1027
927 1133
927 958
928 1137
928 1299
928 947
929 1055
929 1341
931 1205
931 1304
931 1378
932 1004
932 1358
932 976
933 1040
933 1075
933 1170
933 1357
933 1382
934 1084
934 1120
934 969
935 1400
936 1109
936 1111
936 1265
936 1302
937 1006
937 1401
937 1405
937 962
938 1109
938 1187
938 1302
939 1188
939 956
940 1013
940 1108
940 1188
940 1190
940 1368
941 1251
941 1369
942 1015
942 1028
942 1103
942 944
943 1090
943 1159
943 1365
943 1369
944 1015
944 1176
944 1307
944 1352
945 1212
946 1205
946 1276
946 1399
947 1074
947 1137
947 1394
948 1009
948 1329
948 1377
948 1410
949 1225
949 1283
950 1312
950 1348
950 1404
951 1010
951 1145
951 1238
952 1031
952 1104
952 1342
952 962
953 1026
953 981
954 1074
954 1211
954 1299
954 1345
955 1084
955 1087
955 1094
955 989
956 1164
957 1035
957 1050
957 1234
958 1027
958 1030
958 1106
958 1121
958 1184
959 1024
959 1046
959 1061
959 1273
959 1313
960 1058
960 1236
960 1243
960 1322
960 1344
961 1277
961 1357
962 1104
962 1401
963 1416
964 1158
964 979
965 1089
965 1154
965 1290
965 1370
965 992
966 1046
966 1096
966 1273
966 1274
967 1161
967 1163
967 1224
967 1328
968 1075
968 1170
968 1182
968 1382
968 982
968 998
969 1081
969 1120
969 1262
970 1038
970 1050
970 1149
970 997
971 1057
971 1220
972 1057
972 1298
973 1018
973 1056
973 1156
973 1229
973 1287
974 1134
975 1280
975 1332
976 1004
976 1151
976 1263
976 1358
977 1284
977 1317
977 1320
978 1279
978 1408
978 1414
979 1118
979 1158
980 1032
980 1309
980 1401
982 1132
982 1167
982 1170
982 1182
982 1334
983 1003
984 1171
984 1217
985 1195
985 1330
986 1166
986 1272
986 1338
986 1373
987 1099
987 1246
987 1303
988 1106
988 1270
988 1301
989 1084
989 1247
989 1351
989 995
990 1114
990 1271
990 1285
990 1292
991 1186
991 1232
992 1154
992 1209
992 1406
993 1286
994 1058
994 1236
994 1322
994 1360
995 1003
995 1084
995 1351
996 1088
996 1092
996 1305
996 1398
997 1038
998 1337
998 1382
999 1146
999 1222
999 1269
1000 1076
1000 1129
1000 1185
1001 1274
1001 1306
1002 1030
1002 1052
1002 1053
1002 1073
1002 1226
1002 1332
1002 1362
1005 1253
1005 1293
1005 1361
1006 1222
1006 1401
1006 1405
1007 1098
1007 1131
1008 1095
1008 1202
1008 1327
1008 1340
1008 1342
1009 1288
1009 1377
1010 1145
1010 1238
1010 1411
1011 1149
1011 1200
1011 1233
1011 1349
1012 1289
1012 1355
1013 1108
1013 1218
1014 1248
1014 1286
1015 1028
1015 1335
1015 1352
1016 1176
1016 1205
1016 1276
1017 1367
1018 1040
1018 1159
1019 1230
1020 1284
1020 1363
1021 1049
1021 1139
1021 1281
1021 1310
1022 1076
1022 1356
1023 1067
1023 1314
1023 1356
1024 1046
1024 1061
1024 1080
1025 1354
1027 1121
1028 1335
1029 1086
1029 1273
1029 1274
1029 1384
1030 1073
1030 1184
1030 1226
1030 1353
1030 1362
1030 1389
1031 1104
1031 1327
1031 1340
1031 1346
1032 1222
1032 1269
1032 1401
1033 1174
1033 1257
1034 1082
1034 1183
1034 1223
1034 1291
1035 1228
1036 1117
1036 1124
1036 1364
1037 1157
1037 1166
1037 1235
1037 1300
1038 1094
1039 1113
1039 1282
1040 1075
1040 1159
1042 1129
1042 1215
1042 1237
1042 1371
1042 1419
1042 1420
1043 1078
1043 1308
1043 1397
1044 1151
1044 1212
1044 1292
1045 1072
1045 1241
1045 1321
1046 1273
1047 1142
1047 1256
1047 1387
1048 1096
1048 1193
1048 1214
1049 1105
1049 1138
1049 1198
1049 1295
1049 1310
1050 1233
1050 1234
1051 1169
1051 1206
1052 1053
1052 1332
1052 1362
1053 1059
1053 1223
1054 1191
1054 1285
1054 1390
1055 1104
1055 1346
1056 1071
1056 1156
1056 1229
1056 1379
1057 1220
1057 1298
1057 1372
1057 1381
1057 1391
1058 1236
1058 1322
1059 1117
1059 1124
1060 1239
1060 1297
1060 1352
1061 1194
1061 1313
1062 1208
1063 1069
1063 1309
1063 1412
1064 1077
1064 1153
1064 1185
1064 1339
1065 1130
1066 1172
1066 1195
1068 1069
1068 1231
1068 1309
1069 1231
1069 1309
1069 1412
1070 1386
1070 1392
1072 1241
1072 1244
1072 1321
1073 1362
1073 1389
1074 1137
1074 1211
1074 1278
1074 1299
1074 1394
1075 1170
1075 1182
1075 1382
1076 1366
1077 1153
1077 1185
1077 1325
1077 1331
1077 1339
1078 1082
1078 1190
1078 1308
1079 1080
1079 1379
1081 1120
1081 1191
1081 1323
1082 1223
1083 1160
1083 1410
1085 1105
1085 1107
1085 1198
1085 1295
1085 1346
1086 1384
1087 1094
1087 1253
1088 1305
1089 1290
1090 1365
1090 1369
1091 1105
1091 1203
1091 1255
1091 1281
1091 1295
1091 1341
1092 1314
1092 1398
1093 1337
1095 1202
1095 1342
1096 1193
1096 1214
1097 1324
1098 1115
1098 1116
1098 1144
1099 1303
1099 1316
1100 1152
1101 1298
1101 1381
1101 1391
1102 1126
1102 1163
1102 1216
1102 1328
1103 1305
1104 1346
1105 1198
1105 1295
1106 1121
1107 1138
1107 1198
1107 1327
1107 1340
1107 1346
1108 1183
1108 1190
1109 1111
1109 1302
1110 1135
1110 1162
1110 1255
1110 1308
1110 1326
1110 1397
1111 1302
1112 1148
1112 1219
1112 1249
1112 1399
1113 1282
1114 1271
1114 1285
1114 1328
1115 1144
1115 1207
1115 1211
1115 1278
1115 1299
1115 1394
1116 1300
1117 1139
1118 1158
1118 1219
1119 1171
1119 1217
1119 1267
1119 1411
1120 1216
1120 1253
1120 1262
1120 1323
1120 1390
1122 1194
1123 1413
1124 1364
1125 1164
1125 1368
1126 1216
1126 1328
1126 1361
1127 1204
1128 1214
1128 1343
1129 1185
1129 1215
1129 1371
1129 1417
1129 1420
1130 1304
1131 1144
1131 1261
1132 1167
1132 1318
1132 1334
1132 1415
1133 1177
1134 1268
1134 1379
1135 1155
1135 1175
1135 1203
1135 1255
1136 1380
1138 1198
1138 1210
1138 1327
1139 1281
1139 1310
1140 1359
1141 1213
1142 1256
1142 1375
1143 1168
1143 1177
1143 1245
1145 1160
1145 1238
1145 1395
1146 1269
1147 1368
1147 1409
1148 1219
1148 1244
1148 1399
1149 1233
1149 1234
1149 1259
1149 1349
1151 1212
1151 1292
1151 1358
1152 1184
1153 1185
1153 1339
1154 1209
1155 1162
1155 1380
1155 1409
1156 1229
1156 1287
1157 1235
1157 1257
1158 1171
1158 1217
1160 1238
1160 1395
1160 1410
1162 1308
1162 1397
1162 1409
1163 1271
1163 1328
1165 1314
1166 1338
1167 1415
1168 1184
1168 1254
1169 1218
1170 1357
1170 1382
1171 1217
1172 1261
1173 1210
1173 1315
1174 1294
1174 1330
1175 1203
1175 1380
1175 1421
1176 1205
1176 1276
1176 1307
1177 1245
1178 1252
1178 1262
1179 1350
1179 1374
1180 1223
1181 1277
1184 1254
1185 1325
1185 1417
1188 1368
1189 1287
1189 1294
1191 1390
1192 1288
1193 1214
1193 1407
1194 1274
1194 1313
1195 1330
1196 1275
1196 1348
1197 1218
1197 1385
1198 1295
1198 1327
1198 1346
1200 1226
1200 1349
1200 1353
1201 1232
1201 1318
1201 1396
1202 1315
1202 1340
1203 1255
1203 1341
1204 1296
1205 1276
1205 1307
1207 1211
1207 1278
1207 1376
1209 1386
1211 1278
1211 1299
1211 1394
1213 1402
1214 1407
1215 1237
1215 1371
1215 1415
1215 1417
1215 1419
1215 1420
1216 1253
1216 1293
1216 1323
1216 1328
1217 1267
1218 1385
1219 1249
1220 1372
1222 1269
1222 1401
1223 1291
1224 1367
1226 1353
1226 1362
1226 1389
1229 1287
1229 1379
1230 1339
1231 1388
1232 1396
1233 1234
1233 1259
1234 1259
1235 1257
1235 1300
1236 1243
1236 1263
1236 1322
1236 1344
1236 1360
1237 1318
1237 1334
1237 1371
1237 1415
1237 1419
1238 1395
1239 1297
1239 1352
1241 1242
1241 1272
1241 1321
1242 1272
1242 1373
1243 1263
1243 1322
1243 1344
1243 1360
1244 1383
1245 1296
1246 1360
1247 1351
1249 1399
1250 1399
1251 1369
1252 1347
1252 1355
1253 1293
1253 1323
1255 1326
1256 1338
1256 1375
1256 1387
1258 1347
1262 1390
1263 1344
1263 1360
1265 1320
1265 1387
1267 1411
1268 1379
1270 1301
1271 1285
1271 1292
1272 1373
1273 1274
1274 1384
1278 1376
1278 1394
1279 1408
1281 1310
1284 1320
1284 1363
1284 1374
1285 1407
1286 1355
1289 1355
1290 1370
1293 1323
1293 1361
1295 1341
1297 1335
1298 1381
1298 1391
1299 1394
1303 1316
1304 1378
1305 1398
1307 1352
1308 1397
1311 1319
1312 1348
1317 1320
1317 1350
1317 1413
1318 1415
1318 1419
1319 1333
1320 1387
1322 1360
1324 1383
1325 1417
1326 1397
1327 1340
1327 1346
1329 1403
1329 1410
1331 1339
1335 1352
1337 1382
1340 1346
1341 1380
1344 1393
1347 1355
1347 1384
1350 1413
1353 1389
1362 1389
1363 1374
1365 1369
1370 1396
1371 1417
1372 1381
1380 1421
1381 1391
1412 1416
1419 1420
