0 1
2 1
3 1
4 1
7 1
8 2
9 1
10 1
12 1
14 2
15 1
16 2
17 1
18 1
21 2
22 1
23 1
25 1
26 1
27 1
29 1
31 2
33 2
35 2
39 1
40 1
41 1
42 1
43 1
44 1
45 1
47 1
49 2
51 2
52 1
53 2
54 1
55 1
57 2
58 2
59 1
62 2
63 2
65 1
66 1
67 1
69 1
70 1
73 1
75 1
76 1
79 1
81 1
83 1
84 2
89 1
90 1
91 1
92 2
95 1
96 2
98 2
99 1
101 2
102 1
103 1
105 2
106 2
107 2
110 2
111 2
112 1
115 2
116 2
118 1
119 2
120 1
123 2
124 1
125 1
127 1
130 2
131 1
133 2
135 1
136 1
137 2
139 1
140 2
141 1
143 1
144 1
145 2
147 2
148 1
149 1
151 2
154 2
155 1
156 2
157 2
159 1
160 1
161 2
162 2
164 2
166 1
168 2
169 2
171 1
172 2
173 2
174 1
175 1
176 1
179 1
180 2
183 2
184 1
186 2
190 1
193 1
195 2
196 2
197 2
198 1
199 2
200 2
203 1
204 1
205 2
206 1
207 2
210 2
212 1
215 2
216 1
222 1
223 2
224 1
225 2
227 2
229 2
231 1
233 1
234 1
238 1
239 2
240 2
244 1
245 1
246 1
248 1
250 1
253 1
255 2
257 2
259 2
269 2
270 2
271 1
272 2
273 2
274 2
276 1
277 1
279 1
280 2
283 1
284 2
286 1
288 2
