0 118
0 150
0 2
0 237
0 269
0 27
0 43
1 104
1 109
1 113
1 129
1 163
1 225
1 242
1 25
1 257
1 31
1 92
2 107
2 118
2 150
2 237
2 259
2 27
2 47
3 133
3 135
3 141
3 145
3 15
3 178
3 29
3 38
3 80
4 111
4 137
4 17
4 190
4 191
4 224
4 228
4 66
5 126
5 168
5 183
5 216
5 28
5 68
6 107
6 109
6 115
6 150
6 235
6 27
6 274
6 276
6 278
6 280
6 47
6 48
7 105
7 162
7 194
7 20
7 210
7 265
7 48
7 55
7 96
8 10
8 101
8 159
8 177
8 209
8 229
8 236
8 262
8 279
8 283
9 10
9 11
9 130
9 156
9 240
9 264
9 54
9 63
9 98
10 101
10 116
10 130
10 240
10 264
10 279
11 130
11 156
11 158
11 163
11 262
11 264
11 287
11 32
11 34
11 54
11 63
11 98
12 162
12 171
12 188
12 210
12 24
12 272
12 71
12 88
12 93
13 103
13 115
13 196
13 201
13 207
13 213
13 228
13 235
13 239
13 278
13 67
13 85
14 209
14 229
14 230
14 234
14 251
14 253
14 277
14 39
14 51
14 94
15 133
15 157
15 29
15 40
15 80
15 85
16 160
16 213
16 252
16 282
16 288
16 33
16 87
16 90
16 95
17 137
17 144
17 169
17 191
17 267
17 35
17 66
18 116
18 129
18 233
18 240
18 257
18 31
18 45
19 182
19 208
19 23
19 232
19 46
20 165
20 188
20 194
20 210
20 219
20 260
20 265
20 37
20 77
20 93
20 96
21 116
21 124
21 142
21 185
21 22
21 230
21 236
21 279
21 45
21 57
21 69
22 106
22 142
22 185
22 45
22 53
22 69
23 151
23 180
23 182
23 200
23 232
23 268
23 46
23 65
24 188
24 210
24 37
24 71
25 104
25 125
25 225
25 242
25 257
25 31
25 44
25 92
26 105
26 148
26 204
26 235
26 274
26 73
26 77
26 78
26 96
27 115
27 150
27 269
27 276
27 280
27 47
28 100
28 126
28 140
28 168
28 183
28 216
28 258
28 30
28 68
29 141
29 200
29 215
29 40
29 80
30 100
30 140
30 158
30 168
30 184
30 199
30 211
30 217
30 226
30 32
30 64
30 68
30 76
30 84
31 104
31 129
31 257
31 44
31 45
31 53
32 100
32 140
32 158
32 163
32 184
32 197
32 199
32 233
32 98
33 117
33 214
33 241
33 252
33 282
33 90
33 95
34 101
34 130
34 131
34 169
34 177
34 212
34 227
34 262
34 267
34 287
34 41
34 63
34 97
35 144
35 164
35 213
35 250
35 267
35 58
35 66
36 117
36 128
36 154
36 246
36 252
36 266
36 72
37 188
37 210
37 219
37 265
38 133
38 145
38 147
38 167
38 178
38 206
38 218
38 254
38 271
38 50
38 80
39 198
39 209
39 222
39 277
39 51
39 79
39 94
40 133
40 157
40 200
40 215
40 70
40 80
40 85
41 131
41 169
41 174
41 212
41 227
41 287
41 75
42 110
42 144
42 227
42 231
42 58
42 62
42 97
43 118
43 154
43 161
43 237
43 245
43 246
43 261
43 269
44 104
44 106
44 123
44 171
44 225
44 53
44 88
45 116
45 129
45 142
45 53
46 180
46 208
46 220
46 232
46 249
47 107
47 127
47 150
47 235
47 274
47 276
47 73
48 104
48 105
48 107
48 109
48 123
48 162
48 194
48 225
48 235
48 274
48 55
48 88
48 93
48 99
49 146
49 152
49 155
49 170
49 176
49 223
49 251
49 291
49 57
49 59
49 86
50 119
50 146
50 147
50 167
50 175
50 198
50 218
50 244
50 251
50 254
50 51
50 79
50 94
51 119
51 146
51 193
51 251
51 253
51 79
51 94
52 132
52 153
52 183
52 255
52 256
52 258
52 89
53 104
53 106
53 142
53 88
54 158
54 248
54 63
54 98
55 105
55 123
55 162
55 274
55 99
56 108
56 134
56 138
56 172
56 181
56 282
56 60
56 74
57 124
57 152
57 155
57 185
57 230
57 251
57 59
57 69
58 110
58 144
58 213
58 250
58 267
58 97
59 152
59 272
59 69
59 71
59 86
60 138
60 172
60 181
60 202
60 231
60 263
60 282
60 287
60 62
60 74
60 97
61 122
61 189
61 202
61 275
62 174
62 202
62 227
62 231
62 263
62 287
62 97
63 112
63 130
63 131
63 158
63 202
63 248
63 270
63 287
63 75
64 121
64 211
64 217
64 226
64 84
65 103
65 151
65 200
65 201
65 215
65 268
65 285
66 102
66 164
66 191
66 224
66 228
66 267
66 273
67 103
67 115
67 196
67 207
67 278
67 284
67 83
68 168
68 211
68 226
69 106
69 152
69 185
69 272
70 157
70 207
70 215
70 239
70 85
71 152
71 170
71 188
71 272
71 86
71 93
72 128
72 153
72 154
72 192
72 245
72 246
72 252
72 255
72 256
72 258
72 261
72 266
73 127
73 204
73 235
73 274
74 128
74 134
74 181
74 187
74 214
74 241
74 247
74 252
74 282
75 112
75 131
75 174
75 287
76 140
76 168
76 184
76 199
76 211
76 84
77 105
77 148
77 151
77 194
77 201
77 204
77 235
77 260
77 285
77 78
77 96
78 148
78 165
78 220
78 249
78 260
78 96
79 119
79 198
79 244
79 94
80 133
80 141
80 145
80 178
80 182
80 200
80 215
80 218
80 232
80 268
80 285
80 85
81 269
81 280
81 284
81 288
81 83
81 87
81 95
82 119
82 146
82 167
82 221
82 244
82 290
83 115
83 278
83 280
83 284
83 87
84 143
84 158
84 199
84 211
84 217
84 248
85 133
85 136
85 157
85 201
85 207
85 215
85 218
85 228
85 239
85 285
86 152
86 170
86 223
87 150
87 161
87 213
87 237
87 252
87 261
87 269
87 278
87 280
87 282
87 284
87 288
87 95
88 104
88 106
88 123
88 142
88 162
88 171
88 185
88 272
88 93
89 113
89 120
89 153
89 173
89 183
89 195
89 255
90 160
90 164
90 213
90 241
90 250
90 282
91 145
91 178
91 254
91 271
91 281
92 109
92 113
92 120
92 125
92 173
92 179
92 225
92 242
93 152
93 162
93 170
93 185
93 188
93 194
93 210
93 272
94 147
94 198
94 205
94 209
94 218
94 222
94 228
94 230
94 251
95 117
95 154
95 161
95 252
95 269
95 288
96 105
96 165
96 194
96 260
96 265
97 110
97 144
97 172
97 213
97 227
97 231
97 267
97 282
97 287
98 156
98 158
98 163
98 184
98 199
98 233
98 248
99 107
99 109
99 123
99 179
99 225
99 274
100 140
100 153
100 173
100 183
100 197
100 216
100 238
100 242
100 258
101 130
101 131
101 159
101 177
101 262
101 264
102 157
102 191
102 224
102 228
102 239
102 273
103 151
103 196
103 201
103 207
103 215
104 109
104 123
104 129
104 142
104 225
105 194
105 235
105 274
106 142
106 171
106 185
106 272
107 109
107 150
107 179
107 259
107 274
108 138
108 181
108 263
109 113
109 150
109 179
109 225
109 237
109 259
110 139
110 172
110 231
110 250
110 282
111 137
111 149
111 177
111 190
111 191
111 203
111 205
111 209
111 228
112 174
112 189
112 202
112 270
112 287
113 120
113 153
113 173
113 179
113 195
113 237
113 242
113 259
113 261
114 135
114 141
114 178
114 182
114 281
115 127
115 196
115 235
115 276
115 278
115 280
116 129
116 142
116 236
116 240
116 262
116 264
116 279
117 128
117 154
117 214
117 252
118 195
118 237
118 245
118 259
119 146
119 167
119 193
119 244
119 290
120 173
120 179
120 195
120 259
121 122
121 143
121 217
122 143
122 186
122 189
122 202
122 217
123 162
123 171
123 225
124 155
124 230
124 234
124 236
124 253
124 279
125 173
125 197
125 238
125 242
125 257
126 132
126 183
126 258
127 196
127 204
127 235
127 276
128 187
128 214
128 252
129 142
129 163
129 233
129 240
129 257
129 262
129 264
130 131
130 262
130 264
131 159
131 177
131 212
131 287
132 183
132 256
132 258
133 136
133 145
133 157
133 206
133 218
133 286
134 139
134 172
134 241
134 247
134 282
135 141
135 145
135 178
135 281
136 157
136 190
136 218
136 224
136 228
136 286
137 149
137 169
137 177
137 191
137 267
138 172
138 181
138 231
138 263
139 172
139 241
139 250
139 282
140 168
140 184
140 197
140 216
140 238
141 145
141 178
141 182
141 200
142 185
142 230
142 236
142 262
143 158
143 186
143 217
143 248
143 270
144 169
144 227
144 267
145 178
145 206
145 271
145 281
146 152
146 167
146 170
146 176
146 193
146 223
146 251
146 290
146 291
147 175
147 198
147 205
147 206
147 218
147 254
147 271
148 151
148 180
148 204
148 220
148 249
148 260
149 159
149 169
149 177
149 203
149 209
149 212
149 283
150 237
150 259
150 269
150 278
150 280
151 180
151 196
151 201
151 204
151 235
151 260
151 268
151 285
152 170
152 185
152 251
152 272
153 173
153 183
153 195
153 242
153 255
153 256
153 258
153 261
154 161
154 246
154 252
154 261
155 176
155 193
155 230
155 251
155 253
156 163
156 233
156 240
156 264
157 224
157 228
157 239
158 186
158 199
158 202
158 217
158 248
158 270
158 287
159 177
159 212
159 283
160 164
160 166
160 213
160 273
160 284
160 288
161 237
161 252
161 261
161 269
162 171
162 194
162 210
163 197
163 233
163 240
163 242
163 257
163 264
164 213
164 250
164 267
164 273
165 219
165 249
165 260
165 265
166 191
166 213
166 239
166 273
166 284
167 175
167 178
167 221
167 244
167 254
167 289
168 211
168 216
169 177
169 212
169 227
169 267
170 188
170 223
171 272
172 231
172 282
173 183
173 238
173 242
174 189
174 202
174 227
174 263
174 275
174 287
175 198
175 244
175 254
175 289
176 193
176 251
176 290
176 291
177 191
177 209
177 212
177 236
177 262
177 267
177 283
178 182
178 208
178 232
178 254
178 271
178 281
179 225
179 259
180 220
180 232
180 249
180 260
180 268
181 202
181 263
182 200
182 208
182 232
183 216
183 238
183 258
184 197
184 199
184 233
185 230
185 251
185 272
186 189
186 202
186 217
186 270
187 214
187 241
187 247
188 210
188 219
189 202
189 270
189 275
190 205
190 218
190 224
190 228
190 286
191 209
191 213
191 228
191 239
191 267
191 273
192 245
192 246
192 256
192 266
193 251
193 253
193 290
194 210
194 235
195 237
195 245
195 255
195 259
195 261
196 201
196 204
196 235
197 233
197 238
197 242
197 257
198 205
198 222
198 244
199 248
200 215
200 232
200 268
200 285
201 207
201 215
201 235
201 285
202 217
202 243
202 263
202 270
202 275
202 287
203 205
203 209
203 222
203 277
203 283
204 235
205 206
205 209
205 218
205 222
205 228
205 286
206 218
206 271
206 286
207 215
207 239
207 278
207 284
208 232
208 249
209 222
209 228
209 229
209 230
209 236
209 277
209 283
210 265
211 226
213 228
213 239
213 250
213 267
213 273
213 278
213 282
213 284
213 288
214 241
214 252
214 282
215 285
216 238
217 226
218 228
218 286
219 249
219 260
219 265
220 249
221 244
221 289
222 277
223 291
224 228
227 267
227 287
228 239
229 230
229 234
229 236
229 277
229 279
229 283
230 234
230 236
230 251
230 253
231 263
232 249
232 260
232 268
233 240
233 257
234 236
234 253
234 279
235 274
235 276
235 278
236 262
236 279
237 245
237 259
237 261
237 269
238 242
239 273
239 278
239 284
240 264
241 247
241 250
241 282
242 257
243 263
243 275
244 289
245 246
245 255
245 256
245 261
246 261
246 266
248 270
249 260
250 282
251 253
252 261
252 282
254 271
254 289
255 256
255 261
256 258
260 268
260 285
262 264
262 279
263 275
264 279
267 273
268 285
269 280
277 283
278 280
278 284
284 288
290 291
