0 0
1 0
2 0
3 2
4 1
5 0
6 1
7 0
8 2
9 0
10 0
11 0
12 2
13 0
14 0
15 0
16 0
17 0
18 2
19 2
20 0
21 0
22 0
23 1
24 2
25 0
26 0
27 0
28 2
29 0
30 1
31 1
32 2
33 1
34 2
35 1
36 2
37 2
38 2
39 1
40 1
41 0
42 0
43 0
44 0
45 0
46 0
47 2
48 2
49 1
50 0
51 2
52 2
53 0
54 0
55 0
56 1
57 2
58 0
59 0
60 2
61 0
62 1
63 0
64 0
65 2
66 1
67 0
68 2
69 1
70 1
71 2
72 0
73 2
74 0
75 1
76 2
77 0
78 2
79 0
80 0
81 2
82 0
83 2
84 0
85 0
86 0
87 2
88 2
89 0
90 0
91 2
92 2
93 2
94 1
95 2
96 2
97 2
98 1
99 2
100 2
101 0
102 1
103 0
104 0
105 1
106 0
107 0
108 0
109 2
110 2
111 0
112 1
113 0
114 0
115 2
116 0
117 1
118 1
119 0
120 0
121 0
122 2
123 0
124 1
125 0
126 0
127 0
128 2
129 0
130 1
131 2
132 2
133 1
134 0
135 1
136 0
137 0
138 0
139 1
140 0
141 2
142 2
143 0
144 0
145 2
146 2
147 0
148 2
149 0
150 0
151 1
152 0
153 1
154 0
155 2
156 0
157 0
158 0
159 0
160 0
161 0
162 2
163 2
164 0
165 0
166 0
167 0
168 2
169 0
170 0
171 0
172 0
173 0
174 0
175 1
176 2
177 2
178 0
179 0
180 0
181 0
182 0
183 0
184 1
185 1
186 0
187 0
188 0
189 2
190 0
191 2
192 0
193 2
194 1
195 1
196 0
197 0
198 0
199 0
200 0
201 0
202 0
203 2
204 0
205 2
206 0
207 0
208 0
209 2
210 1
211 2
212 2
213 0
214 1
215 0
216 0
217 0
218 2
219 1
220 0
221 0
222 0
223 0
224 1
225 0
226 0
227 2
228 1
229 1
230 0
231 0
232 0
233 1
234 0
235 0
236 1
237 0
238 0
239 1
240 2
241 2
242 0
243 0
244 1
245 1
246 0
247 1
248 0
249 2
250 0
251 2
252 0
253 0
254 1
255 0
256 0
257 2
258 2
259 0
260 2
261 0
262 0
263 2
264 0
265 1
266 2
267 2
268 0
269 0
270 0
271 0
272 0
273 2
274 0
275 0
276 0
277 2
278 0
279 0
280 2
281 0
282 1
283 0
284 0
285 2
286 0
287 2
288 0
289 1
290 2
291 0
292 0
293 0
294 0
295 2
296 1
297 1
298 1
299 2
300 0
301 0
302 0
303 0
304 2
305 2
306 1
307 0
308 0
309 0
310 0
311 0
312 0
313 1
314 0
315 0
316 2
317 0
318 2
319 0
320 2
321 2
322 2
323 0
324 0
325 0
326 0
327 0
328 1
329 2
330 0
331 0
332 0
333 1
334 0
335 0
336 0
337 0
338 0
339 2
340 2
341 0
342 0
343 0
344 0
345 2
346 2
347 0
348 0
349 0
350 0
351 0
352 1
353 0
354 2
355 0
356 0
357 0
358 2
359 0
360 1
361 0
362 0
363 2
364 0
365 0
366 0
367 2
368 0
369 0
370 2
371 0
372 1
373 0
374 0
375 0
376 0
377 0
378 2
379 0
380 0
381 0
382 2
383 0
384 2
385 2
386 0
387 0
388 0
389 1
390 1
391 2
392 0
393 2
394 1
395 2
396 0
397 0
398 0
399 2
400 2
401 0
402 2
403 2
404 2
405 0
406 0
407 0
408 2
409 0
410 0
411 0
412 0
413 0
414 0
415 0
416 2
417 1
418 0
419 1
420 2
421 2
422 0
423 1
424 0
425 0
426 2
427 1
428 2
429 0
430 0
431 1
432 0
433 2
434 0
435 2
436 0
437 2
438 2
439 0
440 0
441 0
442 0
443 1
444 2
445 1
446 2
447 1
448 2
449 2
450 2
451 1
452 0
453 0
454 0
455 0
456 0
457 0
458 0
459 0
460 0
461 0
462 0
463 2
464 1
465 0
466 2
467 0
468 0
469 1
470 0
471 1
472 0
473 2
474 0
475 0
476 0
477 0
478 2
479 2
480 0
481 0
482 0
483 1
484 2
485 0
486 0
487 0
488 0
489 0
490 0
491 2
492 2
493 0
494 0
495 0
496 0
497 0
498 0
499 2
500 2
501 0
502 0
503 2
504 2
505 2
506 0
507 0
508 1
509 1
510 0
511 2
512 0
513 0
514 2
515 1
516 2
517 0
518 0
519 1
520 0
521 0
522 2
523 0
524 2
525 0
526 2
527 1
528 2
529 0
530 0
531 0
532 0
533 2
534 0
535 2
536 1
537 0
538 0
539 1
540 1
541 0
542 0
543 2
544 1
545 0
546 0
547 2
548 1
549 2
550 2
551 2
552 2
553 2
554 1
555 2
556 0
557 0
558 0
559 0
560 2
561 0
562 0
563 0
564 1
565 1
566 2
567 1
568 0
569 2
570 0
571 2
572 0
573 0
574 2
575 0
576 2
577 0
578 0
579 0
580 0
581 1
582 0
583 2
584 0
585 2
586 0
587 0
588 0
589 2
590 2
591 0
592 0
593 2
594 2
595 1
596 2
597 0
598 2
599 0
600 2
601 0
602 2
603 2
604 2
605 0
606 0
607 2
608 0
609 1
610 0
611 0
612 1
613 2
614 2
615 0
616 2
617 2
618 1
619 0
620 2
621 0
622 0
623 0
624 0
625 0
626 2
627 2
628 2
629 1
630 0
631 1
632 2
633 1
634 0
635 0
636 0
637 0
638 1
639 0
640 2
641 0
642 2
643 0
644 2
645 1
646 2
647 1
648 2
649 0
650 0
651 1
652 2
653 0
654 0
655 2
656 0
657 0
658 0
659 2
660 2
661 0
662 0
663 0
664 0
665 1
666 0
667 2
668 0
669 1
670 0
671 2
672 0
673 2
674 2
675 1
676 2
677 0
678 2
679 0
680 0
681 0
682 0
683 2
684 0
685 0
686 0
687 1
688 2
689 0
690 0
691 0
692 1
693 0
694 0
695 0
696 0
697 0
698 0
699 0
700 0
701 1
702 0
703 2
704 0
705 2
706 0
707 1
708 2
709 1
710 2
711 0
712 0
713 0
714 2
715 0
716 2
717 0
718 2
719 0
720 2
721 0
722 0
723 0
724 0
725 0
726 0
727 0
728 0
729 1
730 2
731 2
732 0
733 2
734 0
735 0
736 2
737 0
738 0
739 0
740 1
741 0
742 0
743 0
744 1
745 0
746 0
747 0
748 0
749 0
750 0
751 0
752 0
753 0
754 2
755 0
756 0
757 1
758 2
759 0
760 0
761 0
762 0
763 0
764 2
765 2
766 2
767 2
768 0
769 0
770 0
771 0
772 0
773 0
774 2
775 1
776 2
777 2
778 1
779 0
780 0
781 0
782 1
783 0
784 2
785 2
786 0
787 1
788 2
789 0
790 0
791 2
792 0
793 0
794 1
795 0
796 0
797 1
798 2
799 0
800 2
801 2
802 1
803 1
804 0
805 2
806 2
807 2
808 0
809 2
810 2
811 0
812 0
813 0
814 0
815 1
816 1
817 0
818 0
819 0
820 2
821 1
822 2
823 0
824 0
825 1
826 0
827 2
828 0
829 1
830 0
831 1
832 0
833 1
834 0
835 1
836 2
837 0
838 2
839 0
840 2
841 2
842 2
843 0
844 0
845 0
846 1
847 0
848 1
849 0
850 1
851 0
852 0
853 0
854 0
855 0
856 0
857 0
858 0
859 1
860 0
861 1
862 2
863 2
864 2
865 1
866 0
867 0
868 0
869 2
870 2
871 0
872 0
873 0
874 0
875 0
876 2
877 1
878 0
879 0
880 0
881 0
882 1
883 0
884 0
885 1
886 0
887 0
888 0
889 0
890 0
891 0
892 2
893 0
894 0
895 0
896 0
897 0
898 0
899 2
900 0
901 0
902 0
903 0
904 2
905 2
906 0
907 1
908 0
909 0
910 1
911 0
912 2
913 0
914 0
915 0
916 0
917 2
918 0
919 1
920 2
921 0
922 0
923 2
924 1
925 1
926 2
927 0
928 0
929 0
930 0
931 1
932 2
933 2
934 2
935 0
936 0
937 0
938 0
939 0
940 1
941 0
942 0
943 0
944 0
945 1
946 0
947 0
948 0
949 0
950 0
951 0
952 0
953 0
954 0
955 0
956 2
957 0
958 2
959 0
960 0
961 2
962 1
963 2
964 1
965 1
966 2
967 0
968 0
969 0
970 0
971 2
972 0
973 0
974 2
975 1
976 0
977 2
978 0
979 0
980 2
981 0
982 0
983 2
984 1
985 1
986 2
987 0
988 1
989 0
990 0
991 0
992 2
993 0
994 0
995 0
996 0
997 1
998 0
999 0
1000 2
1001 0
1002 0
1003 0
1004 0
1005 0
1006 2
1007 0
1008 0
1009 0
1010 1
1011 1
1012 1
1013 2
1014 1
1015 2
1016 2
1017 0
1018 0
1019 0
1020 0
1021 0
1022 0
1023 2
1024 0
1025 0
1026 0
1027 0
1028 0
1029 0
1030 0
1031 0
1032 1
1033 0
1034 0
1035 2
1036 0
1037 0
1038 0
1039 2
1040 0
1041 1
1042 2
1043 0
1044 1
1045 0
1046 0
1047 0
1048 0
1049 2
1050 0
1051 2
1052 0
1053 0
1054 1
1055 2
1056 0
1057 1
1058 0
1059 0
1060 0
1061 0
1062 2
1063 2
1064 1
1065 0
1066 2
1067 0
1068 0
1069 1
1070 0
1071 0
1072 0
1073 0
1074 2
1075 0
1076 0
1077 1
1078 1
1079 0
1080 0
1081 2
1082 0
1083 2
1084 2
1085 0
1086 0
1087 1
1088 2
1089 0
1090 0
1091 2
1092 2
1093 0
1094 1
1095 0
1096 1
1097 0
1098 2
1099 2
1100 2
1101 1
1102 0
1103 2
1104 0
1105 0
1106 0
1107 2
1108 0
1109 2
1110 2
1111 0
1112 0
1113 0
1114 1
1115 1
1116 0
1117 0
1118 0
1119 0
1120 1
1121 1
1122 0
1123 2
1124 0
1125 0
1126 0
1127 2
1128 0
1129 0
1130 2
1131 0
1132 0
1133 0
1134 2
1135 1
1136 1
1137 1
1138 2
1139 0
1140 0
1141 2
1142 2
1143 0
1144 0
1145 1
1146 0
1147 0
1148 1
1149 0
1150 0
1151 0
1152 2
1153 0
1154 0
1155 0
1156 0
1157 0
1158 0
1159 0
1160 0
1161 2
1162 2
1163 0
1164 0
1165 0
1166 0
1167 0
1168 0
1169 2
1170 2
1171 2
1172 2
1173 0
1174 2
1175 0
1176 2
1177 2
1178 2
1179 0
1180 0
1181 2
1182 0
1183 2
1184 2
1185 0
1186 0
1187 0
1188 0
1189 2
1190 0
1191 2
1192 2
1193 2
1194 0
1195 0
1196 0
1197 2
1198 2
1199 0
1200 2
1201 0
1202 2
1203 0
1204 0
1205 0
1206 0
1207 0
1208 2
1209 2
1210 0
1211 0
1212 1
1213 1
1214 0
1215 0
1216 1
1217 0
1218 0
1219 2
1220 0
1221 0
1222 0
1223 0
1224 1
1225 2
1226 0
1227 2
1228 0
1229 2
1230 2
1231 0
1232 0
1233 2
1234 0
1235 0
1236 2
1237 2
1238 1
1239 0
1240 1
1241 2
1242 1
1243 2
1244 2
1245 2
1246 1
1247 2
1248 2
1249 0
1250 2
1251 2
1252 0
1253 0
1254 1
1255 0
1256 2
1257 0
1258 0
1259 0
1260 1
1261 1
1262 0
1263 0
1264 0
1265 2
1266 0
1267 1
1268 1
1269 0
1270 1
1271 2
1272 0
1273 0
1274 2
1275 0
1276 0
1277 0
1278 0
1279 1
1280 2
1281 0
1282 0
1283 0
1284 2
1285 0
1286 0
1287 1
1288 2
1289 0
1290 2
1291 1
1292 0
1293 0
1294 0
1295 0
1296 0
1297 0
1298 0
1299 1
1300 2
1301 1
1302 1
1303 0
1304 1
1305 0
1306 0
1307 0
1308 0
1309 0
1310 0
1311 0
1312 0
1313 0
1314 2
1315 2
1316 0
1317 0
1318 0
1319 0
1320 0
1321 2
1322 0
1323 0
1324 2
1325 0
1326 0
1327 0
1328 2
1329 2
1330 0
1331 2
1332 0
1333 0
1334 0
1335 1
1336 0
1337 0
1338 1
1339 1
1340 2
1341 1
1342 0
1343 0
1344 2
1345 0
1346 0
1347 0
1348 2
1349 2
1350 0
1351 0
1352 0
1353 2
1354 1
1355 2
1356 0
1357 0
1358 0
1359 1
1360 0
1361 0
1362 1
1363 2
1364 0
1365 2
1366 1
1367 0
1368 0
1369 0
1370 0
1371 0
1372 0
1373 0
1374 2
1375 2
1376 2
1377 2
1378 2
1379 2
1380 0
1381 0
1382 2
1383 1
1384 0
1385 0
1386 0
1387 1
1388 0
1389 0
1390 2
1391 0
1392 2
1393 2
1394 0
1395 0
1396 0
1397 2
1398 2
1399 2
1400 0
1401 0
1402 2
1403 0
1404 2
1405 0
1406 0
1407 0
1408 0
1409 0
1410 2
1411 1
1412 1
1413 1
1414 0
1415 0
1416 1
1417 0
1418 0
1419 2
1420 0
1421 0
1422 1
1423 2
1424 0
1425 0
1426 2
1427 0
1428 2
1429 2
1430 0
1431 0
1432 1
1433 0
1434 0
1435 0
1436 0
1437 0
1438 0
1439 1
1440 0
1441 2
1442 0
1443 1
1444 0
1445 0
1446 0
1447 1
1448 2
1449 2
1450 0
1451 0
1452 0
1453 0
1454 2
1455 0
1456 0
1457 0
1458 2
1459 2
1460 2
1461 0
1462 0
1463 2
1464 0
1465 1
1466 0
1467 0
1468 0
1469 1
1470 1
1471 2
1472 2
1473 0
1474 1
1475 2
1476 0
1477 2
1478 2
1479 2
1480 0
1481 2
1482 2
1483 1
1484 0
1485 0
1486 0
1487 2
1488 2
1489 2
1490 2
1491 2
1492 2
1493 0
1494 2
1495 0
1496 0
1497 2
1498 1
1499 1
1500 0
1501 2
1502 0
1503 1
1504 0
1505 0
1506 0
1507 2
1508 1
1509 0
1510 2
1511 0
1512 1
1513 0
1514 2
1515 0
1516 0
1517 2
1518 0
1519 0
1520 1
1521 0
1522 0
1523 2
1524 0
1525 0
1526 2
1527 0
1528 1
1529 0
