3 2
4 1
6 1
8 2
12 2
18 2
19 2
23 1
24 2
28 2
30 1
31 1
32 2
33 1
34 2
35 1
36 2
37 2
38 2
39 1
40 1
47 2
48 2
49 1
51 2
52 2
56 1
57 2
60 2
62 1
65 2
66 1
68 2
69 1
70 1
71 2
73 2
75 1
76 2
78 2
81 2
83 2
87 2
88 2
91 2
92 2
93 2
94 1
95 2
96 2
97 2
98 1
99 2
100 2
102 1
105 1
109 2
110 2
112 1
115 2
117 1
118 1
122 2
124 1
128 2
130 1
131 2
132 2
133 1
135 1
139 1
141 2
142 2
145 2
146 2
148 2
151 1
153 1
155 2
162 2
163 2
168 2
175 1
176 2
177 2
184 1
185 1
189 2
191 2
193 2
194 1
195 1
203 2
205 2
209 2
210 1
211 2
212 2
214 1
218 2
219 1
224 1
227 2
228 1
229 1
233 1
236 1
239 1
240 2
241 2
244 1
245 1
247 1
249 2
251 2
254 1
257 2
258 2
260 2
263 2
265 1
266 2
267 2
272 0
273 2
277 2
280 2
282 1
285 2
287 2
289 1
290 2
295 2
296 1
297 1
298 1
299 2
304 2
305 2
306 1
313 1
316 2
318 2
320 2
321 2
322 2
328 1
329 2
333 1
339 2
340 2
345 2
346 2
352 1
354 2
358 2
360 1
363 2
365 0
367 2
370 2
372 1
378 2
382 2
384 2
385 2
389 1
390 1
391 2
393 2
394 1
395 2
399 2
400 2
402 2
403 2
404 2
407 0
408 2
416 2
417 1
419 1
420 2
421 2
423 1
426 2
427 1
428 2
431 1
433 2
435 2
437 2
438 2
443 1
444 2
445 1
446 2
447 1
448 2
449 2
450 2
451 1
463 2
464 1
466 2
469 1
471 1
473 2
478 2
479 2
483 1
484 2
491 2
492 2
499 2
500 2
503 2
504 2
505 2
508 1
509 1
511 2
514 2
515 1
516 2
519 1
522 2
524 2
526 2
527 1
528 2
530 0
533 2
535 2
536 1
539 1
540 1
543 2
544 1
547 2
548 1
549 2
550 2
551 2
552 2
553 2
554 1
555 2
560 2
564 1
565 1
566 2
567 1
569 2
571 2
574 2
576 2
581 1
583 2
585 2
589 2
590 2
593 2
594 2
595 1
596 2
598 2
600 2
602 2
603 2
604 2
607 2
609 1
612 1
613 2
614 2
616 2
617 2
618 1
620 2
626 2
627 2
628 2
629 1
631 1
632 2
633 1
638 1
640 2
642 2
644 2
645 1
646 2
647 1
648 2
651 1
652 2
655 2
659 2
660 2
665 1
667 2
669 1
671 2
673 2
674 2
675 1
676 2
678 2
683 2
687 1
688 2
692 1
701 1
703 2
705 2
707 1
708 2
709 1
710 2
714 2
716 2
718 2
720 2
729 1
730 2
731 2
733 2
736 2
740 1
743 0
744 1
754 2
757 1
758 2
764 2
765 2
766 2
767 2
774 2
775 1
776 2
777 2
778 1
782 1
784 2
785 2
787 1
788 2
791 2
794 1
797 1
798 2
800 2
801 2
802 1
803 1
805 2
806 2
807 2
809 2
810 2
815 1
816 1
820 2
821 1
822 2
825 1
827 2
829 1
831 1
833 1
835 1
836 2
838 2
840 2
841 2
842 2
846 1
848 1
850 1
859 1
861 1
862 2
863 2
864 2
865 1
869 2
870 2
876 2
877 1
882 1
885 1
887 0
892 2
899 2
904 2
905 2
907 1
910 1
912 2
917 2
919 1
920 2
923 2
924 1
925 1
926 2
931 1
932 2
933 2
934 2
940 1
942 0
945 1
956 2
958 2
961 2
962 1
963 2
964 1
965 1
966 2
971 2
974 2
975 1
977 2
980 2
983 2
984 1
985 1
986 2
988 1
992 2
997 1
1000 2
1006 2
1010 1
1011 1
1012 1
1013 2
1014 1
1015 2
1016 2
1023 2
1032 1
1035 2
1039 2
1041 1
1042 2
1044 1
1049 2
1051 2
1054 1
1055 2
1057 1
1058 0
1062 2
1063 2
1064 1
1066 2
1069 1
1074 2
1077 1
1078 1
1081 2
1083 2
1084 2
1087 1
1088 2
1091 2
1092 2
1094 1
1096 1
1098 2
1099 2
1100 2
1101 1
1103 2
1107 2
1109 2
1110 2
1114 1
1115 1
1120 1
1121 1
1123 2
1127 2
1130 2
1134 2
1135 1
1136 1
1137 1
1138 2
1141 2
1142 2
1145 1
1146 0
1148 1
1152 2
1161 2
1162 2
1169 2
1170 2
1171 2
1172 2
1174 2
1176 2
1177 2
1178 2
1181 2
1183 2
1184 2
1189 2
1191 2
1192 2
1193 2
1197 2
1198 2
1200 2
1202 2
1208 2
1209 2
1212 1
1213 1
1216 1
1219 2
1224 1
1225 2
1227 2
1229 2
1230 2
1233 2
1236 2
1237 2
1238 1
1240 1
1241 2
1242 1
1243 2
1244 2
1245 2
1246 1
1247 2
1248 2
1250 2
1251 2
1254 1
1256 2
1260 1
1261 1
1265 2
1267 1
1268 1
1270 1
1271 2
1274 2
1277 0
1279 1
1280 2
1284 2
1287 1
1288 2
1290 2
1291 1
1299 1
1300 2
1301 1
1302 1
1304 1
1314 2
1315 2
1318 0
1321 2
1324 2
1328 2
1329 2
1331 2
1335 1
1338 1
1339 1
1340 2
1341 1
1344 2
1348 2
1349 2
1353 2
1354 1
1355 2
1359 1
1362 1
1363 2
1365 2
1366 1
1374 2
1375 2
1376 2
1377 2
1378 2
1379 2
1382 2
1383 1
1387 1
1390 2
1392 2
1393 2
1397 2
1398 2
1399 2
1402 2
1404 2
1406 0
1410 2
1411 1
1412 1
1413 1
1416 1
1419 2
1422 1
1423 2
1426 2
1428 2
1429 2
1432 1
1439 1
1441 2
1443 1
1447 1
1448 2
1449 2
1454 2
1458 2
1459 2
1460 2
1463 2
1465 1
1469 1
1470 1
1471 2
1472 2
1474 1
1475 2
1477 2
1478 2
1479 2
1481 2
1482 2
1483 1
1487 2
1488 2
1489 2
1490 2
1491 2
1492 2
1494 2
1497 2
1498 1
1499 1
1501 2
1503 1
1507 2
1508 1
1510 2
1512 1
1514 2
1517 2
1520 1
1523 2
1526 2
1528 1
