0 114
0 1190
0 1196
0 1289
0 216
0 327
0 973
1 1000
1 1047
1 1305
1 1523
1 223
1 350
1 435
1 589
1 799
1 827
1 828
2 1149
2 1258
2 1500
2 627
2 637
2 656
2 884
2 972
3 1026
3 1167
3 1241
3 174
3 247
3 313
3 450
3 511
4 1336
4 1382
4 1524
4 348
4 709
4 776
4 91
4 947
4 974
5 1033
5 1206
5 1442
5 208
5 302
5 325
5 518
5 704
5 852
6 1170
6 1315
6 1475
6 395
6 780
6 802
7 109
7 1209
7 136
7 1362
7 1389
7 142
7 163
7 324
7 635
7 693
7 727
7 945
8 1290
8 1374
8 180
8 193
8 198
8 209
8 618
8 857
9 126
9 1324
9 1371
9 1408
9 259
9 472
9 515
9 63
9 650
9 715
9 758
9 843
9 997
10 1222
10 1283
10 1347
10 1380
10 1395
10 1417
10 357
10 476
10 592
10 610
10 624
10 649
10 935
10 994
11 1028
11 1174
11 1285
11 1434
11 1516
11 347
11 505
11 736
11 774
11 784
11 82
11 842
12 1127
12 1328
12 1352
12 260
12 322
12 420
12 720
12 769
13 1002
13 1097
13 1278
13 1295
13 1446
13 490
13 801
13 927
14 1191
14 1293
14 1440
14 22
14 250
14 278
14 548
14 55
14 607
14 730
14 898
14 906
14 956
14 985
15 1073
15 1109
15 201
15 290
15 43
15 52
15 671
15 746
15 770
15 815
16 116
16 1160
16 1199
16 1390
16 1505
16 1507
16 512
16 655
16 936
17 1216
17 1314
17 1459
17 256
17 312
17 494
17 652
17 889
17 896
18 1119
18 1469
18 236
18 459
18 464
18 499
18 611
18 688
18 877
18 981
19 1005
19 1134
19 1186
19 133
19 155
19 204
19 444
19 640
20 1199
20 1231
20 1243
20 1261
20 1391
20 164
20 210
20 480
20 530
20 614
20 809
20 979
21 1041
21 1246
21 1248
21 1355
21 205
21 29
21 385
21 469
21 488
21 563
21 741
21 823
22 1030
22 1129
22 1319
22 1329
22 250
22 55
22 607
22 86
23 1074
23 1447
23 179
23 299
23 337
23 378
23 707
23 797
23 869
24 1023
24 1152
24 1218
24 1409
24 1508
24 379
24 496
24 671
24 756
24 847
24 868
25 1152
25 1218
25 1226
25 206
25 311
25 368
25 397
25 44
25 452
25 657
25 756
25 847
26 1373
26 243
26 310
26 461
26 586
26 779
27 1274
27 1346
27 1468
27 1502
27 38
27 41
27 536
27 740
27 772
27 782
27 806
27 853
28 1126
28 1161
28 1240
28 1387
28 1432
28 1511
28 42
28 527
28 59
28 676
28 882
29 1169
29 122
29 1246
29 1248
29 1311
29 1357
29 205
29 361
29 488
29 563
29 716
30 1030
30 1120
30 250
30 254
30 389
30 471
30 607
30 651
30 730
30 86
31 1346
31 1493
31 1502
31 1520
31 165
31 287
31 38
31 552
31 554
31 806
32 1363
32 1378
32 1428
32 1434
32 1481
32 156
32 163
32 48
32 513
32 674
32 693
32 784
33 1137
33 1208
33 1306
33 192
33 235
33 316
33 448
33 553
33 986
34 1049
34 1265
34 146
34 161
34 175
34 429
34 638
34 914
35 1267
35 1492
35 217
35 71
35 876
35 92
35 944
36 1353
36 1473
36 1490
36 241
36 39
36 585
36 846
36 866
36 878
37 1316
37 1482
37 1526
37 195
37 326
37 441
37 497
37 549
37 705
37 83
38 1346
38 1502
38 267
38 552
38 631
38 740
38 806
38 944
39 1350
39 241
39 456
39 555
39 749
39 846
39 878
40 1109
40 1426
40 551
40 632
40 687
40 695
40 70
40 702
40 770
41 1074
41 1274
41 1275
41 1451
41 1468
41 536
41 580
41 663
41 772
41 782
41 874
41 921
42 1126
42 1304
42 1352
42 1415
42 1432
42 1511
42 191
42 279
42 285
42 420
42 602
42 676
42 720
42 769
42 871
43 1109
43 1195
43 363
43 379
43 433
43 52
43 671
43 687
43 695
43 746
43 954
44 1166
44 1226
44 1529
44 182
44 206
44 562
44 630
44 657
44 755
45 1361
45 1427
45 1519
45 369
45 587
45 789
45 793
46 1075
46 1117
46 1132
46 1162
46 1359
46 154
46 174
46 213
46 244
46 359
46 449
46 516
46 768
46 958
47 1302
47 132
47 1472
47 148
47 1498
47 231
47 280
47 577
47 826
47 930
47 965
48 1045
48 1330
48 1348
48 1428
48 1458
48 156
48 426
48 674
49 1231
49 1243
49 1321
49 1391
49 423
49 530
49 821
50 1065
50 1180
50 1442
50 1525
50 275
50 64
50 837
50 929
51 1090
51 1092
51 124
51 130
51 1480
51 239
51 273
51 483
51 711
51 880
52 1023
52 1109
52 363
52 379
52 433
52 671
52 815
53 1088
53 1153
53 1336
53 1384
53 739
53 776
53 862
53 947
54 1035
54 1126
54 1328
54 1376
54 190
54 260
54 304
54 315
54 333
54 424
54 720
54 769
54 957
55 1191
55 1319
55 1329
55 548
55 898
56 1038
56 1149
56 1184
56 1365
56 358
56 633
56 637
56 731
57 1078
57 1152
57 1195
57 1250
57 1508
57 1521
57 277
57 301
57 454
57 562
57 868
57 888
58 111
58 1189
58 1237
58 1441
58 204
58 238
58 432
58 542
59 1126
59 1161
59 1387
59 237
59 531
59 600
59 738
59 810
59 848
59 987
60 1200
60 1239
60 1287
60 1527
60 240
60 294
60 516
60 768
60 922
61 1072
61 1207
61 1269
61 248
61 308
61 485
61 487
61 532
61 619
61 955
62 101
62 1249
62 1255
62 1517
62 178
62 342
62 419
62 605
62 713
62 820
63 1324
63 1326
63 1356
63 1371
63 259
63 341
63 354
63 472
63 908
64 1065
64 1176
64 1266
64 1425
64 547
64 629
64 662
64 761
64 773
64 837
64 923
64 929
65 1301
65 1307
65 1526
65 186
65 195
65 271
65 326
65 551
65 604
65 838
66 1271
66 1399
66 147
66 164
66 185
66 242
66 430
66 614
66 643
67 383
67 721
67 886
67 890
68 1169
68 122
68 127
68 1311
68 203
68 328
68 361
68 403
68 879
68 977
69 1103
69 1270
69 175
69 297
69 321
69 913
69 914
70 1095
70 1301
70 1426
70 551
70 702
71 1236
71 1267
71 1296
71 1447
71 1509
71 181
71 217
71 299
71 567
71 707
71 876
72 1019
72 126
72 1324
72 1356
72 170
72 259
72 515
72 844
73 1147
73 1224
73 1235
73 1252
73 1278
73 257
73 523
73 573
73 860
73 865
73 967
74 166
74 398
74 455
74 615
74 694
74 792
74 845
74 996
75 1169
75 1184
75 1248
75 1357
75 1489
75 385
75 488
75 665
75 716
75 731
76 1325
76 1462
76 234
76 406
76 606
76 622
76 660
76 743
76 754
76 814
76 834
76 932
77 108
77 1124
77 1173
77 1264
77 1268
77 1444
77 228
77 258
77 298
77 346
77 356
77 477
77 640
77 863
77 932
78 1280
78 1379
78 1479
78 1523
78 229
78 362
78 468
78 729
78 799
79 1180
79 1326
79 1349
79 1442
79 1525
79 325
79 500
79 685
79 704
80 1014
80 1025
80 110
80 1156
80 1245
80 1272
80 1400
80 261
80 484
80 617
80 706
80 959
81 1119
81 1210
81 1279
81 1313
81 1450
81 463
81 620
81 675
81 877
81 931
82 1363
82 1434
82 1516
82 513
82 537
82 736
82 784
82 805
83 1364
83 153
83 278
83 503
83 519
83 549
83 705
83 750
83 841
83 952
84 1234
84 1235
84 1485
84 991
85 1001
85 104
85 1048
85 1129
85 1259
85 1310
85 140
85 219
85 457
85 689
85 800
85 808
85 856
86 1030
86 104
86 1129
86 1159
86 1164
86 1259
86 1298
86 1319
86 1392
86 254
86 389
86 471
86 607
86 689
87 1056
87 1262
87 1416
87 193
87 209
87 395
87 475
87 564
87 673
87 780
87 802
87 857
88 1049
88 1158
88 1181
88 1193
88 1341
88 1368
88 1422
88 1514
88 377
88 467
88 895
89 103
89 1060
89 1086
89 1369
89 188
89 317
89 367
89 678
89 718
89 777
89 872
90 1200
90 1239
90 1385
90 270
90 294
90 349
90 440
90 534
90 559
90 579
90 747
91 1336
91 1524
91 235
91 316
91 329
91 448
91 709
91 771
91 974
92 1267
92 1400
92 1492
92 181
92 184
92 217
92 539
92 603
92 631
92 944
93 1013
93 1030
93 1048
93 1129
93 1369
93 188
93 219
93 250
93 254
93 296
93 471
93 651
93 689
93 800
93 962
94 1062
94 1075
94 1084
94 1099
94 1241
94 149
94 172
94 244
94 370
94 417
95 1098
95 1144
95 1334
95 1419
95 177
95 238
95 340
95 626
95 681
95 803
96 125
96 1256
96 1344
96 1404
96 1518
96 225
96 405
96 508
96 833
96 992
97 130
97 289
97 317
97 421
97 514
97 521
97 647
97 880
98 1011
98 1141
98 1171
98 1332
98 1349
98 492
98 911
98 920
99 112
99 1262
99 141
99 1435
99 1484
99 157
99 176
99 371
99 447
99 543
99 753
100 1051
100 146
100 175
100 300
100 427
100 429
100 840
100 913
100 987
101 1089
101 1255
101 1438
101 1517
101 178
101 419
101 473
101 477
101 578
101 820
101 839
101 863
102 1005
102 1123
102 1189
102 133
102 1413
102 1441
102 155
102 204
102 432
102 963
103 1001
103 1086
103 188
103 317
103 718
103 777
104 1020
104 1159
104 1211
104 1259
104 1298
104 1309
104 254
104 281
104 689
104 690
104 800
104 856
104 990
105 1178
105 1402
105 1411
105 1474
105 767
106 1172
106 1386
106 198
106 282
106 447
106 541
106 565
106 616
106 753
106 831
106 867
106 938
106 981
107 1138
107 127
107 1323
107 1335
107 1516
107 330
107 403
107 566
107 879
107 977
108 1124
108 1444
108 406
108 640
108 660
108 834
108 932
109 1100
109 1348
109 1351
109 136
109 1406
109 142
109 306
109 324
109 816
109 945
110 1014
110 1272
110 135
110 1499
110 184
110 617
110 706
110 959
111 1098
111 1189
111 238
111 336
111 340
111 428
111 432
111 653
111 681
112 1066
112 1262
112 1315
112 141
112 1484
112 157
113 1135
113 1198
113 125
113 1332
113 1518
113 160
113 335
113 556
113 628
113 833
114 1190
114 1196
114 1204
114 1289
114 1373
114 216
114 243
114 281
114 327
114 396
114 680
114 973
115 1032
115 1123
115 1353
115 1441
115 1515
115 199
115 339
115 542
115 585
115 751
115 912
116 1199
116 1299
116 1330
116 1390
116 1428
116 156
116 185
116 809
116 979
117 1156
117 1245
117 1520
117 470
117 491
117 535
117 552
117 601
117 785
118 1072
118 1253
118 139
118 196
118 425
118 703
118 961
119 1105
119 1220
119 140
119 1414
119 283
119 343
119 457
119 742
119 964
120 1076
120 1163
120 1201
120 1327
120 137
120 1453
120 182
120 525
120 668
120 734
121 1008
121 1405
121 358
121 546
121 597
121 633
121 637
121 656
121 677
121 723
121 909
122 1169
122 1246
122 1311
122 205
122 328
122 361
122 563
122 716
122 919
123 1007
123 1029
123 1408
123 150
123 366
123 797
123 869
123 915
123 921
124 1092
124 1208
124 297
124 321
124 483
124 584
124 711
124 836
125 1198
125 1344
125 1518
125 160
125 225
125 268
125 405
125 833
126 1182
126 1371
126 170
126 259
126 515
126 843
126 997
127 1311
127 1516
127 328
127 334
127 361
127 403
127 805
127 879
127 977
128 1290
128 1317
128 1374
128 1459
128 236
128 459
128 464
128 576
128 981
129 1140
129 1197
129 1205
129 1320
129 1407
129 1443
129 520
129 636
129 909
130 1092
130 239
130 265
130 421
130 514
130 521
130 763
130 880
131 1025
131 1096
131 1144
131 1155
131 1411
131 1419
131 1512
131 177
131 261
131 305
131 613
132 1006
132 1302
132 1369
132 1472
132 293
132 367
132 609
132 826
132 930
133 1005
133 1123
133 1377
133 155
133 444
134 1110
134 1147
134 1293
134 257
134 266
134 474
134 573
134 661
134 841
134 898
134 952
135 1499
135 184
135 408
135 603
135 706
135 764
135 943
135 959
136 1045
136 1348
136 1351
136 163
136 324
136 674
136 693
136 945
137 1046
137 1163
137 1350
137 1453
137 167
137 169
137 182
137 456
137 630
137 699
137 749
137 755
138 1056
138 1183
138 1244
138 1294
138 180
138 391
138 494
138 652
138 889
139 1170
139 1253
139 144
139 151
139 703
139 961
140 1001
140 1048
140 1310
140 1367
140 219
140 283
140 296
140 457
140 461
140 718
140 808
140 856
140 964
141 1262
141 1315
141 395
141 543
141 673
141 753
142 1362
142 1393
142 1406
142 324
142 635
142 816
142 945
143 1112
143 1464
143 1506
143 588
143 761
143 837
143 929
144 1170
144 1253
144 151
144 190
144 222
144 315
144 416
144 703
144 773
144 780
144 961
145 1210
145 1406
145 1483
145 272
145 306
145 528
145 752
145 887
145 918
146 1049
146 1181
146 175
146 429
146 840
146 913
147 1271
147 242
147 476
147 643
147 804
147 994
147 995
148 1108
148 1491
148 1497
148 1498
148 231
148 373
148 510
148 591
148 648
148 965
149 1099
149 1227
149 1286
149 1431
149 1486
149 172
149 284
149 370
149 372
149 417
149 733
150 1007
150 1022
150 1050
150 1203
150 288
150 366
150 434
150 915
150 921
151 1170
151 1376
151 190
151 416
151 703
152 1027
152 1128
152 1165
152 1249
152 1517
152 342
152 501
152 732
152 839
152 851
152 890
153 1081
153 1110
153 1191
153 1293
153 278
153 519
153 750
153 841
153 865
153 898
153 956
154 1132
154 1273
154 240
154 516
154 768
154 922
154 958
155 1134
155 1186
155 1360
155 204
155 446
155 963
156 1045
156 1299
156 1330
156 1428
156 1481
156 374
156 426
156 513
156 693
156 811
156 979
157 1066
157 1262
157 1315
157 1435
157 1484
157 176
157 202
157 364
157 371
157 722
157 786
157 937
158 1108
158 1161
158 1240
158 1477
158 1511
158 231
158 280
158 380
158 531
158 577
158 602
158 744
158 810
159 1094
159 1276
159 1277
159 1398
159 1513
159 1528
159 314
159 438
159 458
159 646
159 934
159 939
159 988
160 1057
160 1135
160 1171
160 1198
160 1332
160 268
160 341
160 472
160 911
160 920
160 980
161 1049
161 1137
161 1158
161 1193
161 1265
161 377
161 429
161 584
161 638
161 836
161 903
161 914
162 1084
162 1132
162 1219
162 1273
162 1287
162 240
162 372
162 509
162 725
162 775
162 958
163 1209
163 1378
163 674
163 693
163 945
164 1113
164 1160
164 1199
164 1399
164 185
164 430
164 480
164 614
164 655
164 809
165 1502
165 215
165 481
165 554
165 658
165 806
165 849
165 875
165 884
165 950
166 1150
166 1466
166 455
166 615
166 634
166 792
166 941
166 996
167 1046
167 1168
167 1350
167 182
167 301
167 630
167 755
168 1412
168 531
168 595
168 598
168 600
168 738
168 778
168 848
168 987
169 1232
169 1250
169 1350
169 301
169 456
169 630
169 657
169 888
170 1019
170 1043
170 1182
170 1371
170 1372
170 259
170 664
170 844
171 1080
171 1358
171 348
171 498
171 691
171 969
172 1062
172 1075
172 1084
172 1099
172 1132
172 1167
172 1241
172 1431
172 284
172 370
172 725
173 1113
173 1423
173 1470
173 386
173 572
173 639
173 644
173 989
174 1026
174 1062
174 1075
174 1117
174 1162
174 1167
174 1215
174 313
174 511
174 993
175 1051
175 1265
175 1270
175 297
175 910
175 913
175 914
175 987
176 1435
176 202
176 371
176 447
176 543
176 565
176 722
176 753
176 867
176 924
177 1096
177 1144
177 1334
177 1419
177 261
177 803
177 966
178 1249
178 1255
178 1517
178 342
178 713
178 796
178 839
179 1029
179 1074
179 1408
179 1468
179 1476
179 299
179 337
179 338
179 378
179 650
179 758
179 797
179 869
180 1056
180 1290
180 1294
180 1317
180 198
180 209
180 391
180 494
180 576
180 857
181 1192
181 1236
181 1267
181 1296
181 1400
181 217
181 539
181 568
181 603
181 900
181 944
182 1046
182 1166
182 1168
182 1327
182 1453
182 401
182 755
183 1022
183 1203
183 288
183 412
183 434
183 812
184 1400
184 603
184 617
184 631
184 706
185 1199
185 1299
185 1390
185 1399
185 614
185 655
185 809
186 1242
186 1301
186 1307
186 1426
186 271
186 408
186 604
186 706
186 900
186 943
186 959
187 1423
187 1435
187 388
187 398
187 455
187 639
187 694
187 722
187 982
187 989
187 996
188 1001
188 1030
188 1048
188 1129
188 1369
188 296
188 367
188 718
188 962
189 1225
189 1273
189 1287
189 1312
189 375
189 383
189 409
189 410
189 507
189 526
189 574
189 766
189 775
189 922
190 1376
190 315
190 390
190 416
190 424
190 703
190 773
190 780
191 1044
191 1108
191 1115
191 1415
191 1511
191 279
191 285
191 602
191 871
192 1034
192 1053
192 1194
192 1306
192 1480
192 235
192 316
192 553
192 986
193 1056
193 198
193 209
193 618
193 673
193 857
194 1016
194 1216
194 1513
194 256
194 451
194 646
194 840
194 934
195 1316
195 1526
195 326
195 549
195 551
195 861
196 1072
196 1136
196 1253
196 1425
196 1464
196 425
196 487
196 502
196 662
196 703
196 773
197 1019
197 1206
197 1326
197 1388
197 1442
197 208
197 704
197 852
198 1172
198 1290
198 1317
198 1374
198 618
198 753
198 857
198 981
199 1237
199 1449
199 1522
199 238
199 319
199 339
199 542
199 751
199 912
200 1316
200 1364
200 503
200 549
200 551
200 632
200 661
200 695
200 701
200 702
200 770
200 861
200 952
201 1073
201 1456
201 227
201 290
201 352
201 493
201 746
202 1386
202 371
202 565
202 659
202 722
202 867
202 924
202 989
203 1138
203 1169
203 1323
203 252
203 336
203 382
203 387
203 403
203 465
203 522
203 829
203 879
204 1005
204 1186
204 1189
204 1360
204 1441
204 432
204 542
204 963
205 1246
205 469
205 563
205 821
205 919
206 1179
206 1218
206 1226
206 1529
206 397
206 439
206 452
206 847
207 1228
207 1303
207 232
207 332
207 455
207 639
207 644
207 845
208 1031
208 1206
208 1388
208 1442
208 323
208 704
208 852
209 1056
209 1290
209 391
209 564
209 857
210 1243
210 1261
210 480
210 530
210 550
210 614
211 1055
211 1260
211 1338
211 1491
211 1497
211 221
211 698
211 824
212 1079
212 1155
212 1411
212 517
212 613
212 726
212 767
212 819
212 925
212 984
213 1200
213 1239
213 1359
213 1385
213 359
213 449
213 516
213 559
213 714
213 768
214 1044
214 1127
214 1141
214 1176
214 1266
214 1396
214 245
214 322
214 492
214 629
214 850
215 1451
215 1502
215 481
215 663
215 772
215 806
215 874
215 875
215 884
215 950
216 1068
216 1190
216 1196
216 1204
216 1224
216 1485
216 1488
216 396
216 411
216 973
217 1267
217 1296
217 1476
217 1509
217 853
217 876
217 944
218 1227
218 1431
218 1455
218 1487
218 233
218 438
218 450
218 813
218 939
219 1048
219 1211
219 1367
219 296
219 461
219 800
219 856
220 1072
220 1253
220 1269
220 1475
220 222
220 248
220 364
220 485
220 961
221 1055
221 1260
221 1284
221 1338
221 1415
221 335
221 556
221 628
221 698
221 824
222 1170
222 1253
222 1475
222 364
222 780
222 961
223 1047
223 1213
223 1263
223 1285
223 1322
223 350
223 400
223 817
223 827
223 870
224 1233
224 1261
224 1428
224 1481
224 374
224 437
224 811
224 979
225 1010
225 1015
225 1256
225 1344
225 268
225 291
225 338
225 405
225 978
226 1233
226 1321
226 1343
226 1391
226 361
226 563
226 571
226 787
226 811
226 979
227 1456
227 277
227 290
227 352
227 493
227 544
227 712
227 746
227 788
228 1264
228 1268
228 1366
228 258
228 298
228 346
228 863
229 1219
229 1479
229 362
229 468
229 509
229 729
230 1300
230 1526
230 271
230 303
230 307
230 415
230 497
230 838
230 892
231 1108
231 1498
231 280
231 510
231 577
231 591
231 930
232 1423
232 1470
232 398
232 455
232 639
232 644
232 845
233 1277
233 247
233 438
233 450
233 683
233 813
233 939
234 1018
234 1255
234 1325
234 1394
234 1462
234 622
234 713
234 734
234 754
234 814
234 901
235 1003
235 1185
235 1194
235 1306
235 1336
235 1524
235 316
235 329
235 448
235 771
235 974
236 1172
236 1290
236 1374
236 459
236 464
236 688
236 981
237 1091
237 1126
237 1139
237 1212
237 1294
237 1397
237 1412
237 443
237 600
237 738
237 889
237 957
238 1098
238 1237
238 1334
238 1449
238 319
238 542
238 626
238 681
239 1058
239 1146
239 1403
239 273
239 421
239 790
239 880
240 1132
240 1273
240 1287
240 516
240 768
240 775
240 922
240 958
241 1157
241 1188
241 1401
241 1453
241 1473
241 1490
241 402
241 456
241 749
241 878
242 1271
242 376
242 430
242 476
242 572
242 592
242 643
242 804
242 994
243 1020
243 1289
243 1373
243 1421
243 310
243 327
243 680
243 779
243 998
244 1062
244 1075
244 1084
244 1162
244 1359
244 449
244 958
245 1141
245 1266
245 1352
245 260
245 322
245 850
245 923
246 1177
246 1353
246 1522
246 454
246 712
246 751
246 846
246 866
246 878
247 1026
247 450
247 504
247 511
247 683
247 813
248 1066
248 1207
248 1269
248 1475
248 364
248 485
248 786
249 1064
249 1286
249 1406
249 1486
249 528
249 581
249 635
249 733
249 968
250 1013
250 1030
250 1120
250 1369
250 1440
250 471
250 607
250 651
250 686
250 730
251 1059
251 1383
251 1482
251 307
251 415
251 478
251 519
251 705
251 892
251 983
252 1229
252 1323
252 336
252 465
252 517
252 524
252 679
252 819
252 829
252 879
253 1069
253 1252
253 1333
253 1478
253 431
253 453
253 490
253 684
253 801
253 967
254 1129
254 1298
254 389
254 471
254 689
254 800
254 990
255 1320
255 1331
255 1395
255 1407
255 1417
255 276
255 520
255 624
255 935
256 1016
256 1131
256 1216
256 1314
256 1513
256 300
256 314
256 646
256 652
256 840
256 889
256 896
257 1070
257 1110
257 1147
257 573
257 860
257 865
257 898
258 1047
258 1142
258 1173
258 1264
258 1366
258 318
258 346
258 435
258 696
259 1019
259 1324
259 1356
259 1371
259 515
260 1266
260 1328
260 1352
260 1376
260 322
260 390
260 424
260 769
260 850
260 923
261 1025
261 1096
261 1144
261 1155
261 1272
261 1334
261 1512
261 484
261 854
261 966
262 1219
262 1273
262 284
262 362
262 509
262 594
262 725
262 828
263 1039
263 1238
263 1420
263 1429
263 1503
263 418
263 495
263 730
263 985
264 331
264 352
264 466
264 493
264 654
264 788
264 830
264 854
264 864
264 894
265 1092
265 1125
265 321
265 399
265 445
265 514
265 584
265 682
265 763
265 914
266 1110
266 1147
266 474
266 503
266 661
266 701
266 841
266 952
267 1274
267 1346
267 1492
267 631
267 740
267 853
267 876
267 944
268 1198
268 1344
268 291
268 472
268 917
268 980
269 1032
269 1061
269 1157
269 1163
269 1188
269 1201
269 1318
269 1325
269 1401
269 402
269 606
269 743
270 1312
270 294
270 440
270 721
270 747
271 1307
271 1526
271 303
271 326
271 497
271 568
271 604
271 838
271 900
272 1100
272 1210
272 1467
272 306
272 752
272 825
272 887
273 1034
273 1053
273 1146
273 1403
273 1480
273 483
273 790
273 794
273 899
274 1296
274 1509
274 442
274 460
274 533
274 567
274 568
274 569
274 593
274 916
275 1033
275 1206
275 1436
275 1442
275 1506
275 302
275 518
275 700
275 929
276 1151
276 1331
276 1380
276 1395
276 520
276 530
276 550
276 935
277 1078
277 1195
277 1508
277 290
277 454
277 544
277 712
277 746
278 1081
278 1293
278 1364
278 750
278 841
278 906
278 952
278 956
279 1055
279 1108
279 1115
279 1415
279 1497
279 1511
279 602
279 698
280 1108
280 1240
280 1472
280 1498
280 380
280 577
280 602
280 744
281 1020
281 1159
281 1204
281 1289
281 1421
281 396
281 680
281 690
281 973
282 1172
282 1469
282 447
282 541
282 565
282 616
282 688
282 831
282 981
283 1105
283 1220
283 1367
283 1414
283 343
283 457
283 461
283 856
284 1099
284 1121
284 1219
284 1286
284 362
284 372
284 468
284 725
284 733
285 1044
285 1127
285 1304
285 1352
285 1432
285 420
285 602
285 871
286 1113
286 1160
286 1448
286 1505
286 1507
286 386
286 561
286 590
286 765
287 1258
287 1493
287 1502
287 1520
287 554
287 560
287 627
288 1022
288 1050
288 1203
288 366
288 434
288 812
288 915
289 1058
289 1082
289 1086
289 1370
289 317
289 404
289 421
289 647
289 669
289 880
289 933
289 942
290 1073
290 1508
290 352
290 493
290 671
290 746
290 815
290 864
291 1010
291 1015
291 338
291 472
291 650
291 715
291 917
292 1071
292 1077
292 1093
292 1145
292 1175
292 1263
292 1360
292 1410
292 320
292 446
292 666
292 905
293 1006
293 1060
293 1086
293 1369
293 367
293 678
293 826
293 872
293 930
293 946
294 1200
294 1287
294 1312
294 1527
294 747
295 1013
295 1039
295 1063
295 1238
295 1257
295 1338
295 1491
295 407
295 495
295 608
295 651
296 1048
296 718
296 962
297 1265
297 321
297 584
297 836
297 914
298 1134
298 1264
298 1268
298 1339
298 1366
298 640
298 696
298 932
299 1074
299 1447
299 1476
299 1509
299 337
299 536
299 707
300 1016
300 1051
300 1131
300 427
300 429
300 596
300 738
300 840
300 889
300 987
301 1168
301 1250
301 1350
301 562
301 630
301 755
301 888
302 1033
302 1067
302 1436
302 1506
302 518
303 1300
303 415
303 460
303 533
303 568
303 692
303 838
304 1035
304 1126
304 1139
304 1397
304 333
304 527
304 583
304 791
304 957
305 1025
305 1155
305 1178
305 1411
305 1512
305 491
305 726
306 1100
306 1406
306 324
306 752
307 1059
307 1482
307 415
307 418
307 497
307 519
307 705
307 750
307 892
307 948
307 983
308 1017
308 1418
308 486
308 487
308 532
308 955
309 1457
309 1501
309 1505
309 541
309 561
309 936
309 938
309 940
310 1020
310 1211
310 1309
310 1421
310 586
310 779
310 990
310 998
311 368
311 397
311 439
311 452
311 496
311 684
311 756
312 1119
312 1130
312 1291
312 1313
312 1317
312 1459
312 459
312 464
312 494
312 896
313 1062
313 1117
313 1162
313 1241
313 1254
313 449
313 511
313 667
314 1094
314 1276
314 1291
314 1314
314 1398
314 1513
314 351
314 646
314 896
315 1035
315 1170
315 1376
315 416
315 475
315 780
315 791
315 822
315 957
316 1185
316 1194
316 448
316 789
316 974
316 986
317 1001
317 1060
317 1086
317 1370
317 421
317 514
317 521
317 647
317 669
317 880
317 933
318 1000
318 1173
318 1305
318 346
318 356
318 393
318 419
318 435
318 574
319 1054
319 1334
319 1449
319 1456
319 1522
319 626
319 654
319 798
319 803
320 1145
320 1175
320 1263
320 1322
320 365
320 807
320 870
320 905
321 1092
321 1103
321 445
321 584
321 682
321 763
321 914
322 1127
322 1141
322 1266
322 1352
322 1396
323 1019
323 1031
323 1372
323 1388
323 545
323 844
323 881
324 1100
324 1351
324 1406
324 635
324 752
324 816
325 1033
325 1180
325 1442
325 704
326 1095
326 1307
326 1316
326 1526
326 441
326 497
326 551
327 1289
328 334
328 361
328 571
328 805
328 919
328 977
329 1003
329 1439
329 1514
329 448
329 570
329 709
329 771
330 1093
330 1138
330 1323
330 1335
330 1463
330 1516
330 347
330 360
330 382
330 387
330 566
331 1095
331 1426
331 702
331 759
331 764
331 835
331 864
331 894
332 1113
332 1228
332 1303
332 1448
332 1452
332 538
332 572
332 590
332 644
333 1035
333 1328
333 1376
333 527
333 720
333 957
334 1343
334 1354
334 1516
334 361
334 537
334 571
334 805
335 1011
335 1260
335 1284
335 1332
335 1396
335 1415
335 492
335 628
335 757
335 871
336 1189
336 1229
336 1323
336 1413
336 387
336 428
336 432
336 522
336 645
336 653
336 666
336 679
336 829
337 1447
337 1476
337 1509
337 338
337 378
337 978
338 1012
338 1015
338 1256
338 378
338 650
338 758
338 978
339 1237
339 1441
339 1449
339 542
339 912
340 1098
340 1189
340 1229
340 1419
340 428
340 653
340 679
340 681
340 984
341 1057
341 1171
341 354
341 472
341 500
341 885
341 908
341 911
341 980
342 1027
342 1249
342 1517
342 605
342 732
342 796
343 1021
343 1105
343 1220
343 1292
343 1297
343 1414
343 1430
343 353
343 742
343 832
343 942
344 1021
344 1146
344 1519
344 353
344 489
344 724
344 760
344 790
344 793
344 855
344 899
344 976
345 1125
345 1375
345 384
345 399
345 445
345 612
345 682
345 928
345 946
346 1173
346 356
346 419
346 863
347 1071
347 1093
347 1285
347 1335
347 1463
347 1516
347 360
347 736
347 842
348 1080
348 1122
348 498
348 691
348 776
348 947
348 974
349 1040
349 1308
349 1385
349 534
349 559
349 579
349 728
350 1379
350 1523
350 400
350 799
350 817
350 827
351 1130
351 1210
351 1276
351 1313
351 1398
351 1528
351 558
351 620
351 896
351 918
351 926
351 931
352 1499
352 466
352 493
352 788
352 830
352 864
353 1021
353 1105
353 1146
353 1214
353 1292
353 489
353 760
353 942
353 976
354 1324
354 1356
354 472
354 685
354 885
354 908
354 917
354 980
355 1122
355 1358
355 1445
355 498
355 691
355 739
355 951
356 1173
356 1305
356 393
356 419
356 477
356 578
357 1222
357 1282
357 1283
357 1495
357 376
357 482
357 804
357 994
357 995
358 1008
358 1149
358 1184
358 1337
358 385
358 546
358 633
358 637
359 1117
359 1254
359 1308
359 1384
359 1385
359 1445
359 449
359 667
359 670
359 714
359 728
359 993
360 1335
360 1463
360 566
360 736
360 842
361 1311
361 1343
361 563
361 571
361 919
362 1219
362 1479
362 468
362 509
362 799
362 828
363 1109
363 1221
363 433
363 687
363 695
363 954
364 1066
364 1262
364 1315
364 1475
364 485
364 780
364 786
364 937
365 1071
365 1213
365 1263
365 1285
365 1463
365 842
365 870
365 905
366 1022
366 1203
366 1275
366 1451
366 580
366 663
366 915
366 921
366 960
367 1006
367 1369
367 609
367 678
367 718
367 872
367 962
368 1023
368 1218
368 1478
368 397
368 453
368 496
368 684
368 756
369 1009
369 1361
369 1519
369 414
369 529
369 587
369 642
369 793
370 1167
370 1227
370 1241
370 1431
370 417
370 450
371 1262
371 753
371 867
372 1084
372 1099
372 1121
372 1219
372 417
372 725
372 733
373 1108
373 1257
373 1491
373 1497
373 591
373 698
373 824
374 1343
374 1363
374 1428
374 1481
374 437
374 513
374 537
374 811
375 1000
375 1273
375 1305
375 409
375 526
375 574
375 578
375 828
376 1228
376 1452
376 1495
376 538
376 572
376 643
376 804
376 994
377 1049
377 1131
377 1158
377 1181
377 1193
377 1368
377 392
377 429
377 467
378 1012
378 1447
378 1509
378 442
378 569
378 758
378 797
378 978
379 1023
379 1195
379 433
379 453
379 496
379 671
379 868
379 954
380 1472
380 1477
380 384
380 577
380 744
380 928
380 946
381 1102
381 1418
381 599
381 955
382 1077
382 1093
382 1138
382 1410
382 387
382 522
382 566
382 666
383 1225
383 1312
383 410
383 507
383 721
383 851
383 886
383 890
384 1375
384 1477
384 612
384 625
384 744
384 778
384 928
384 946
385 1008
385 1041
385 1184
385 1248
385 1337
385 488
385 823
386 1113
386 1230
386 1386
386 1423
386 1470
386 561
386 590
386 644
386 989
387 1138
387 1323
387 522
387 666
387 829
388 1150
388 1435
388 1466
388 722
388 970
388 982
388 996
388 999
389 1020
389 1289
389 1298
389 1392
389 607
389 990
389 998
390 1136
390 1376
390 424
390 703
390 773
390 923
391 1056
391 1183
391 1244
391 1290
391 494
391 564
391 576
391 652
391 907
392 1131
392 1181
392 1471
392 1513
392 451
392 458
392 467
392 934
393 419
393 473
393 477
393 574
393 578
393 766
394 1056
394 1091
394 1244
394 1416
394 475
394 564
394 583
394 791
394 957
395 1262
395 1315
395 673
395 780
395 802
396 1020
396 1116
396 1159
396 1164
396 1204
396 1289
396 1298
396 1392
396 1488
396 860
396 973
397 1085
397 1179
397 1218
397 1478
397 439
397 452
397 756
398 1423
398 455
398 639
398 659
398 694
398 722
398 845
398 924
398 996
399 1060
399 1125
399 445
399 514
399 612
399 647
399 763
399 946
400 1213
400 1285
400 1379
400 505
400 817
400 827
400 870
401 1046
401 1327
401 1453
401 525
402 1032
402 1157
402 1188
402 1201
402 1318
402 1401
402 1453
402 1490
403 1138
403 1323
403 566
403 879
403 977
404 1082
404 1105
404 1297
404 1370
404 1414
404 933
404 942
404 949
405 1256
405 1404
405 1518
405 442
405 508
405 916
405 978
405 992
406 1089
406 1325
406 1444
406 606
406 622
406 660
406 754
406 834
406 932
407 1013
407 1257
407 1302
407 1491
407 608
407 648
407 651
407 930
407 965
408 1242
408 1426
408 603
408 706
408 759
408 764
408 835
408 900
408 943
408 959
409 1225
409 1273
409 1438
409 410
409 574
409 578
409 766
409 922
410 1225
410 1438
410 507
410 922
411 1068
411 1196
411 1204
411 1224
411 1235
411 1485
411 991
412 1043
412 1104
412 1372
412 434
412 545
412 664
412 812
413 1102
413 1207
413 1223
413 1424
413 599
413 619
413 735
413 786
413 795
413 970
413 999
414 1361
414 1427
414 1437
414 793
415 1059
415 1118
415 1300
415 460
415 478
415 593
415 892
415 916
415 975
416 1035
416 1170
416 1376
416 822
417 1064
417 1099
417 1227
417 1486
417 733
418 1081
418 1420
418 1429
418 1503
418 495
418 750
418 906
418 948
418 983
418 985
419 1517
419 473
419 477
419 820
419 863
420 1127
420 1328
420 1352
420 1432
420 676
420 720
420 769
421 1058
421 1082
421 1370
421 1403
421 880
422 1017
422 1072
422 1253
422 1418
422 502
422 532
422 662
422 700
423 1140
423 1231
423 1331
423 1443
423 469
423 530
423 741
423 821
424 1266
424 1352
424 1376
424 703
424 769
424 773
424 923
425 1072
425 1269
425 487
425 502
425 961
426 1299
426 1330
426 1390
426 1428
426 1458
427 1016
427 1051
427 1183
427 596
427 652
427 840
427 889
428 1189
428 1229
428 1413
428 645
428 653
428 679
428 829
429 1049
429 1131
429 1181
429 840
429 913
429 914
429 987
430 1113
430 1271
430 1399
430 480
430 572
430 592
430 614
430 643
431 1069
431 1221
431 1288
431 1333
431 1478
431 433
431 436
431 453
431 684
431 687
431 954
432 1189
432 1360
432 1413
432 522
432 645
432 666
432 963
433 1023
433 1221
433 1333
433 1478
433 453
433 671
433 687
433 954
434 1007
434 1043
434 1050
434 1104
434 812
434 843
435 1000
435 1047
435 1142
435 1173
435 1305
435 1523
435 589
435 827
436 1069
436 1085
436 1295
436 1446
436 1478
436 439
436 452
436 462
436 490
436 684
437 1233
437 1343
437 1354
437 1363
437 1481
437 787
437 811
438 1276
438 1277
438 1398
438 1487
438 1528
438 458
438 939
439 1085
439 1218
439 1478
439 452
439 684
440 534
440 579
441 1316
441 1364
441 497
441 549
441 705
441 750
442 1012
442 1509
442 569
442 593
442 916
442 978
442 992
443 1091
443 1212
443 1412
443 596
443 910
444 1005
444 1124
444 1186
444 1377
444 640
444 660
444 834
445 1103
445 1375
445 625
445 682
445 914
446 1134
446 1145
446 1175
446 1186
446 1339
446 1360
446 1410
446 522
446 696
446 963
447 1172
447 543
447 565
447 753
447 867
448 1003
448 1137
448 1193
448 1306
448 1514
448 903
449 1117
449 1162
449 1254
449 1359
449 714
450 1167
450 1241
450 1431
450 813
451 1181
451 1422
451 1471
451 1513
451 467
451 840
451 934
452 1085
452 1446
452 490
452 684
452 927
453 1023
453 1333
453 1478
453 496
453 684
453 954
454 1078
454 1177
454 1195
454 1521
454 544
454 555
454 712
454 746
454 868
454 878
455 1228
455 634
455 639
455 792
455 845
455 941
455 996
456 1157
456 1188
456 1232
456 1350
456 1401
456 555
456 699
456 749
456 878
457 1105
457 1310
457 1414
457 856
457 949
457 964
458 1004
458 1277
458 1471
458 1513
458 467
458 934
458 939
458 988
459 1119
459 1130
459 1317
459 1459
459 464
459 499
459 981
460 1300
460 533
460 568
460 569
460 593
460 692
460 916
461 1211
461 1220
461 1367
461 1421
461 1430
461 586
461 690
461 779
461 856
462 1069
462 1295
462 490
462 801
463 1119
463 1450
463 1457
463 1469
463 1501
463 611
463 675
463 831
463 877
463 938
464 1130
464 1291
464 1459
464 499
465 1079
465 1169
465 1251
465 1311
465 1357
465 524
465 665
465 819
465 829
465 879
466 1272
466 1499
466 484
466 788
466 830
466 854
466 966
467 1004
467 1181
467 1368
467 1422
467 1454
467 1471
468 1219
468 1280
468 1286
468 1389
468 479
468 729
468 799
469 1246
469 1355
469 1443
469 563
469 741
469 821
470 1025
470 1156
470 1346
470 491
470 535
470 552
470 601
470 737
470 785
470 944
471 1013
471 1030
471 651
471 689
472 1324
472 715
472 917
472 980
473 1225
473 1438
473 1517
473 477
473 578
473 766
474 1147
474 1221
474 1288
474 1333
474 1504
474 661
474 695
474 701
475 1056
475 1262
475 1416
475 780
475 791
475 802
475 822
475 857
475 957
476 1222
476 1271
476 1380
476 550
476 592
476 994
476 995
477 1089
477 1444
477 578
477 863
478 1059
478 1118
478 1300
478 1383
478 859
478 892
478 975
479 1121
479 1219
479 1286
479 1389
479 1393
479 1406
479 581
479 729
479 968
480 1231
480 1271
480 530
480 550
480 592
480 614
481 1111
481 1281
481 656
481 658
481 677
481 849
481 875
481 884
481 902
481 953
482 1222
482 1282
482 1495
482 1496
482 804
482 995
483 1090
483 1208
483 1480
483 711
483 794
484 1014
484 1025
484 1096
484 1245
484 1272
484 1499
484 1512
484 854
484 966
485 1072
485 1207
485 1269
485 532
485 619
485 786
485 937
485 999
486 1017
486 1112
486 1418
486 700
487 1017
487 1072
487 1269
487 502
487 532
488 1008
488 1038
488 1149
488 1184
488 1187
488 1248
488 1357
488 716
488 731
488 823
489 1021
489 1146
489 1214
489 724
489 855
489 899
489 976
490 1069
490 1097
490 1133
490 1252
490 1278
490 1295
490 1381
490 1446
490 684
490 801
490 927
490 967
490 991
491 1025
491 1156
491 1178
491 1245
491 1512
491 535
491 737
492 1011
492 1044
492 1141
492 1284
492 1332
492 1396
492 871
493 1073
493 1456
493 654
493 788
493 864
493 894
494 1216
494 1317
494 1459
494 576
494 652
494 889
494 907
495 1039
495 1238
495 1257
495 1420
495 1440
495 608
495 730
495 906
496 1023
496 1152
496 1218
496 1409
496 657
496 756
496 868
497 1482
497 1526
497 705
497 750
498 1122
498 1358
498 691
498 739
498 776
498 862
498 951
499 1119
499 1130
499 877
500 1171
500 1180
500 1349
500 1525
500 685
500 885
500 908
500 911
501 1128
501 890
502 1017
502 1072
502 1253
502 1464
502 532
502 588
502 662
503 1364
503 549
503 661
503 701
503 841
503 861
503 952
504 1026
504 1042
504 1215
504 1454
504 511
504 557
504 683
504 708
504 873
505 1028
505 1174
505 1213
505 1285
505 1379
505 1494
505 748
505 774
505 817
505 842
506 1143
506 1445
506 575
506 667
506 670
506 728
506 862
506 951
507 1165
507 1225
507 1312
507 1438
507 1527
507 747
507 839
507 851
507 886
507 922
508 1083
508 1118
508 1404
508 1518
508 540
508 833
508 859
509 1219
509 1273
509 1479
509 526
509 594
509 775
510 1257
510 577
510 591
510 608
510 648
510 930
510 965
511 1026
511 1117
511 1215
511 667
511 708
511 993
512 1045
512 1107
512 1330
512 1390
512 1458
512 1460
512 1507
512 893
512 936
513 1363
513 1434
513 1481
513 537
513 693
513 784
514 1060
514 521
514 647
514 763
515 1010
515 1015
515 1324
515 715
515 917
515 997
516 1200
516 1359
516 559
516 768
516 958
517 1144
517 1155
517 1229
517 1419
517 524
517 613
517 679
517 681
517 819
517 984
518 1031
518 1033
518 1206
518 1436
519 1081
519 1482
519 705
519 750
519 983
520 1140
520 1151
520 1205
520 1320
520 1331
520 1407
520 621
520 624
520 636
520 909
520 935
521 1060
521 1092
521 711
521 763
521 880
522 1360
522 1410
522 645
522 666
522 829
522 963
523 1068
523 1224
523 1252
523 1488
523 860
524 1169
524 1229
524 1251
524 665
524 819
524 829
524 925
524 984
525 1076
525 1163
525 1201
525 1327
525 1453
526 1000
526 1273
526 574
526 589
526 594
526 775
526 828
527 1126
527 1387
527 1397
527 676
527 720
527 957
528 1064
528 1406
528 1483
528 1486
528 635
528 752
528 918
529 1009
529 1433
529 724
529 793
530 1140
530 1151
530 1231
530 1243
530 1331
530 550
530 592
531 1477
531 598
531 625
531 738
531 778
531 810
531 848
531 928
531 987
532 1017
532 1072
532 1418
532 619
532 955
533 1192
533 1236
533 567
533 568
533 569
533 604
533 692
533 838
534 1040
534 1308
534 559
534 579
535 1178
535 1402
535 1520
535 560
535 601
535 737
536 1074
536 1274
536 1468
536 1476
536 707
536 876
537 1343
537 1354
537 1363
537 1516
537 805
538 1113
538 1228
538 1399
538 1448
538 1452
538 572
538 643
539 1192
539 1236
539 1242
539 1267
539 603
539 900
540 1059
540 1083
540 1118
540 1247
540 1383
540 1429
540 1503
540 859
541 1386
541 1469
541 1501
541 561
541 831
541 938
542 1005
542 1123
542 1237
542 1441
542 1515
542 751
543 1172
543 618
543 673
543 753
543 867
544 1078
544 1177
544 1456
544 712
544 788
544 798
545 1372
546 1008
546 1337
546 1405
546 597
546 633
546 723
546 909
547 1136
547 1425
547 629
547 761
547 773
547 923
548 1191
548 1329
548 607
548 730
548 956
548 985
549 1316
549 1364
549 861
550 1151
550 1271
550 1380
550 592
551 1095
551 1301
551 1307
551 1316
551 632
551 702
551 770
551 861
552 1346
552 1493
552 1520
552 601
552 631
552 785
552 944
553 1034
553 1053
553 1208
553 1306
553 1480
553 642
553 794
553 986
554 1111
554 1258
554 1502
554 627
554 658
554 884
555 1078
555 1177
555 1232
555 1250
555 1350
555 1521
555 846
555 878
556 1083
556 1118
556 1135
556 1198
556 1202
556 1338
556 1342
556 1465
556 1518
556 628
556 824
556 833
557 1026
557 1042
557 1154
557 1454
557 683
557 873
557 895
558 1064
558 1087
558 1148
558 1276
558 1455
558 1483
558 1486
558 1487
558 918
558 926
559 1200
559 1308
559 1359
559 1385
559 714
560 1114
560 1258
560 1402
560 1493
560 1500
560 1520
560 627
560 737
560 972
561 1230
561 1386
561 1501
561 1505
561 1510
561 710
561 765
561 940
562 1152
562 1166
562 1168
562 1226
562 630
562 657
562 755
562 888
563 1321
563 1391
563 571
563 741
563 821
563 919
564 1056
564 1244
564 1416
565 616
565 659
565 867
565 924
566 1077
566 1093
566 1138
566 1335
566 1463
566 1516
566 977
567 1236
567 1296
567 1447
567 1509
567 568
567 569
567 692
568 1192
568 1236
568 1296
568 604
568 838
568 900
569 1012
569 1296
569 1447
569 1509
569 593
569 692
570 1003
570 1042
570 1439
570 1514
570 771
570 873
570 895
571 1321
571 1343
571 1354
571 787
571 805
571 821
571 919
572 1113
572 1228
572 1399
572 639
572 643
572 644
573 1147
573 1333
573 1504
573 801
573 967
574 1000
574 1305
574 578
574 766
575 1143
575 1445
575 1461
575 670
575 951
576 1290
576 1317
576 1459
576 907
577 1472
577 1498
577 826
577 930
578 1305
578 1438
578 766
579 1040
579 1239
579 1385
579 747
580 1022
580 1029
580 1275
580 1451
580 1468
580 883
580 915
580 921
581 1121
581 1286
581 1393
581 1406
581 733
581 968
582 1394
582 1462
582 668
582 719
582 762
583 1056
583 1091
583 1139
583 1212
583 791
583 957
584 1092
584 1265
584 711
584 763
584 836
584 903
584 914
585 1032
585 1061
585 1353
585 1490
585 1515
585 866
586 1211
586 1367
586 779
587 1185
587 1194
587 1361
587 1427
587 1519
587 642
587 789
587 986
588 1017
588 1112
588 1464
588 662
588 929
589 1000
589 1479
589 1523
589 594
589 799
589 828
590 1113
590 1230
590 1448
590 1470
590 644
590 765
591 1108
591 1257
591 1491
591 608
591 648
592 1151
592 1271
592 1380
592 935
592 994
593 1012
593 1300
593 692
593 916
593 975
593 992
594 1000
594 1479
594 828
595 1270
595 1412
595 598
595 738
595 910
595 987
596 1051
596 1091
596 1183
596 738
596 889
596 910
597 1036
597 1052
597 1337
597 1405
597 621
597 623
597 723
597 909
598 1103
598 1270
598 778
598 848
598 987
599 1102
599 1418
599 619
599 795
599 955
599 970
600 1126
600 1139
600 1387
600 1397
600 1412
600 848
601 1346
601 1493
601 1520
601 737
602 1108
602 1115
602 1240
602 1304
602 1498
602 1511
603 1242
603 1400
603 706
603 900
604 1192
604 1242
604 1301
604 838
604 900
605 1027
605 1249
605 1345
605 713
605 732
605 745
605 783
605 796
605 820
605 901
606 1061
606 1318
606 1325
606 660
606 743
606 834
607 1030
607 1319
607 1329
607 1392
607 730
608 1013
608 1257
608 1440
608 648
608 651
608 686
608 930
609 1013
609 1302
609 1369
609 930
609 962
610 1024
610 1037
610 1106
610 1283
610 1417
610 624
611 1119
611 1457
611 1469
611 688
611 877
611 938
611 981
612 1006
612 1472
612 647
612 744
612 928
612 946
613 1144
613 1155
613 1411
613 1419
613 984
614 1261
614 1271
614 809
615 1150
615 694
615 792
615 996
616 1230
616 1386
616 1423
616 1510
616 659
616 831
616 867
617 1014
617 1156
617 1245
617 1400
617 631
617 706
617 785
618 1172
618 1374
618 673
618 753
619 1207
619 1418
619 786
619 955
619 970
619 999
620 1148
620 1210
620 1279
620 1313
620 926
620 931
621 1037
621 1052
621 1106
621 1205
621 1405
621 623
621 624
621 636
621 641
621 891
621 897
621 909
622 1089
622 1255
622 1325
622 754
623 1036
623 1052
623 1405
623 641
623 697
623 723
623 891
623 897
624 1037
624 1106
624 1320
624 1395
624 1417
624 636
624 935
625 1103
625 1125
625 1375
625 682
625 778
625 913
625 914
625 928
625 987
626 1054
626 1098
626 1237
626 1334
626 1449
626 803
627 1111
627 1258
627 1500
627 656
627 884
627 972
628 1135
628 1260
628 1332
628 1338
628 1465
628 757
628 920
629 1176
629 1266
629 761
629 837
629 850
629 923
630 1350
630 657
630 755
630 888
631 1400
631 1492
631 785
631 944
632 1288
632 661
632 687
632 695
632 701
632 770
632 861
633 637
633 723
634 1228
634 1495
634 941
635 1389
635 1393
635 1406
635 1486
635 752
635 968
636 1052
636 1106
636 1205
636 1320
636 641
637 1008
637 1149
637 1500
637 656
638 1049
638 1137
638 1193
638 1265
638 836
639 1228
639 1423
639 1470
639 644
639 989
640 1124
640 1134
640 1186
640 1264
640 660
640 696
640 932
641 1036
641 1052
641 1106
641 897
642 1009
642 1053
642 1194
642 1361
642 1519
642 794
642 986
643 1399
643 1452
643 804
644 1113
644 1228
644 1470
645 1413
645 829
645 963
646 1094
646 1216
646 1314
646 1513
646 934
647 1006
647 1060
647 1086
647 669
647 678
647 946
648 1257
648 1491
648 930
648 965
649 1283
649 1347
649 1395
649 1417
650 1015
650 1408
650 715
650 758
650 997
651 1013
651 1120
651 1238
651 1440
651 686
652 1016
652 1183
652 1216
652 889
652 907
653 679
653 681
654 1334
654 1456
654 788
654 798
654 854
654 966
655 1113
655 1160
655 1199
655 1390
655 1399
655 1448
655 1507
656 1111
656 1500
656 677
656 884
657 1152
657 1226
657 1409
657 756
657 888
658 1111
658 849
658 884
658 902
659 1386
659 1423
659 722
659 867
659 924
659 989
660 1377
660 743
660 834
660 932
661 1288
661 695
661 701
661 952
662 1017
662 1112
662 1253
662 1425
662 1464
662 700
662 773
662 929
663 1275
663 1451
663 672
663 772
663 782
663 874
663 875
663 883
663 960
664 1043
664 1104
664 1182
664 1372
665 1169
665 1251
665 1357
665 1489
665 829
666 1093
666 1360
666 1410
667 1088
667 1117
667 1254
667 1384
667 1445
667 670
667 708
667 728
667 862
667 993
668 1076
668 1327
668 1394
668 719
668 734
669 1006
669 1060
669 1086
669 678
669 777
669 933
670 1040
670 1143
670 1254
670 1308
670 1461
670 714
670 728
671 1023
671 1195
671 1508
671 746
671 815
671 868
672 1281
672 849
672 858
672 874
672 875
672 883
672 960
673 1262
673 753
673 857
674 1045
674 1348
674 693
674 945
675 1279
675 1340
675 1450
675 1457
675 1501
675 940
676 1126
676 1432
676 720
677 1111
677 1405
677 717
677 723
677 891
677 902
677 953
678 1006
678 1060
678 1086
678 718
678 777
678 872
679 1229
679 681
679 984
680 1020
680 1204
680 1289
680 1373
680 1421
680 690
680 998
681 1098
681 1144
681 1334
681 1419
681 984
682 1125
682 763
682 914
682 928
683 1004
683 1026
683 1154
683 1277
683 1454
683 813
684 1069
684 1478
685 1326
685 1356
685 1388
685 704
685 852
685 885
685 908
686 1013
686 1369
686 1440
686 930
687 1109
687 1221
687 1288
687 695
688 1172
688 1469
688 938
688 981
689 1030
689 1129
689 1259
689 1298
689 1309
689 800
690 1020
690 1211
690 1309
690 1421
690 856
690 990
691 1080
691 1122
691 1358
691 1427
691 1437
691 793
691 969
692 1300
692 838
693 1028
693 1045
693 1209
693 1378
693 1434
693 727
694 1150
694 1435
694 722
694 924
694 982
694 996
695 1109
695 1221
695 1288
695 770
696 1047
696 1124
696 1134
696 1142
696 1175
696 1186
696 1264
696 1322
696 1339
696 1366
696 807
697 1036
697 717
697 723
697 891
697 897
697 953
698 1055
698 1108
698 1415
698 1491
698 1497
698 824
699 1163
699 1188
699 1201
699 1453
699 749
700 1017
700 1067
700 1112
700 1418
700 1436
700 1506
700 929
701 1069
701 1147
701 1288
701 1504
701 801
701 861
702 1073
702 1095
702 1109
702 1316
702 1426
702 770
702 894
703 1136
703 1253
703 1376
703 773
704 1326
704 1442
704 852
705 1364
705 1482
705 750
706 1400
706 900
706 943
706 959
707 1074
707 1274
707 1447
707 1476
707 876
708 1042
708 1088
708 1153
708 1215
708 1382
708 781
708 873
708 993
709 1042
709 1382
709 1439
709 1524
709 771
710 1107
710 1340
710 1505
710 1507
710 765
710 936
710 940
711 1090
711 1092
711 1208
711 836
711 880
711 903
712 1177
712 1456
712 1522
712 746
713 1018
713 1249
713 1255
713 745
713 754
713 796
713 820
713 901
714 1254
714 1308
714 1359
714 1385
715 1010
715 1015
715 1324
715 917
715 997
716 1169
716 1246
716 1248
716 1357
717 1111
717 723
717 902
717 953
718 1001
718 1048
718 777
718 808
718 962
718 964
719 1076
719 1394
719 1462
719 734
719 814
720 1126
720 1328
720 1432
720 769
721 1312
721 747
721 886
722 1423
722 1435
722 924
722 937
722 989
722 999
723 1036
723 1405
723 891
723 953
724 1009
724 1519
724 793
724 855
724 899
725 1084
725 1099
725 1132
725 1219
725 1273
726 1025
726 1079
726 1155
726 1178
726 1187
726 1217
726 1365
726 1402
726 1411
726 737
726 767
726 819
727 1028
727 1209
727 1280
727 1389
727 1494
727 748
727 799
727 817
727 904
727 971
728 1040
728 1143
728 1308
728 1385
728 1445
729 1219
729 1280
729 1362
729 1389
729 1393
730 1120
730 1238
730 1440
730 906
730 985
731 1038
731 1184
731 1187
731 1357
731 1365
731 1474
731 1489
732 1027
732 1128
732 1249
732 1345
732 796
733 1064
733 1121
733 1286
733 1486
734 1076
734 1163
734 1325
734 1394
734 814
735 1150
735 1223
735 1435
735 1484
735 786
735 970
735 982
735 999
736 1335
736 1354
736 1363
736 1516
736 774
736 784
736 805
736 842
737 1025
737 1114
737 1178
737 1217
737 1402
737 1493
737 1500
737 972
738 1051
738 1412
738 848
738 889
738 910
738 987
739 1122
739 1384
739 1445
739 776
739 862
739 947
739 951
740 1274
740 1346
740 782
740 853
741 1140
741 1231
741 1355
741 1391
741 1443
741 821
741 823
742 1220
742 1414
742 1430
742 832
743 1032
743 1061
743 1076
743 1318
743 1325
743 1377
743 814
743 834
744 1240
744 1472
744 1477
744 810
744 946
745 1018
745 1101
745 1255
745 754
745 762
745 783
745 818
745 820
745 901
746 1073
746 1195
746 1456
746 1508
747 1200
747 1239
747 1312
747 1527
747 886
748 1028
748 1174
748 1285
748 1494
748 817
748 971
749 1046
749 1188
749 1350
749 1453
750 1081
750 1364
750 906
750 983
751 1353
751 1515
751 1522
751 866
751 912
752 1210
752 1406
752 1467
752 1486
752 918
753 1172
753 1262
753 857
753 867
754 1018
754 1089
754 1101
754 1255
754 1462
754 932
755 1166
755 1168
756 1152
756 1218
756 1478
756 847
757 1011
757 1260
757 1332
757 920
758 1007
758 1012
758 1015
758 1408
758 797
758 843
758 997
759 1095
759 1307
759 1426
759 764
759 830
759 835
759 864
759 943
760 1058
760 1082
760 1105
760 1146
760 790
760 942
760 949
760 976
761 1425
761 1464
761 837
761 929
762 1345
762 1394
762 1462
762 783
762 796
762 818
762 901
763 1060
763 1092
763 1125
763 914
764 1499
764 830
764 835
764 864
764 943
764 959
765 1230
765 1448
765 1501
765 1505
765 1507
765 1510
765 940
766 1225
766 1438
767 1079
767 1178
767 1187
767 1365
767 1411
767 1474
767 1489
767 925
768 1200
768 1239
768 1527
768 922
769 1328
769 1352
770 1073
770 1109
771 1003
771 1042
771 1153
771 1382
771 1439
771 1524
771 781
771 873
772 1451
772 1468
772 1502
772 782
772 806
772 874
773 1136
773 1253
773 1266
773 1425
773 923
774 1028
774 1174
774 1378
774 1434
774 784
774 842
774 971
775 1273
775 1287
776 1088
776 1122
776 1153
776 1336
776 1382
776 862
776 947
777 1001
777 1086
777 933
777 964
778 1103
778 1270
778 1375
778 1477
778 810
778 848
778 928
778 987
779 1211
779 1309
779 1373
779 1421
780 1170
780 1262
780 1315
780 1475
780 802
780 822
781 1153
781 1215
781 1382
781 873
781 993
782 1274
782 806
782 874
783 1345
783 796
783 818
783 901
784 1363
784 1378
784 1434
784 1481
785 1156
785 1400
785 944
786 1066
786 1207
786 1484
786 937
786 999
787 1233
787 1321
787 1343
787 1354
788 1456
788 798
788 854
788 966
789 1080
789 1185
789 1361
789 1427
789 1437
789 974
789 986
790 1034
790 1053
790 1058
790 1082
790 1146
790 1403
790 1480
790 1519
790 899
791 1035
791 1139
791 1416
791 822
791 957
792 845
792 941
793 1009
793 1361
793 1427
793 1437
793 1519
793 855
794 1009
794 1034
794 1053
794 1208
794 1480
794 899
795 1150
795 1223
795 1466
795 970
796 1249
796 1345
796 901
797 1007
797 1408
797 869
798 1054
798 1177
798 1334
798 1456
798 1522
798 803
798 966
799 1280
799 1379
799 1389
799 1479
799 1523
799 817
799 828
800 1048
800 1211
800 1259
800 1309
800 856
800 990
801 1069
801 1147
801 1278
801 1295
801 1333
801 1381
801 1504
801 967
802 1170
802 1416
802 822
803 1054
803 1334
803 1449
803 966
804 1452
804 1495
804 1496
804 994
804 995
805 1335
805 1354
805 1516
805 977
806 1502
806 874
806 950
807 1142
807 1145
807 1175
807 1322
807 1339
807 1366
807 870
808 1001
808 1310
808 1370
808 1414
808 933
808 949
808 964
809 1199
809 1261
809 1299
809 1428
809 979
810 1161
810 1240
810 1477
810 848
810 882
811 1233
811 1343
811 1428
811 979
812 1022
812 1043
812 1050
812 1203
812 915
813 1004
813 1026
813 1154
813 1167
813 1431
813 939
814 1076
814 1318
814 1325
814 1394
814 1462
815 1073
815 1109
815 835
815 864
816 1393
816 1406
816 945
817 1285
817 1379
817 1494
818 1018
818 1394
818 1462
818 901
819 1079
819 1155
819 1251
819 925
820 1089
820 1101
820 1255
820 863
821 1231
821 1321
821 1391
821 919
822 1035
822 1170
822 1416
823 1008
823 1041
823 1140
823 1197
823 1205
823 1337
823 1355
823 1443
823 909
824 1202
824 1257
824 1338
824 1342
824 1491
825 1100
825 1340
825 1460
825 1467
825 887
826 1006
826 1472
826 930
826 946
827 1047
827 1142
827 1379
827 1523
827 870
828 1000
828 1273
828 1305
828 1479
829 1169
829 1229
829 1323
830 1272
830 1499
830 854
830 864
830 943
830 959
831 1386
831 1469
831 1501
831 1510
831 938
832 1297
832 1414
832 1430
833 1083
833 1198
833 1344
833 1518
834 1005
834 1061
834 1124
834 1377
834 1515
835 1073
835 1109
835 1426
835 864
835 894
836 1137
836 1208
836 1265
836 903
837 1033
837 1065
837 1176
837 1180
837 1442
837 1506
837 929
838 1300
838 1526
838 892
839 1165
839 1249
839 1438
839 1517
839 851
840 1016
840 1131
840 1181
840 1513
841 1110
841 1293
841 952
842 1071
842 1174
842 1213
842 1285
842 1463
843 1007
843 1043
843 1050
843 1104
843 1182
843 1371
843 1408
843 997
844 1019
844 1356
844 1372
844 1388
844 881
845 1228
845 1303
845 941
846 1054
846 1177
846 1353
846 1522
846 878
846 912
847 1152
847 1179
847 1218
847 1226
847 1529
848 1161
848 1387
848 1412
848 882
849 1281
849 858
849 874
849 875
849 902
849 950
849 953
850 1141
850 1176
850 1266
850 923
851 1128
851 1165
851 1225
851 1438
851 1517
851 890
852 1031
852 1388
853 1274
853 1346
853 1476
853 876
853 944
854 1272
854 1334
854 966
855 1021
856 1211
856 1309
857 1056
857 1262
858 1281
858 902
858 953
859 1059
859 1118
859 1383
859 1404
859 975
860 1070
860 1116
860 1191
860 1224
860 1252
860 1488
860 865
861 1316
862 1088
862 1384
862 1445
862 951
863 1089
863 1101
863 1268
863 1444
864 1073
864 1499
864 894
865 1070
865 1110
865 1191
865 1224
865 1488
865 898
866 1061
866 1353
866 1473
866 1515
866 878
867 1386
868 1195
868 1409
868 1508
868 1521
868 888
869 1029
869 1074
869 1408
869 921
870 1047
870 1142
870 1213
870 1263
870 1322
871 1044
871 1127
871 1284
871 1352
871 1396
871 1415
872 1060
872 1369
873 1026
873 1042
873 1215
873 1382
873 895
874 1451
874 875
874 950
875 1281
875 1451
875 883
875 950
876 1274
876 1476
876 1492
877 1119
877 1130
877 1313
877 1469
877 931
878 1157
878 1177
878 1232
878 1353
878 1473
878 1521
879 1169
879 1311
879 1323
880 1082
880 1090
880 1370
880 1403
880 1480
881 1372
881 1388
882 1161
882 1240
882 1387
883 1022
883 1281
883 1451
883 960
884 1111
884 1258
884 1502
885 1057
885 1171
885 908
885 980
886 1128
886 1165
886 1312
886 890
887 1148
887 1210
887 1279
887 1340
887 1450
887 1467
887 1483
888 1078
888 1152
888 1232
888 1250
888 1409
888 1521
889 1016
889 1091
889 1183
889 1294
890 1128
890 1165
891 1036
891 1405
891 897
891 953
892 1300
892 1482
892 1526
893 1045
893 1348
893 1351
893 1458
893 1460
893 1467
893 936
894 1073
894 1426
895 1003
895 1042
895 1154
895 1158
895 1341
895 1368
895 1454
895 1514
896 1130
896 1291
896 1313
896 1314
896 1398
897 1036
897 1037
897 1106
898 1070
898 1110
898 1191
898 1293
898 1319
898 956
899 1009
899 1053
899 1146
899 1519
900 1192
900 1242
900 1400
901 1018
901 1394
902 1111
902 953
903 1003
903 1090
903 1137
903 1158
903 1193
903 1208
903 1306
904 1209
904 1280
904 1362
904 1389
904 1494
904 971
905 1071
905 1077
905 1093
905 1145
905 1263
905 1463
906 1081
906 1440
906 956
906 985
907 1216
907 1459
908 1326
908 1525
908 911
909 1008
909 1052
909 1140
909 1197
909 1205
909 1337
909 1405
909 1407
909 1443
910 1051
910 1270
910 1412
910 987
911 1065
911 1141
911 1171
911 1332
911 1349
911 1396
911 1525
911 920
912 1054
912 1353
912 1449
912 1522
913 1103
913 1270
913 914
913 987
914 1103
914 1265
915 1022
915 1029
915 1050
915 1408
915 921
916 1118
916 1404
916 1518
916 975
916 992
917 1010
917 1324
917 1344
917 980
918 1148
918 1210
918 1483
918 1486
918 926
920 1011
920 1057
920 1135
920 1171
920 1332
921 1029
921 1074
921 1275
921 1468
922 1273
922 1287
922 1312
922 1527
923 1136
923 1266
924 1435
925 1079
925 1251
925 1489
925 984
926 1087
926 1148
926 1487
926 1528
926 931
927 1002
927 1085
927 1446
927 991
928 1125
928 1375
928 1477
928 946
929 1112
929 1442
929 1464
929 1506
930 1013
930 1302
930 1369
930 965
931 1130
931 1313
931 1398
931 1528
932 1089
932 1101
932 1268
932 1444
933 1001
933 1086
933 1370
933 1414
933 949
933 964
934 1094
934 1471
934 1513
934 988
935 1151
935 1380
935 1395
936 1107
936 1340
936 1457
936 1460
936 1467
936 1505
936 1507
936 940
937 1435
937 1484
937 999
938 1457
938 1469
938 1501
938 981
939 1004
939 1276
939 1277
939 1431
939 1455
939 1487
940 1340
940 1457
940 1501
941 1228
941 1303
941 1495
941 1496
942 1058
942 1082
942 1105
942 1292
942 1297
942 1370
942 949
942 976
943 1307
943 1426
943 959
944 1156
944 1346
944 1400
944 1492
945 1209
945 1348
945 1362
946 1006
946 1060
946 1125
946 1472
947 1122
947 1185
947 1336
947 974
948 1059
948 1383
948 1420
948 1429
948 1503
948 983
949 1082
949 1105
949 1310
949 1370
949 1414
949 964
951 1358
951 1445
952 1293
952 1364
953 1281
954 1221
954 1333
955 1102
955 1207
955 1418
956 1081
956 1191
956 1293
956 985
957 1056
957 1091
957 1126
957 1139
957 1294
957 1397
958 1075
958 1084
958 1132
958 1359
959 1272
959 1499
960 1022
960 1203
960 1275
960 1451
961 1072
961 1170
961 1253
961 1269
961 1475
962 1013
962 1369
963 1360
963 1413
964 1310
964 1414
965 1302
966 1096
966 1334
967 1133
967 1147
967 1235
967 1252
967 1278
967 1333
967 1381
968 1286
968 1389
968 1393
968 1406
968 1486
969 1080
969 1437
970 1150
970 1466
970 982
970 999
971 1028
971 1174
971 1209
971 1378
971 1494
972 1038
972 1217
972 1258
972 1493
972 1500
973 1289
973 1392
973 1488
974 1080
974 1122
974 1185
974 1336
974 1427
975 1118
975 1300
975 1404
975 992
976 1058
976 1146
976 1214
976 1292
977 1335
977 1516
978 1012
978 1256
978 1509
978 992
979 1199
979 1233
979 1243
979 1261
979 1391
979 1428
980 1057
980 1198
980 1344
981 1172
981 1317
981 1374
982 1150
982 1435
982 996
982 999
983 1059
983 1081
983 1383
983 1503
983 985
984 1229
984 1411
984 1419
985 1081
985 1503
986 1185
986 1194
986 1361
987 1051
987 1103
987 1270
988 1004
988 1094
988 1277
988 1454
988 1471
989 1230
989 1386
989 1423
990 1020
990 1211
990 1309
990 998
991 1002
991 1068
991 1097
991 1133
991 1196
991 1204
991 1234
991 1235
991 1485
992 1012
992 1256
992 1404
993 1088
993 1117
993 1153
993 1215
993 1384
994 1222
994 995
995 1222
996 1150
996 1466
997 1015
998 1020
998 1289
998 1373
998 1421
999 1435
999 1484
1000 1305
1001 1048
1001 1086
1001 1370
1002 1097
1002 1235
1002 1278
1003 1158
1003 1193
1003 1306
1003 1514
1004 1154
1004 1277
1004 1368
1004 1454
1004 1471
1005 1123
1005 1124
1005 1186
1005 1377
1005 1441
1005 1515
1006 1086
1006 1472
1007 1050
1007 1408
1008 1041
1008 1149
1008 1184
1008 1337
1009 1053
1009 1361
1009 1433
1009 1519
1010 1015
1010 1256
1010 1344
1011 1260
1011 1284
1011 1332
1012 1015
1012 1256
1013 1302
1013 1369
1014 1245
1014 1272
1014 1499
1014 1512
1015 1256
1016 1216
1017 1112
1017 1418
1018 1394
1018 1462
1019 1043
1019 1326
1019 1356
1019 1371
1019 1372
1019 1388
1020 1159
1020 1289
1020 1298
1020 1309
1020 1421
1021 1214
1021 1292
1022 1203
1022 1451
1023 1218
1023 1478
1024 1106
1024 1320
1024 1417
1025 1155
1025 1156
1025 1178
1025 1245
1025 1512
1026 1154
1026 1167
1026 1215
1027 1345
1028 1174
1028 1285
1028 1378
1028 1434
1029 1074
1029 1408
1029 1468
1030 1129
1031 1206
1032 1061
1032 1123
1032 1318
1032 1377
1032 1441
1032 1490
1032 1515
1033 1067
1033 1180
1033 1206
1033 1442
1033 1506
1034 1053
1034 1480
1035 1376
1036 1052
1037 1106
1038 1149
1038 1184
1038 1187
1038 1217
1038 1365
1038 1500
1039 1063
1039 1238
1039 1257
1039 1420
1039 1429
1040 1143
1040 1308
1040 1461
1041 1197
1041 1205
1041 1248
1041 1337
1041 1355
1042 1341
1042 1382
1042 1439
1042 1454
1043 1050
1043 1104
1043 1182
1043 1371
1043 1372
1044 1115
1044 1127
1044 1284
1044 1415
1045 1330
1045 1348
1045 1351
1045 1458
1046 1350
1046 1453
1047 1142
1047 1173
1047 1264
1047 1305
1047 1322
1048 1129
1049 1131
1049 1181
1049 1193
1050 1104
1050 1371
1050 1408
1052 1205
1052 1337
1053 1146
1053 1194
1053 1519
1054 1177
1054 1449
1054 1522
1055 1115
1055 1260
1055 1284
1055 1415
1055 1497
1056 1091
1056 1244
1056 1294
1056 1416
1057 1135
1057 1171
1057 1198
1058 1082
1058 1146
1058 1370
1058 1403
1059 1118
1059 1247
1059 1342
1059 1383
1059 1420
1059 1429
1059 1503
1060 1086
1061 1157
1061 1377
1061 1473
1061 1490
1061 1515
1062 1075
1062 1162
1062 1167
1062 1241
1063 1202
1063 1247
1063 1257
1063 1338
1063 1342
1063 1420
1063 1429
1064 1087
1064 1227
1064 1455
1064 1483
1064 1486
1065 1141
1065 1176
1065 1180
1065 1266
1065 1349
1065 1396
1065 1525
1066 1315
1066 1475
1066 1484
1067 1112
1067 1436
1067 1506
1068 1133
1068 1204
1068 1224
1068 1235
1068 1252
1068 1488
1069 1288
1069 1333
1069 1504
1070 1191
1070 1319
1071 1093
1071 1263
1071 1285
1071 1463
1072 1253
1072 1269
1073 1109
1073 1426
1074 1468
1074 1476
1075 1084
1075 1132
1075 1162
1075 1167
1076 1163
1076 1201
1076 1318
1076 1325
1076 1327
1077 1093
1077 1145
1077 1410
1077 1463
1078 1177
1078 1250
1078 1521
1079 1187
1079 1251
1079 1357
1079 1489
1080 1122
1080 1427
1080 1437
1082 1146
1082 1370
1082 1403
1083 1118
1083 1198
1083 1202
1083 1247
1083 1342
1083 1465
1083 1518
1084 1099
1084 1132
1085 1446
1087 1148
1087 1227
1087 1455
1087 1483
1087 1487
1088 1153
1088 1382
1088 1384
1089 1101
1089 1255
1089 1268
1089 1444
1090 1208
1090 1306
1090 1480
1091 1183
1091 1212
1091 1244
1091 1294
1093 1410
1093 1463
1094 1277
1094 1291
1094 1314
1094 1398
1095 1301
1095 1307
1095 1316
1095 1426
1096 1512
1097 1133
1097 1235
1097 1278
1097 1381
1098 1189
1098 1237
1100 1348
1100 1351
1100 1460
1100 1467
1101 1255
1101 1268
1102 1207
1103 1270
1103 1375
1104 1182
1104 1371
1105 1414
1106 1320
1107 1340
1107 1390
1107 1458
1107 1460
1107 1507
1108 1115
1108 1497
1108 1498
1108 1511
1109 1426
1110 1147
1110 1293
1112 1506
1113 1160
1113 1399
1113 1448
1114 1217
1114 1365
1114 1402
1114 1474
1114 1500
1115 1415
1115 1497
1115 1498
1116 1164
1116 1191
1116 1319
1116 1392
1116 1488
1117 1162
1117 1254
1118 1247
1118 1342
1118 1404
1118 1518
1119 1130
1119 1313
1119 1450
1119 1457
1120 1238
1120 1440
1121 1219
1121 1286
1122 1185
1122 1427
1123 1377
1123 1441
1123 1515
1124 1186
1124 1264
1126 1387
1126 1397
1127 1352
1127 1396
1127 1432
1128 1165
1128 1249
1129 1164
1129 1259
1130 1291
1130 1313
1130 1398
1131 1181
1131 1513
1132 1273
1133 1204
1133 1224
1133 1235
1133 1252
1133 1278
1133 1381
1134 1145
1134 1186
1134 1339
1135 1198
1135 1465
1136 1425
1137 1193
1137 1208
1137 1306
1138 1323
1139 1212
1139 1397
1139 1412
1140 1151
1140 1231
1140 1331
1140 1407
1140 1443
1141 1176
1141 1266
1141 1332
1141 1349
1141 1396
1142 1322
1142 1366
1143 1308
1143 1445
1143 1461
1144 1155
1144 1334
1144 1419
1145 1175
1145 1339
1145 1410
1147 1278
1147 1504
1148 1210
1148 1279
1148 1483
1149 1184
1149 1500
1150 1223
1150 1466
1151 1331
1151 1380
1152 1226
1152 1409
1152 1508
1153 1336
1153 1382
1153 1384
1153 1524
1154 1368
1154 1454
1155 1411
1156 1245
1156 1400
1157 1401
1157 1473
1157 1490
1158 1193
1158 1368
1158 1514
1159 1164
1159 1204
1159 1259
1159 1298
1159 1392
1160 1199
1160 1448
1160 1505
1161 1240
1161 1511
1163 1188
1163 1201
1163 1318
1163 1325
1163 1453
1164 1259
1164 1319
1164 1392
1165 1249
1166 1168
1166 1226
1166 1529
1167 1241
1167 1431
1169 1311
1169 1357
1170 1475
1171 1349
1172 1374
1173 1264
1173 1305
1174 1494
1175 1186
1175 1263
1175 1322
1175 1339
1175 1360
1176 1180
1176 1266
1176 1349
1177 1456
1177 1522
1178 1402
1178 1411
1179 1218
1180 1349
1180 1442
1180 1525
1181 1422
1182 1371
1183 1244
1183 1294
1185 1194
1185 1336
1185 1427
1186 1360
1187 1217
1187 1357
1187 1365
1187 1489
1188 1201
1188 1401
1188 1453
1189 1237
1189 1413
1189 1441
1190 1196
1190 1234
1190 1485
1191 1319
1191 1329
1191 1392
1191 1488
1192 1236
1192 1242
1193 1514
1194 1519
1195 1508
1196 1204
1196 1234
1196 1373
1196 1485
1197 1205
1197 1355
1197 1443
1198 1344
1198 1465
1199 1390
1200 1239
1200 1385
1200 1527
1201 1318
1201 1453
1202 1247
1202 1338
1202 1342
1202 1465
1204 1252
1204 1488
1205 1337
1206 1436
1206 1442
1208 1306
1208 1480
1209 1362
1209 1378
1209 1389
1210 1279
1210 1313
1210 1450
1210 1467
1210 1483
1211 1309
1211 1367
1211 1421
1213 1263
1213 1285
1214 1292
1216 1314
1216 1459
1217 1365
1217 1402
1217 1500
1218 1478
1219 1286
1220 1367
1220 1414
1220 1430
1221 1288
1221 1333
1222 1282
1222 1283
1222 1347
1222 1380
1223 1424
1224 1235
1224 1252
1224 1488
1225 1438
1225 1517
1226 1529
1227 1431
1227 1455
1227 1486
1228 1303
1228 1452
1228 1495
1230 1386
1230 1423
1230 1470
1230 1510
1231 1243
1231 1391
1232 1250
1232 1350
1232 1521
1233 1243
1233 1261
1233 1321
1233 1391
1234 1235
1234 1485
1235 1252
1235 1278
1235 1381
1235 1485
1236 1267
1236 1296
1237 1441
1237 1449
1238 1440
1239 1385
1239 1527
1240 1304
1240 1432
1240 1511
1242 1301
1242 1426
1243 1261
1243 1321
1243 1391
1244 1294
1245 1512
1246 1248
1246 1355
1247 1342
1247 1429
1248 1355
1249 1517
1250 1350
1250 1521
1251 1357
1251 1489
1252 1333
1256 1344
1257 1338
1257 1342
1257 1420
1257 1491
1258 1493
1258 1502
1260 1284
1260 1338
1261 1428
1262 1315
1263 1285
1263 1322
1264 1366
1266 1352
1266 1396
1268 1444
1269 1475
1272 1499
1273 1287
1274 1468
1274 1476
1275 1451
1276 1455
1276 1487
1276 1528
1277 1398
1278 1381
1279 1340
1279 1450
1280 1362
1280 1379
1280 1389
1280 1494
1282 1283
1282 1495
1283 1347
1284 1415
1286 1389
1286 1486
1287 1312
1287 1527
1288 1333
1288 1504
1289 1373
1289 1392
1290 1317
1290 1374
1291 1314
1291 1398
1292 1297
1295 1446
1296 1447
1296 1509
1297 1414
1298 1392
1299 1330
1299 1390
1299 1428
1301 1307
1301 1426
1303 1452
1303 1495
1303 1496
1304 1432
1304 1511
1306 1480
1307 1426
1308 1385
1308 1461
1309 1421
1310 1414
1311 1357
1312 1527
1313 1450
1314 1459
1315 1475
1316 1364
1317 1374
1317 1459
1318 1325
1319 1329
1319 1392
1320 1407
1320 1417
1321 1391
1324 1356
1326 1356
1326 1442
1326 1525
1327 1453
1328 1376
1329 1392
1330 1390
1330 1458
1331 1407
1331 1443
1332 1396
1333 1478
1333 1504
1335 1516
1336 1382
1336 1524
1338 1465
1338 1491
1339 1366
1340 1450
1340 1457
1340 1460
1340 1467
1341 1368
1341 1422
1341 1439
1341 1454
1341 1514
1342 1420
1342 1429
1343 1354
1346 1493
1346 1502
1347 1380
1347 1395
1348 1351
1348 1458
1348 1460
1349 1525
1351 1460
1351 1467
1352 1396
1354 1363
1355 1443
1356 1388
1357 1489
1360 1410
1361 1437
1362 1389
1362 1393
1363 1481
1365 1474
1365 1489
1367 1430
1368 1422
1368 1454
1371 1408
1373 1421
1375 1477
1377 1515
1378 1434
1379 1494
1379 1523
1380 1395
1382 1524
1383 1503
1384 1445
1386 1423
1386 1501
1386 1510
1387 1397
1389 1393
1390 1458
1390 1507
1392 1488
1393 1406
1394 1462
1395 1417
1398 1528
1402 1474
1403 1480
1404 1518
1407 1443
1409 1508
1420 1429
1422 1454
1422 1471
1423 1470
1425 1464
1427 1437
1428 1481
1429 1503
1431 1455
1431 1486
1435 1484
1438 1517
1439 1514
1442 1506
1442 1525
1447 1509
1448 1507
1449 1522
1450 1457
1450 1467
1451 1468
1452 1495
1452 1496
1454 1471
1455 1486
1455 1487
1456 1522
1457 1467
1457 1501
1458 1460
1460 1467
1468 1476
1473 1490
1476 1509
1479 1523
1482 1526
1483 1486
1487 1528
1491 1497
1493 1502
1493 1520
1495 1496
1497 1498
1501 1510
1505 1507
