0 2
2 2
4 2
5 2
10 1
14 1
15 2
16 2
17 1
19 2
22 1
27 2
29 2
30 2
31 2
32 2
36 1
39 2
40 2
41 2
42 2
44 2
45 1
46 2
50 2
52 2
53 2
54 1
55 1
56 1
58 2
62 2
63 2
68 2
69 2
70 2
71 1
72 2
73 1
76 1
78 1
79 2
83 2
85 2
89 2
91 2
95 1
99 1
100 2
102 2
103 2
105 2
109 2
113 2
116 1
117 1
121 2
124 2
125 2
126 2
127 1
130 2
132 1
134 2
136 2
137 2
139 2
141 1
145 2
146 2
149 1
158 1
161 1
164 2
167 2
168 2
175 1
177 1
179 2
180 2
181 1
184 1
185 2
186 2
187 2
189 1
192 1
193 2
194 2
195 2
198 1
201 2
202 2
203 2
204 2
205 1
206 2
207 2
209 1
210 2
211 2
215 2
217 2
222 2
223 1
224 1
225 2
227 2
229 2
233 1
237 2
241 1
242 1
244 2
246 1
248 1
249 1
251 1
252 2
253 2
255 1
256 2
257 1
258 2
259 1
264 1
267 1
268 1
269 1
274 2
275 2
278 2
280 2
282 1
284 2
288 1
292 2
295 2
296 1
297 2
298 1
299 1
300 2
305 1
310 1
311 1
312 1
314 1
317 2
318 1
319 1
322 1
323 2
325 1
326 1
327 2
328 1
329 1
330 1
333 1
335 1
337 2
338 2
339 1
344 1
346 2
347 1
349 2
351 1
354 1
355 1
356 2
358 1
359 1
364 1
367 1
369 2
371 2
373 2
379 1
382 2
385 2
386 2
395 2
396 1
397 2
398 2
399 2
400 2
401 2
402 1
403 1
404 2
407 1
408 2
410 2
411 2
412 1
415 1
416 1
417 2
419 1
420 2
421 2
422 1
423 1
427 2
429 2
430 2
431 1
432 2
433 2
439 1
440 2
441 2
442 1
443 2
448 2
450 1
451 2
454 1
455 2
456 2
457 1
459 1
464 2
465 1
467 1
469 1
470 2
471 1
474 2
478 2
480 2
482 1
483 2
484 1
487 2
488 2
490 1
491 1
493 2
495 2
497 2
498 1
501 1
505 1
508 2
513 2
514 1
516 1
517 2
520 2
522 2
529 1
533 2
534 2
536 1
538 2
539 1
541 2
542 1
543 1
544 1
546 1
549 1
552 2
553 1
556 1
558 1
561 1
562 2
565 2
571 1
572 2
581 2
584 2
586 1
587 1
590 2
592 2
594 2
596 2
604 2
606 1
607 2
608 1
609 2
610 1
616 2
620 2
625 1
626 2
628 2
630 2
631 2
632 2
633 1
635 2
636 1
637 1
638 2
639 1
640 2
642 2
643 2
645 1
646 2
647 1
652 1
653 2
656 1
657 2
660 1
661 2
663 2
664 2
666 2
668 2
669 2
670 1
672 2
673 2
675 2
679 1
682 1
684 1
685 2
686 1
687 2
689 1
691 1
694 1
695 2
696 1
697 2
700 1
701 1
702 2
705 2
710 2
711 2
713 2
715 2
718 2
721 1
722 2
723 1
726 2
727 1
728 2
729 1
732 1
736 2
738 1
741 2
743 2
749 2
750 2
751 1
753 2
754 1
755 2
757 1
758 2
759 2
764 2
765 2
766 2
767 1
768 2
769 1
781 1
785 1
786 1
789 1
792 1
793 2
794 1
796 1
797 1
799 2
805 2
806 1
808 1
813 1
814 1
816 1
817 1
819 1
821 1
822 2
824 2
825 2
828 2
829 1
833 2
835 2
836 2
837 2
841 1
842 1
847 2
849 2
854 2
855 2
860 2
863 2
867 1
868 2
869 1
870 1
875 1
876 2
877 2
878 2
882 1
884 1
889 2
890 2
892 2
893 2
894 1
895 1
896 2
897 2
898 1
900 2
901 1
903 2
905 2
906 1
907 1
908 2
910 1
911 2
912 2
915 1
918 2
920 2
921 1
922 1
923 2
928 2
930 2
932 1
933 1
938 2
944 1
946 1
948 2
949 1
950 1
952 1
954 1
955 1
959 2
962 1
964 1
972 2
975 2
976 2
979 1
980 1
982 2
983 1
988 2
994 2
995 1
996 1
999 1
