0 144
0 321
0 386
0 599
0 67
0 691
0 736
0 781
0 822
0 849
1 170
1 229
1 308
1 512
1 698
1 801
1 820
1 886
1 931
2 153
2 345
2 430
2 53
2 62
2 641
2 748
2 808
2 877
3 220
3 349
3 377
3 404
3 501
3 529
3 536
3 738
3 75
3 872
3 993
4 101
4 200
4 202
4 35
4 545
4 576
4 684
4 709
4 818
4 868
5 152
5 179
5 228
5 259
5 359
5 417
5 50
5 674
5 983
6 199
6 277
6 453
6 468
6 531
6 532
6 554
6 644
6 690
6 871
6 873
6 93
7 123
7 211
7 234
7 323
7 355
7 49
7 583
7 679
7 829
7 888
7 98
8 288
8 438
8 512
8 613
8 801
8 886
8 899
9 1000
9 196
9 263
9 358
9 425
9 486
9 499
9 658
9 784
10 205
10 52
10 562
10 695
10 699
10 744
10 894
10 900
11 220
11 233
11 377
11 404
11 60
11 613
11 665
11 728
11 742
11 787
11 800
11 899
12 114
12 34
12 503
12 539
13 14
13 160
13 179
13 228
13 279
13 552
13 70
13 766
13 807
13 819
13 909
13 992
14 179
14 279
14 417
14 54
14 70
14 766
14 819
14 876
15 177
15 211
15 234
15 265
15 312
15 391
15 426
15 469
15 593
15 606
15 647
15 677
15 737
16 339
16 497
16 525
16 544
16 700
16 704
16 857
16 881
16 975
17 231
17 275
17 459
17 626
17 672
17 799
17 815
17 83
17 952
18 100
18 104
18 118
18 184
18 315
18 378
18 410
18 439
18 633
18 715
18 773
18 854
18 86
18 861
18 915
19 356
19 409
19 491
19 525
19 557
19 604
19 700
19 881
20 362
20 390
20 717
20 774
20 984
21 107
21 145
21 206
21 406
21 476
21 494
21 517
21 537
21 558
21 72
21 77
21 812
21 856
21 935
22 185
22 217
22 255
22 336
22 421
22 617
22 884
23 240
23 357
23 418
23 798
23 865
23 958
24 262
24 428
24 595
24 602
25 103
25 124
25 270
25 320
25 327
25 401
25 563
25 582
25 707
25 712
25 756
26 111
26 294
26 34
26 405
26 511
26 893
26 930
26 944
27 318
27 494
27 577
27 660
27 72
27 794
27 825
27 935
27 942
28 125
28 131
28 151
28 195
28 37
28 387
28 39
28 424
28 533
28 581
28 694
28 701
28 791
28 989
29 183
29 282
29 286
29 346
29 684
29 709
29 713
29 752
29 767
29 842
29 866
29 902
29 946
30 113
30 136
30 592
30 791
30 841
30 889
30 95
30 998
31 238
31 256
31 389
31 399
31 467
31 597
31 667
31 73
31 793
31 887
32 227
32 316
32 474
32 507
32 518
32 566
32 596
32 635
32 711
32 948
33 112
33 314
33 375
33 377
33 381
33 451
33 471
33 555
33 668
33 718
33 764
33 80
33 805
33 82
34 106
34 114
34 405
34 511
34 539
34 893
35 101
35 115
35 120
35 165
35 173
35 545
35 65
35 811
35 868
36 138
36 305
36 358
36 620
36 855
36 897
36 912
36 924
37 134
37 387
37 39
37 450
37 458
37 592
37 791
37 839
37 841
37 986
38 119
38 148
38 186
38 219
38 258
38 325
38 550
38 708
38 710
38 741
38 786
38 879
38 913
39 125
39 134
39 387
39 450
39 694
39 701
39 791
39 841
40 229
40 288
40 561
40 60
40 673
40 698
40 787
40 801
40 847
40 934
41 232
41 253
41 549
41 603
41 640
41 876
41 880
41 928
41 949
42 168
42 423
42 444
42 460
42 676
42 71
42 867
42 890
42 978
43 367
43 384
43 389
43 568
43 597
43 631
43 646
43 793
43 938
43 987
43 99
44 171
44 273
44 488
44 542
44 568
44 639
44 646
44 653
44 755
44 970
45 363
45 408
45 446
45 486
45 564
45 636
45 717
45 912
46 110
46 117
46 186
46 257
46 287
46 367
46 384
46 631
46 757
46 879
47 209
47 368
47 500
47 526
47 614
47 904
48 321
48 334
48 350
48 382
48 461
48 594
48 705
48 727
48 896
48 914
48 92
48 932
49 207
49 224
49 323
49 392
49 416
49 583
49 756
49 888
50 152
50 160
50 228
50 246
50 259
50 290
50 359
50 697
51 248
51 383
51 444
51 504
51 548
51 642
51 734
51 775
51 851
51 87
51 890
51 925
52 205
52 497
52 541
52 699
52 700
52 744
52 881
52 900
52 939
53 131
53 180
53 187
53 430
53 641
53 664
53 779
53 808
53 838
53 980
54 279
54 417
54 549
54 876
54 880
54 910
54 988
55 123
55 294
55 426
55 606
55 647
55 651
55 677
55 875
55 930
56 351
56 371
56 412
56 433
56 664
56 956
57 235
57 370
57 569
57 575
57 580
57 788
57 973
58 109
58 274
58 317
58 435
58 437
58 522
58 538
58 627
58 642
58 790
58 905
58 963
59 235
59 418
59 580
59 798
59 826
59 973
60 288
60 377
60 555
60 561
60 698
60 728
60 787
60 934
61 239
61 276
61 306
61 398
61 659
61 840
62 153
62 172
62 345
62 782
62 808
62 837
62 877
62 920
62 955
63 137
63 157
63 203
63 225
63 354
63 379
63 413
63 553
63 560
63 683
64 170
64 216
64 348
64 414
64 740
64 777
64 803
64 820
64 853
64 977
65 120
65 165
65 173
65 281
65 475
65 545
65 772
66 162
66 188
66 428
66 595
66 624
66 760
67 144
67 236
67 321
67 386
67 599
67 822
67 849
67 874
67 989
68 167
68 192
68 289
68 310
68 330
68 502
68 733
68 806
68 836
68 850
69 105
69 150
69 270
69 320
69 335
69 343
69 472
69 608
69 76
69 813
69 901
69 903
70 158
70 513
70 556
70 766
70 78
70 807
70 819
70 848
70 909
70 992
71 164
71 168
71 460
71 472
71 608
71 867
71 903
72 206
72 494
72 558
72 794
72 869
72 935
73 238
73 467
73 597
73 793
73 938
73 99
74 218
74 317
74 523
74 578
74 732
74 762
74 780
74 804
74 858
75 112
75 130
75 252
75 377
75 407
75 501
75 731
75 738
75 993
76 105
76 150
76 201
76 244
76 376
76 590
76 608
76 616
77 107
77 206
77 208
77 243
77 347
77 476
77 537
77 778
78 226
78 255
78 280
78 513
78 819
78 909
78 91
79 100
79 104
79 160
79 415
79 484
79 697
79 729
79 834
79 845
79 88
79 915
80 315
80 378
80 381
80 555
80 638
80 718
80 749
80 764
80 805
81 510
81 600
81 774
82 135
82 381
82 471
82 540
82 609
82 668
82 686
82 764
83 140
83 231
83 275
83 463
83 524
83 672
83 721
83 815
83 870
83 952
84 242
84 364
84 393
84 480
84 530
84 628
84 763
84 936
84 964
84 981
85 363
85 408
85 603
85 640
85 648
85 682
85 688
85 703
85 823
85 928
85 937
86 104
86 213
86 315
86 572
86 633
86 845
86 854
86 882
86 926
87 248
87 383
87 504
87 851
87 974
88 160
88 226
88 280
88 415
88 484
88 834
88 845
88 909
88 91
89 178
89 244
89 369
89 429
89 445
89 522
89 650
89 685
89 722
90 485
90 567
90 589
90 832
90 853
90 96
91 217
91 226
91 255
91 280
91 336
91 415
91 834
92 129
92 140
92 189
92 275
92 334
92 441
92 443
92 461
92 530
92 896
92 898
93 166
93 199
93 204
93 468
93 582
93 644
93 873
93 941
93 959
93 965
94 182
94 720
94 804
94 858
95 125
95 136
95 151
95 610
95 675
95 791
95 841
96 485
96 521
96 567
96 831
97 262
97 284
97 399
97 419
97 602
97 614
97 634
97 966
98 123
98 127
98 355
98 431
98 562
98 679
98 704
98 744
98 857
98 860
98 875
98 888
99 367
99 597
99 631
99 646
99 793
99 938
100 104
100 410
100 415
100 696
100 773
100 834
100 915
101 115
101 165
101 173
101 200
101 545
101 709
101 818
101 868
102 156
102 210
102 250
102 434
102 541
102 686
102 894
102 900
102 939
102 994
103 124
103 327
103 401
103 403
103 582
103 756
103 785
103 976
104 633
104 773
104 834
104 845
104 882
104 915
105 150
105 201
105 299
105 376
105 830
105 901
106 111
106 114
106 341
106 503
106 507
106 511
106 518
106 539
106 711
106 893
106 962
107 206
107 243
107 347
107 476
107 534
107 659
107 869
107 872
107 935
107 972
108 449
108 479
108 601
108 619
108 623
108 635
108 864
109 155
109 317
109 372
109 437
109 477
109 627
109 642
109 762
109 775
110 117
110 287
110 332
110 384
110 631
110 783
110 833
110 879
110 987
111 341
111 426
111 511
111 591
111 677
111 893
111 930
111 944
112 130
112 375
112 377
112 407
112 451
112 731
113 119
113 136
113 249
113 550
113 669
113 889
113 922
113 998
114 503
114 511
114 518
114 539
114 619
115 173
115 490
115 547
115 626
115 746
115 769
115 811
115 818
115 863
115 868
115 883
116 128
116 184
116 268
116 269
116 847
116 861
117 397
117 514
117 631
117 757
117 833
117 987
118 146
118 181
118 217
118 247
118 291
118 410
118 584
118 773
118 817
118 861
118 991
119 171
119 249
119 550
119 615
119 669
119 710
119 741
119 755
119 879
119 998
120 173
120 281
120 811
120 929
120 958
121 202
121 599
121 663
121 736
121 739
121 767
121 822
121 866
121 902
121 946
122 309
122 481
122 588
122 680
122 716
122 837
122 955
123 234
123 591
123 606
123 647
123 677
123 704
123 829
123 860
123 875
123 930
124 270
124 320
124 327
124 335
124 401
124 563
124 666
124 712
124 813
124 901
125 151
125 195
125 675
125 701
125 791
125 841
126 278
126 300
126 334
126 382
126 441
126 473
126 685
126 722
126 898
126 940
127 355
127 431
127 562
127 679
127 875
128 146
128 229
128 268
128 269
128 291
128 698
128 803
128 820
128 847
128 861
128 934
129 242
129 271
129 300
129 334
129 393
129 441
129 530
129 590
129 940
130 198
130 267
130 340
130 375
130 407
130 470
130 501
130 731
130 751
131 180
131 307
131 387
131 424
131 533
131 779
131 838
131 908
131 980
132 176
132 295
132 319
132 420
132 496
132 652
132 892
132 908
133 142
133 225
133 230
133 342
133 361
133 436
133 489
133 951
134 319
134 387
134 420
134 450
134 496
134 694
134 933
134 986
135 198
135 212
135 302
135 311
135 340
135 375
135 470
135 540
135 611
135 657
135 668
135 982
136 151
136 610
136 615
136 669
136 759
136 791
136 998
137 157
137 354
137 413
137 458
137 553
137 592
137 933
137 986
138 358
138 360
138 425
138 446
138 499
138 564
138 706
138 897
138 912
138 924
139 190
139 230
139 295
139 379
139 436
139 454
139 560
139 652
139 714
139 953
140 189
140 275
140 432
140 443
140 461
140 524
140 530
140 763
140 815
140 870
141 220
141 239
141 404
141 506
141 529
141 536
141 665
142 489
142 649
142 951
143 214
143 447
143 655
143 885
143 974
144 321
144 461
144 599
144 691
144 736
144 776
144 799
144 815
145 149
145 400
145 494
145 517
145 558
145 768
145 812
146 181
146 269
146 291
146 410
146 439
146 803
146 817
146 861
147 223
147 495
147 621
147 671
147 937
147 985
148 258
148 483
148 550
148 559
148 689
148 735
148 741
148 753
148 765
148 786
148 913
149 395
149 440
149 517
149 569
149 628
149 768
149 812
149 856
150 244
150 270
150 343
150 376
150 608
150 650
150 830
151 195
151 260
151 610
151 615
151 675
151 759
151 791
151 989
152 169
152 228
152 245
152 246
152 259
152 290
152 338
152 380
152 455
152 457
152 528
152 674
152 895
152 911
153 172
153 345
153 641
153 725
153 748
153 877
153 945
154 212
154 302
154 388
154 396
154 487
154 546
154 825
154 836
154 843
154 878
154 969
155 266
155 324
155 372
155 447
155 762
155 775
155 885
155 967
156 250
156 366
156 434
156 540
156 611
156 686
156 894
156 982
156 994
157 222
157 298
157 354
157 413
157 458
157 683
157 960
157 986
158 385
158 513
158 556
158 632
158 848
158 979
159 174
159 235
159 331
159 580
159 693
159 788
159 826
159 856
159 865
160 228
160 280
160 290
160 359
160 484
160 552
160 697
160 845
160 909
161 207
161 211
161 323
161 416
161 456
161 469
161 583
162 188
162 285
162 624
162 760
162 828
162 831
162 844
163 453
163 531
163 644
163 690
163 961
163 996
164 166
164 333
164 460
164 498
164 505
164 563
164 867
164 903
164 918
165 173
165 200
165 281
165 475
165 545
165 585
165 772
166 199
166 204
166 327
166 333
166 460
166 498
166 563
166 582
166 918
166 925
167 207
167 224
167 329
167 330
167 392
167 502
167 707
167 733
167 806
168 178
168 369
168 423
168 429
168 472
168 608
168 676
168 905
169 221
169 290
169 338
169 402
169 434
169 528
169 541
169 656
169 939
170 308
170 348
170 512
170 745
170 820
170 931
170 977
171 273
171 384
171 488
171 568
171 615
171 669
171 710
171 755
171 879
172 303
172 345
172 747
172 782
172 837
172 877
172 920
172 945
173 281
173 357
173 746
173 811
173 929
174 235
174 331
174 395
174 508
174 788
174 797
174 826
175 237
175 305
175 427
175 559
175 689
175 753
175 765
176 295
176 345
176 413
176 420
176 496
176 560
176 652
176 714
176 748
176 892
177 312
177 391
177 469
177 661
177 737
178 343
178 369
178 429
178 445
178 452
178 472
178 650
178 676
178 905
179 228
179 279
179 359
179 417
179 552
179 819
180 187
180 307
180 424
180 607
180 705
180 821
180 980
181 216
181 291
181 520
181 584
181 803
181 817
182 780
182 804
182 858
183 193
183 282
183 286
183 709
183 752
183 771
183 842
183 902
183 970
184 269
184 439
184 633
184 715
184 847
184 861
185 226
185 255
185 332
185 336
185 421
185 513
185 543
185 617
185 783
185 814
185 979
186 219
186 257
186 258
186 287
186 325
186 757
186 879
187 307
187 350
187 412
187 516
187 664
187 705
187 838
187 943
188 238
188 467
188 595
188 760
188 828
188 887
189 275
189 432
189 443
189 870
189 896
189 898
190 230
190 293
190 454
190 481
190 680
190 714
190 824
190 953
191 238
191 262
191 399
191 428
191 595
191 634
191 667
191 760
191 887
191 966
192 215
192 330
192 396
192 836
192 850
192 969
193 282
193 283
193 284
193 286
193 419
193 565
193 637
193 752
193 771
193 842
193 970
194 215
194 299
194 493
194 666
194 719
194 723
194 830
194 859
194 878
195 581
195 675
195 701
195 792
195 989
196 263
196 425
196 466
196 499
196 730
196 784
196 827
197 261
197 509
197 515
197 720
197 724
197 852
198 311
198 375
198 407
198 451
198 470
198 668
199 204
199 277
199 333
199 468
199 548
199 554
199 681
199 734
199 907
199 918
199 925
200 346
200 526
200 545
200 576
200 585
200 684
200 709
200 846
200 904
201 299
201 376
201 616
201 723
201 758
201 830
201 859
201 981
202 663
202 684
202 709
202 739
202 818
202 868
202 902
202 946
203 222
203 225
203 342
203 354
203 360
203 361
203 579
203 683
203 906
204 327
204 333
204 468
204 498
204 582
204 644
204 907
204 959
205 339
205 497
205 562
205 744
205 857
206 347
206 537
206 558
206 869
206 935
207 224
207 329
207 392
207 403
207 416
207 456
207 583
207 707
207 756
207 785
208 243
208 347
208 534
208 840
209 282
209 284
209 346
209 526
209 614
209 846
209 904
210 213
210 221
210 434
210 541
210 656
210 687
210 954
210 994
211 234
211 323
211 391
211 469
211 583
211 647
211 829
212 289
212 302
212 310
212 611
212 657
212 836
212 969
212 995
213 221
213 315
213 344
213 381
213 434
213 572
213 687
213 854
213 926
213 954
214 324
214 372
214 447
214 504
214 885
214 974
215 330
215 337
215 396
215 712
215 719
215 850
215 878
215 969
216 353
216 414
216 520
216 740
216 777
216 803
217 255
217 336
217 415
217 584
217 617
217 696
217 773
217 817
217 834
217 884
217 991
218 266
218 477
218 523
218 578
218 747
218 762
218 780
218 802
218 804
219 258
219 287
219 385
219 632
219 670
219 708
219 757
219 807
219 848
219 879
220 239
220 306
220 349
220 398
220 404
220 506
220 529
220 536
220 659
220 665
220 742
220 872
221 290
221 434
221 541
221 572
221 643
221 656
221 926
221 954
222 298
222 354
222 427
222 579
222 620
222 683
222 706
222 906
222 960
223 254
223 322
223 373
223 495
223 621
223 630
223 671
224 323
224 392
224 416
224 464
224 806
225 230
225 342
225 361
225 379
225 436
225 560
225 579
225 683
226 255
226 280
226 336
226 513
226 783
226 834
226 848
226 909
227 316
227 356
227 409
227 474
227 507
227 596
227 604
228 279
228 290
228 359
228 417
228 552
228 674
229 268
229 308
229 698
229 801
229 820
229 847
229 934
230 361
230 379
230 436
230 560
230 579
230 714
230 953
231 463
231 524
231 547
231 626
231 672
231 776
231 815
231 883
231 952
232 253
232 279
232 573
232 603
232 605
232 810
232 880
232 949
233 314
233 377
233 404
233 613
233 718
233 728
233 800
234 391
234 583
234 606
234 647
234 677
234 829
235 580
235 788
235 826
235 973
236 260
236 286
236 386
236 599
236 675
236 713
236 767
236 792
236 822
236 866
236 989
237 241
237 305
237 559
237 573
237 636
237 765
237 810
237 855
237 924
238 462
238 467
238 597
238 618
238 667
238 760
238 828
238 844
238 887
238 938
239 276
239 306
239 398
239 506
239 529
240 357
240 418
240 662
240 672
240 693
240 746
240 863
240 865
240 929
240 952
240 958
241 253
241 328
241 573
241 636
241 702
241 765
241 810
242 300
242 364
242 393
242 441
242 443
242 530
242 590
242 789
242 964
243 476
243 534
243 659
243 840
244 271
244 343
244 369
244 376
244 590
244 608
244 650
244 685
245 316
245 380
245 409
245 455
245 474
245 528
245 557
245 604
245 862
245 911
246 259
246 290
246 457
246 697
246 729
246 895
247 272
247 291
247 296
247 519
247 520
247 527
247 584
247 589
247 654
247 923
247 991
248 383
248 423
248 444
248 642
248 851
248 890
249 550
249 669
249 710
249 741
249 755
249 922
250 366
250 434
250 695
250 699
250 894
250 900
250 927
250 939
250 982
251 591
251 816
251 860
251 893
251 930
251 944
251 975
252 267
252 349
252 501
252 835
252 972
252 993
253 573
253 603
253 605
253 636
253 702
253 810
253 928
253 949
254 322
254 373
254 411
254 495
254 551
254 621
254 630
254 678
254 688
254 937
254 990
255 336
255 513
256 283
256 389
256 399
256 419
256 637
256 653
256 667
256 771
256 793
257 325
257 367
257 384
257 488
257 710
257 879
258 325
258 483
258 670
258 708
258 786
258 913
259 380
259 674
259 750
259 895
259 911
259 983
260 273
260 286
260 610
260 615
260 675
260 713
260 726
260 759
260 989
261 720
261 724
261 917
262 399
262 428
262 595
262 602
262 634
262 887
262 966
263 1000
263 390
263 658
263 730
263 784
263 968
264 644
264 661
264 873
264 941
264 959
264 996
264 999
265 292
265 312
265 426
265 453
265 593
265 737
265 761
265 873
266 324
266 447
266 477
266 762
266 775
266 804
266 967
267 731
267 751
267 835
267 993
268 269
268 308
268 820
268 847
268 977
269 439
269 803
269 820
269 861
269 977
270 320
270 335
270 343
270 666
270 712
270 830
270 901
271 300
271 376
271 393
271 590
271 650
271 685
271 940
272 291
272 352
272 353
272 519
272 520
272 589
272 654
272 777
272 853
273 286
273 542
273 568
273 615
273 639
273 726
273 755
273 759
273 970
274 303
274 317
274 478
274 625
274 754
274 790
274 945
274 963
275 459
275 461
275 815
275 870
275 896
275 932
276 306
277 468
277 548
277 554
277 612
277 681
277 692
277 871
278 350
278 382
278 412
278 433
278 473
278 516
278 722
278 795
278 943
279 417
279 605
279 674
279 766
279 876
279 880
279 949
279 988
279 992
280 415
280 484
280 552
280 819
280 909
281 357
281 475
281 958
282 284
282 346
282 752
282 842
282 846
283 284
283 399
283 419
283 667
283 752
283 771
283 846
283 966
284 419
284 614
284 752
284 846
284 966
285 465
285 485
285 521
285 618
285 624
285 828
285 831
285 844
286 565
286 610
286 713
286 726
286 842
286 866
286 970
287 632
287 757
287 783
287 833
287 848
287 879
288 561
288 613
288 728
288 787
288 801
288 899
289 310
289 366
289 464
289 502
289 611
289 657
289 836
289 850
289 969
290 338
290 457
290 643
290 697
290 729
290 845
290 926
291 520
291 584
291 777
291 803
291 861
292 312
292 453
292 661
292 761
292 873
292 961
292 996
293 454
293 481
293 588
293 770
293 953
294 405
294 426
294 511
294 651
294 930
295 379
295 413
295 420
295 553
295 560
295 652
295 714
296 520
296 584
296 654
296 884
296 923
296 991
297 318
297 394
297 400
297 492
297 493
297 577
297 723
297 758
297 768
298 354
298 427
298 458
298 735
298 753
298 889
298 922
298 960
299 666
299 723
299 830
299 859
299 901
300 334
300 441
300 590
300 685
300 940
301 368
301 500
301 602
301 614
301 634
302 340
302 388
302 470
302 487
302 751
302 836
302 995
303 317
303 437
303 578
303 625
303 747
303 754
303 920
303 945
303 963
304 371
304 433
304 445
304 452
304 478
304 522
304 725
304 790
304 795
304 956
305 427
305 559
305 620
305 855
305 924
306 313
306 398
306 506
306 659
306 665
306 742
307 350
307 424
307 607
307 705
307 838
307 874
307 914
307 943
308 745
308 820
308 931
308 977
309 523
309 716
309 747
309 780
309 802
309 837
310 464
310 502
310 657
310 806
310 836
310 995
311 326
311 470
311 611
311 657
311 668
311 982
312 593
312 661
312 737
312 761
313 506
313 665
313 742
313 800
314 377
314 404
314 451
314 471
314 718
314 805
315 344
315 378
315 381
315 638
315 687
315 715
315 854
315 921
316 409
316 474
316 507
316 566
316 604
316 678
316 862
317 437
317 477
317 578
317 732
317 754
317 762
317 963
318 400
318 493
318 494
318 558
318 577
318 825
319 387
319 420
319 496
319 694
319 908
320 335
320 343
320 472
320 563
320 813
320 903
321 461
321 594
321 781
321 849
321 914
322 373
322 411
322 495
322 750
322 983
322 988
322 990
323 355
323 392
323 416
323 464
323 583
323 679
323 829
323 888
324 372
324 383
324 447
324 504
324 775
324 885
325 710
325 786
325 879
326 442
326 611
326 657
326 982
327 498
327 505
327 563
327 582
327 813
327 959
327 976
328 483
328 573
328 670
328 702
328 765
328 913
329 330
329 337
329 401
329 707
329 733
329 785
330 337
330 733
330 850
331 395
331 463
331 508
331 693
331 788
331 797
331 812
331 856
331 971
332 336
332 397
332 421
332 527
332 543
332 617
332 783
332 814
332 833
332 987
333 498
333 907
333 918
334 350
334 382
334 441
334 473
334 896
334 898
334 940
335 813
335 901
336 617
336 783
336 834
337 401
337 666
337 707
337 712
337 733
337 850
338 402
338 455
338 457
338 643
338 656
339 497
339 562
339 704
339 816
339 857
339 860
340 375
340 388
340 470
340 487
340 731
340 751
340 835
340 942
341 507
341 525
341 591
341 596
341 711
341 893
341 962
341 975
342 360
342 361
342 466
342 906
342 951
343 369
343 472
343 608
343 650
344 572
344 638
344 687
344 854
344 921
344 954
345 748
345 782
345 808
345 892
345 955
346 576
346 684
346 709
346 752
346 846
346 904
347 534
347 840
347 869
347 972
348 740
348 745
348 977
349 398
349 501
349 529
349 534
349 872
349 972
349 993
350 382
350 473
350 516
350 705
350 727
350 914
350 943
351 371
351 430
351 478
351 625
351 725
351 877
351 956
352 485
352 519
352 521
352 567
352 586
352 589
352 618
352 844
352 853
353 414
353 520
353 654
353 777
353 832
353 853
354 458
354 592
354 683
354 889
355 431
355 464
355 587
355 679
355 888
355 927
356 409
356 507
356 525
356 544
356 596
356 604
356 700
357 746
357 798
357 865
357 929
357 958
358 425
358 486
358 499
358 897
358 912
359 484
359 552
359 697
360 361
360 425
360 466
360 499
360 579
360 706
360 906
361 579
361 906
361 951
362 1000
362 363
362 446
362 629
362 658
362 717
362 774
362 984
363 408
363 446
363 629
363 648
363 703
363 717
363 984
364 440
364 480
364 628
364 763
364 789
364 964
365 510
365 957
366 442
366 464
366 502
366 587
366 611
366 657
366 695
366 927
366 982
367 384
367 488
367 631
367 646
368 500
368 526
368 585
368 622
368 634
368 904
368 916
369 429
369 472
369 608
369 650
370 406
370 476
370 569
370 575
370 580
370 809
370 856
370 973
371 433
371 478
371 522
371 725
371 956
372 383
372 642
372 775
372 885
373 474
373 630
373 678
373 750
373 862
373 948
373 990
374 510
374 600
374 621
374 937
374 957
375 407
375 451
375 470
375 668
375 731
376 393
376 590
376 616
376 650
376 830
376 859
376 981
377 404
377 451
377 555
377 718
377 728
378 555
378 638
378 673
378 715
378 749
378 847
378 861
378 921
378 934
379 436
379 553
379 560
380 474
380 674
380 750
380 862
380 911
381 434
381 540
381 609
381 638
381 687
381 764
382 473
382 516
382 727
382 896
382 898
382 932
383 504
383 642
383 775
384 488
384 568
384 631
384 646
384 879
384 987
385 556
385 632
385 670
385 702
385 708
385 807
385 848
385 913
385 950
385 992
386 581
386 645
386 792
386 822
386 849
386 874
386 989
387 496
387 533
387 694
387 779
387 908
387 986
388 487
388 546
388 660
388 825
388 843
388 942
389 568
389 597
389 646
389 653
389 667
389 771
389 793
389 970
390 1000
390 658
390 717
390 968
391 456
391 469
391 583
391 661
391 677
391 737
391 941
391 965
392 464
392 502
392 707
392 756
392 806
392 888
393 480
393 590
393 616
393 964
393 981
394 400
394 492
394 494
394 577
394 758
394 768
394 812
394 843
394 936
394 981
395 440
395 569
395 788
395 797
395 812
395 856
395 971
396 546
396 836
396 878
396 969
397 448
397 514
397 527
397 543
397 814
397 833
397 987
398 529
398 534
398 659
398 840
398 872
399 419
399 667
399 887
399 966
400 494
400 558
400 577
400 768
400 812
401 666
401 707
401 712
401 756
401 785
402 455
402 491
402 528
402 541
402 656
403 456
403 756
403 785
403 796
403 965
403 976
404 407
404 451
404 536
404 665
404 738
404 800
406 476
406 517
406 537
406 569
406 575
406 778
406 809
406 856
407 451
407 738
408 446
408 564
408 603
408 636
408 703
408 928
409 507
409 525
409 557
409 604
410 439
410 696
410 773
410 817
410 915
411 482
411 495
411 688
411 880
411 910
411 988
411 990
412 433
412 516
412 664
412 943
413 420
413 496
413 553
413 560
413 683
413 933
413 986
414 740
414 832
414 853
415 484
415 696
415 834
416 583
417 674
417 983
417 988
418 662
418 798
418 826
418 865
419 637
419 771
419 966
420 496
420 553
420 933
420 986
421 617
421 814
421 884
421 923
421 991
422 626
422 663
422 691
422 736
422 769
422 776
422 799
422 883
423 444
423 538
423 642
423 676
423 890
423 905
423 978
424 533
424 581
424 607
424 645
424 821
424 874
424 989
425 466
425 499
425 706
425 897
425 906
426 511
426 570
426 593
426 606
426 651
426 677
426 737
426 930
427 559
427 620
427 753
427 960
428 595
428 602
428 634
428 760
429 445
429 452
429 522
429 905
430 641
430 664
430 725
430 877
430 956
431 562
431 587
431 695
431 888
431 927
432 443
432 508
432 524
432 763
432 789
432 870
433 522
433 722
433 795
433 943
433 956
434 540
434 541
434 687
434 939
434 994
435 452
435 522
435 538
435 627
435 676
435 790
435 905
435 963
435 978
436 489
436 770
436 953
437 477
437 578
437 627
437 775
437 963
438 512
438 613
438 742
438 899
439 633
439 861
439 915
440 628
440 763
440 789
440 797
440 812
440 971
441 443
441 530
441 898
442 464
442 587
442 611
442 657
442 695
442 982
443 530
443 763
443 789
443 898
444 460
444 627
444 642
444 775
444 890
444 925
444 978
445 452
445 522
445 650
445 685
445 722
445 795
445 940
446 1000
446 486
446 499
446 564
446 629
446 658
446 703
446 717
446 912
447 509
447 515
447 804
447 885
447 967
448 462
448 465
448 514
448 527
448 571
448 743
448 814
449 619
449 864
450 592
450 841
450 933
450 986
451 471
451 668
452 522
452 676
452 790
452 905
453 531
453 644
453 873
453 961
453 996
454 481
454 652
454 714
454 824
454 953
455 457
455 491
455 528
455 604
455 895
455 911
456 469
456 583
456 661
456 756
456 796
456 965
456 999
457 643
457 729
457 882
457 895
458 592
458 735
458 839
458 889
458 960
458 986
459 461
459 594
459 799
459 815
459 896
459 932
460 472
460 563
460 676
460 867
460 890
460 903
460 918
460 925
460 978
461 594
461 799
461 815
461 896
461 932
462 465
462 514
462 519
462 527
462 597
462 618
462 938
462 987
463 508
463 524
463 547
463 662
463 672
463 693
463 721
463 971
464 502
464 587
464 657
464 806
464 888
464 927
465 514
465 521
465 618
465 743
465 828
465 938
466 827
466 906
466 951
467 828
467 887
467 938
468 554
468 644
468 690
468 871
468 907
469 583
469 661
470 657
470 751
470 995
471 609
471 668
471 686
471 764
471 805
472 563
472 608
472 676
472 903
473 722
473 795
473 940
473 943
474 566
474 604
474 678
474 750
474 862
474 911
474 948
475 585
475 772
475 916
476 537
476 778
476 809
476 856
477 578
477 762
477 775
478 522
478 625
478 725
478 790
478 945
479 551
479 601
479 621
479 623
479 947
479 957
480 616
480 628
480 758
480 768
480 936
480 964
480 981
481 588
481 680
481 824
481 955
482 495
482 682
482 688
482 823
482 910
482 985
483 670
483 689
483 765
483 786
483 913
484 552
484 697
485 521
485 567
485 589
485 624
485 831
485 844
485 853
486 1000
486 499
486 717
486 912
487 546
487 660
487 751
487 835
487 836
487 942
487 995
488 568
488 646
488 710
488 755
488 879
489 770
490 626
490 769
490 811
490 863
490 868
491 528
491 541
491 557
491 604
491 700
491 881
492 493
492 723
492 758
492 843
492 859
492 981
493 577
493 723
493 825
493 843
493 859
493 878
494 558
494 577
494 812
494 935
495 688
495 937
495 985
496 748
496 779
496 892
496 908
496 986
497 700
497 744
497 857
497 881
498 505
498 563
499 1000
499 658
499 784
500 622
501 529
501 536
501 738
502 707
502 733
502 806
502 850
502 927
503 518
503 539
503 619
503 635
503 711
503 864
504 548
504 692
504 734
504 775
504 851
504 974
505 563
505 813
505 903
506 665
507 518
507 525
507 566
507 596
507 711
508 524
508 662
508 693
508 721
508 789
508 797
508 826
508 971
509 515
509 724
509 885
510 600
510 957
511 893
511 930
512 698
512 801
512 886
512 899
512 931
513 783
513 848
513 909
513 979
514 631
514 938
514 987
515 852
515 885
515 967
516 705
516 727
516 943
517 537
517 558
517 569
517 856
518 566
518 619
518 623
518 635
518 711
519 521
519 527
519 571
519 586
519 589
519 618
519 743
519 923
520 584
520 654
520 777
521 567
521 586
521 618
521 743
521 831
521 844
522 722
522 790
522 905
523 578
523 732
523 747
523 780
523 802
523 837
523 920
524 763
524 815
524 870
524 971
525 544
525 557
525 591
525 596
525 700
525 704
525 881
525 962
525 975
526 585
526 614
526 634
526 846
526 904
526 966
527 571
527 617
527 814
527 923
527 987
527 991
528 541
528 557
528 700
528 881
528 939
529 536
530 763
530 789
531 644
531 690
531 961
532 598
532 690
532 871
533 581
533 694
533 701
533 821
533 908
533 980
534 659
534 840
534 872
534 972
535 548
535 681
535 692
535 734
535 851
535 867
535 890
535 918
536 738
537 558
537 778
538 627
538 642
538 676
538 905
538 978
539 711
539 893
539 962
540 609
540 611
540 668
540 686
540 982
540 994
541 656
541 700
541 881
541 900
541 939
542 565
542 637
542 639
542 653
542 726
542 970
543 783
543 814
543 833
543 979
544 596
544 700
544 962
544 975
545 576
545 585
545 772
546 660
546 825
546 836
546 878
547 626
547 672
547 693
547 746
547 883
547 952
548 681
548 692
548 734
548 851
549 640
549 682
549 876
549 880
549 910
550 735
550 741
550 753
550 839
550 889
550 922
550 998
551 566
551 601
551 621
551 623
551 630
551 678
551 947
551 948
552 819
552 909
553 560
553 933
554 612
554 681
554 871
554 907
555 561
555 673
555 718
555 728
555 749
555 934
556 766
556 807
556 950
556 992
557 604
557 881
559 573
559 689
559 735
559 753
559 765
559 810
559 924
559 960
560 579
560 683
560 714
561 673
561 718
561 728
561 749
562 695
562 704
562 744
562 857
562 860
562 875
563 582
563 813
563 903
564 603
564 636
564 703
564 810
564 855
564 912
564 924
564 928
565 637
565 726
565 842
565 970
566 623
566 635
566 678
566 948
567 586
567 589
568 646
568 653
568 970
569 575
569 788
569 856
570 593
570 606
571 586
571 743
571 814
571 923
572 633
572 643
572 854
572 882
572 926
572 954
573 605
573 702
573 765
573 810
573 913
574 576
574 622
574 772
574 904
574 916
575 809
576 585
576 684
576 772
576 904
577 825
577 843
577 935
577 942
578 732
578 747
578 754
578 762
578 920
579 683
579 706
579 906
580 788
580 826
580 856
580 865
580 973
581 645
581 701
581 792
581 821
581 874
581 989
582 756
582 959
582 965
582 976
583 756
583 965
584 817
584 884
584 991
585 904
585 916
586 589
586 743
586 923
587 695
587 927
588 716
589 654
589 832
589 853
589 923
590 616
590 685
590 964
591 677
591 704
591 816
591 860
591 893
591 930
591 944
591 975
592 791
592 839
592 841
592 889
592 933
592 986
593 606
593 761
593 919
594 691
594 705
594 727
594 781
594 799
594 914
594 932
595 760
595 887
596 711
596 962
597 667
597 793
597 938
597 987
598 612
598 692
598 871
599 736
599 739
599 776
599 822
599 866
600 629
600 648
600 774
600 937
601 623
601 630
601 635
601 864
601 947
601 948
602 614
602 634
603 640
603 688
603 703
603 810
603 880
603 928
604 911
605 702
605 913
605 949
605 950
605 992
606 647
606 651
606 677
607 645
607 705
607 781
607 821
607 849
607 874
607 914
608 903
609 686
609 687
609 764
609 994
610 675
610 713
610 726
610 759
610 842
611 657
611 982
612 681
612 871
613 728
613 742
613 787
613 800
613 899
614 634
614 846
614 966
615 639
615 669
615 755
615 759
615 791
615 998
616 758
616 964
616 981
617 773
617 834
617 884
617 991
618 743
618 828
618 844
618 938
619 623
619 635
619 864
620 706
620 897
620 906
620 924
620 960
621 630
621 671
621 937
621 947
621 957
622 904
622 916
623 635
623 948
624 760
624 831
624 844
625 725
625 754
625 877
625 920
625 945
626 769
626 776
626 799
626 815
626 863
626 883
626 952
627 642
627 775
627 963
627 978
628 763
628 768
628 812
628 936
629 648
629 703
629 774
629 937
629 984
630 671
630 678
630 947
630 948
631 938
631 987
632 670
632 757
632 783
632 833
632 848
632 979
633 715
633 854
633 882
633 915
634 966
635 711
635 864
635 948
636 810
636 855
636 912
636 928
637 653
637 771
637 970
638 687
638 749
638 764
638 805
638 921
639 669
639 755
639 759
640 682
640 688
640 880
640 928
641 664
641 725
641 748
641 779
641 838
641 956
642 775
642 978
643 656
643 882
643 926
643 954
644 690
644 873
644 959
644 996
645 821
645 849
645 874
646 653
646 793
647 829
647 875
648 703
648 823
648 937
648 984
649 827
649 951
649 997
650 685
652 714
652 824
652 892
653 771
653 793
653 970
654 832
654 853
654 923
655 692
655 891
655 974
656 954
657 995
658 1000
658 784
659 840
659 872
660 794
660 825
660 835
660 942
661 737
661 873
661 941
661 965
661 996
661 999
662 672
662 693
662 721
662 826
662 865
663 736
663 739
663 769
663 776
663 818
663 868
663 883
664 838
664 943
664 956
665 742
665 800
666 712
666 830
666 901
667 771
668 686
668 982
669 755
669 759
669 998
670 702
670 708
670 757
670 913
671 947
671 957
672 693
672 721
672 952
673 715
673 749
673 847
673 921
673 934
674 750
674 862
674 880
674 983
674 988
674 990
675 713
675 792
676 905
676 978
677 737
677 930
678 862
678 948
678 990
679 829
679 875
680 714
680 747
680 782
680 824
680 837
680 955
681 692
681 734
681 907
681 918
682 688
682 823
682 880
682 910
683 706
683 960
684 709
684 946
685 722
685 940
686 894
686 982
686 994
687 764
687 954
687 994
688 703
688 823
688 880
688 937
688 985
688 990
689 741
689 753
689 765
689 786
690 871
691 736
691 776
691 781
691 799
692 891
692 974
693 746
693 826
693 865
694 701
694 908
695 699
695 744
695 888
695 894
695 927
695 982
696 773
696 817
696 834
697 729
697 845
698 787
698 801
698 820
698 899
698 934
699 744
699 888
699 894
699 900
699 927
699 939
700 881
702 913
702 949
702 950
702 992
703 937
704 816
704 857
704 860
704 881
704 975
705 727
705 781
705 914
706 897
706 906
706 924
706 960
707 712
707 733
707 756
707 785
708 807
708 913
709 752
709 818
709 846
709 902
709 946
710 741
710 755
710 879
711 962
712 719
712 733
712 830
712 850
713 767
713 792
713 842
713 866
714 782
714 824
714 892
715 847
715 854
715 861
715 921
717 1000
717 984
718 728
718 749
718 805
719 830
719 843
719 850
719 859
719 878
719 969
720 804
720 852
720 858
721 870
722 795
722 940
723 758
723 859
724 917
725 790
725 877
725 945
725 956
726 759
726 842
726 970
727 932
728 787
729 845
729 882
729 915
730 784
730 827
730 968
730 997
731 751
731 835
731 942
731 993
732 754
732 920
733 850
734 851
734 867
734 890
734 918
734 925
735 753
735 839
735 889
735 922
735 960
736 739
736 776
736 822
737 873
739 776
739 818
739 866
739 883
739 902
740 803
740 977
741 753
741 786
741 922
742 800
742 899
744 857
744 881
744 888
744 939
745 931
745 977
746 863
746 929
747 782
747 802
747 837
747 920
748 779
748 808
748 892
748 908
749 805
749 921
750 862
750 911
750 983
750 990
751 835
751 995
752 771
752 846
753 922
753 960
754 920
756 785
756 965
756 976
757 833
758 768
758 859
758 936
758 981
760 828
760 844
760 887
761 919
761 961
762 804
762 858
762 967
763 789
763 812
763 936
763 971
764 805
765 913
766 876
766 949
766 950
766 992
767 792
767 822
767 866
767 946
768 812
768 936
769 868
769 883
770 953
771 970
772 916
773 817
773 834
773 991
774 984
776 799
776 815
776 883
777 803
777 820
777 853
778 809
779 808
779 838
779 908
779 980
780 802
780 804
780 858
781 849
781 914
782 824
782 837
782 892
782 955
783 833
783 848
783 979
787 899
788 856
789 797
789 971
790 945
790 963
791 839
791 841
791 998
792 822
792 989
794 835
794 869
794 935
794 942
794 972
795 940
795 943
795 956
796 959
796 965
796 976
796 999
797 971
798 865
798 973
799 815
801 886
801 899
802 804
803 820
803 977
804 858
804 967
807 848
807 909
807 913
807 992
808 892
808 908
808 955
808 980
810 855
810 924
810 928
811 863
811 929
812 856
812 936
812 971
813 903
814 923
816 860
816 975
818 868
818 883
818 902
819 909
820 977
821 980
823 937
823 985
824 892
824 955
825 843
825 878
825 942
826 865
827 951
827 997
828 844
828 938
829 875
830 859
830 901
832 853
833 979
834 845
835 935
835 942
835 972
835 993
836 850
836 969
836 995
837 920
837 955
838 943
838 956
839 889
839 998
843 859
843 878
845 882
845 915
845 926
846 966
847 861
847 934
848 909
849 874
849 914
850 969
851 890
852 858
852 967
854 921
855 912
855 924
857 881
858 967
859 981
860 875
860 930
861 934
862 990
863 929
863 952
866 902
866 946
867 890
867 918
867 925
868 883
869 935
869 972
872 935
872 972
872 993
873 941
873 959
873 996
874 914
874 989
875 930
876 949
877 920
877 945
878 969
880 910
880 988
880 990
881 939
882 915
882 926
884 923
884 991
885 967
886 931
888 927
889 922
889 998
890 925
892 908
892 955
893 944
893 962
893 975
894 900
894 982
895 911
896 898
896 932
897 906
897 924
900 939
902 946
907 918
908 980
910 988
913 992
918 925
919 961
920 945
923 991
924 960
929 958
930 944
933 986
935 942
935 972
935 993
936 981
937 985
938 987
941 959
941 965
941 999
942 993
943 956
945 963
947 957
949 950
950 992
959 965
959 976
959 999
961 996
962 975
965 976
965 999
972 993
983 988
983 990
988 990
