0 1
1 2
3 2
7 2
11 2
30 2
31 1
34 2
36 1
37 2
39 2
40 2
41 2
47 2
48 2
49 2
51 2
54 1
55 1
56 1
60 2
65 2
67 2
68 2
70 2
74 1
75 2
76 1
78 1
81 2
82 2
85 2
86 2
87 2
90 2
95 2
96 2
99 2
101 2
102 2
103 2
104 2
107 2
109 2
110 1
114 2
115 2
116 2
117 2
118 1
120 2
121 2
124 2
127 2
128 2
131 2
133 2
136 1
138 2
140 2
141 2
145 2
148 2
149 2
150 2
152 2
154 2
155 2
158 2
168 1
169 2
170 2
171 1
172 1
175 2
180 2
181 2
183 2
185 2
187 2
188 2
191 2
192 1
193 2
195 2
201 2
203 2
204 2
206 2
207 2
209 2
211 2
217 2
218 2
219 2
221 2
224 2
227 1
229 2
230 2
234 2
236 2
239 2
240 2
241 1
244 1
246 2
247 2
248 1
249 1
253 2
254 2
255 2
256 2
259 2
261 2
266 2
267 2
268 2
270 1
272 2
273 1
282 2
283 2
284 2
285 1
286 2
288 1
292 2
295 2
299 2
300 2
305 2
306 2
309 2
310 2
311 2
315 1
318 2
319 2
322 1
324 2
326 2
329 2
331 2
332 2
335 2
336 2
339 1
343 2
345 2
346 2
347 2
350 2
354 2
356 2
357 1
359 2
360 2
361 2
362 2
365 2
367 2
369 2
370 1
374 2
377 2
379 2
380 2
387 2
389 2
395 2
396 2
397 2
398 2
399 2
401 2
404 2
405 2
406 2
408 2
409 2
410 2
411 1
412 2
413 1
414 2
415 2
418 2
419 2
424 2
425 2
426 2
427 2
430 2
431 2
432 2
436 2
437 2
439 2
441 2
443 1
446 2
447 2
451 2
455 2
457 1
458 1
459 2
460 2
461 2
465 2
467 2
469 2
471 2
475 2
476 1
478 2
480 2
487 2
489 2
491 2
495 1
496 2
503 2
504 2
505 2
506 2
511 2
513 2
514 2
515 2
516 2
517 2
520 2
525 2
528 1
534 1
537 2
538 2
541 2
542 2
544 2
545 2
546 2
548 2
553 2
554 2
555 2
556 1
557 2
559 2
560 2
561 2
562 2
563 2
566 2
569 2
570 2
571 1
572 1
573 2
574 2
575 2
576 2
578 2
579 1
581 2
585 1
586 2
588 2
589 2
593 2
595 2
596 2
598 2
600 2
602 2
604 2
607 1
608 2
609 2
611 2
613 2
615 2
618 2
619 2
621 2
622 2
623 1
625 2
628 2
630 1
639 2
641 2
642 2
643 2
644 2
645 1
648 2
653 2
654 2
655 2
657 2
659 2
661 2
662 2
667 1
669 2
670 2
672 2
677 2
678 2
682 1
683 2
686 2
691 1
692 2
693 1
694 2
695 2
698 2
699 2
701 1
702 2
703 2
704 2
712 1
713 2
715 2
717 2
718 1
721 1
722 1
723 1
727 1
728 2
730 2
732 2
733 2
735 2
736 2
738 2
740 2
742 2
743 2
746 2
748 2
749 2
750 2
751 1
754 2
757 2
762 1
765 1
773 2
775 2
776 2
779 2
785 2
787 2
790 2
792 2
793 2
798 1
799 2
800 2
801 2
802 2
804 2
809 2
811 1
812 2
814 2
815 2
817 1
818 2
821 2
822 2
823 2
826 2
827 2
828 2
829 2
831 2
835 2
836 1
837 2
838 2
839 2
841 2
849 1
850 2
851 2
853 2
856 2
858 2
859 1
860 2
861 2
864 2
865 2
866 2
868 2
873 2
876 2
879 2
885 2
886 2
891 2
893 2
903 2
904 2
906 1
908 2
910 2
911 2
912 2
913 2
914 1
916 2
917 2
918 2
919 2
923 2
924 1
929 2
930 2
934 2
937 2
943 2
944 2
945 2
949 2
950 2
951 2
955 2
956 2
957 2
959 2
960 2
961 2
965 2
966 1
967 2
970 2
974 1
975 1
977 2
979 2
980 1
981 1
987 2
989 2
994 1
995 2
997 2
998 2
999 2
1004 2
1012 2
1013 1
1014 1
1016 2
1022 2
1023 2
1024 2
1025 2
1026 2
1027 2
1028 2
1030 2
1031 1
1033 1
1037 1
1040 1
1041 2
1046 2
1048 1
1049 2
1052 2
1057 2
1058 2
1061 2
1065 2
1068 2
1073 2
1074 2
1076 1
1077 2
1080 2
1083 2
1084 2
1085 2
1090 2
1092 2
1097 2
1098 1
1099 2
1103 2
1106 2
1107 2
1108 2
1109 1
1110 1
1112 2
1114 2
1116 2
1118 1
1120 2
1122 2
1123 2
1126 2
1130 2
1131 2
1133 2
1135 2
1137 2
1138 2
1140 2
1142 2
1143 1
1146 2
1147 1
1148 2
1152 2
1156 1
1157 2
1158 2
1162 2
1163 2
1164 2
1166 2
1172 2
1176 2
1178 2
1187 2
1190 2
1192 1
1194 1
1195 1
1196 2
1197 2
1198 2
1199 2
1200 2
1201 1
