0 136
0 152
0 191
0 22
0 229
0 431
0 546
0 692
0 973
1 309
1 511
1 514
1 661
1 686
1 699
1 771
1 772
2 101
2 1064
2 1104
2 1194
2 170
2 270
2 466
2 525
2 538
2 690
2 712
2 885
2 900
2 990
3 1002
3 1061
3 157
3 357
3 371
3 39
3 467
3 919
4 151
4 22
4 229
4 326
4 402
4 486
4 61
4 65
4 669
4 701
4 986
5 161
5 444
5 45
5 652
5 774
5 796
5 93
6 1030
6 108
6 164
6 367
6 466
6 489
6 588
6 882
6 98
6 990
7 1148
7 146
7 155
7 362
7 436
7 689
7 929
7 968
8 1017
8 1182
8 126
8 608
8 628
8 695
8 696
8 783
8 841
8 897
8 913
8 984
9 1010
9 1051
9 1057
9 292
9 334
9 405
9 617
9 731
9 742
10 1075
10 310
10 327
10 46
10 491
10 521
10 599
10 663
10 880
11 1098
11 177
11 329
11 374
11 617
11 727
11 763
11 876
11 967
11 988
12 1144
12 119
12 145
12 193
12 26
12 377
12 554
12 685
12 769
12 936
13 100
13 159
13 385
13 477
13 601
13 77
13 948
14 1074
14 134
14 182
14 280
14 488
14 586
14 744
14 975
14 993
15 108
15 1106
15 1150
15 1172
15 1179
15 1203
15 274
15 705
15 87
15 882
15 904
16 1021
16 235
16 347
16 527
16 56
16 565
16 642
16 656
16 752
16 770
16 860
16 906
16 91
16 970
16 99
17 1127
17 147
17 375
17 791
17 807
17 902
17 983
17 985
18 1113
18 1169
18 494
18 634
18 739
18 805
19 1082
19 117
19 225
19 306
19 503
19 613
19 786
19 842
19 984
20 1102
20 163
20 180
20 181
20 460
20 660
20 688
20 872
20 901
20 937
20 980
21 1175
21 139
21 281
21 29
21 325
21 720
21 761
21 883
21 962
21 982
22 229
22 368
22 402
22 431
22 61
22 610
22 692
22 973
23 1101
23 111
23 243
23 265
23 291
23 407
23 526
23 633
23 706
23 734
23 816
23 869
24 1069
24 1086
24 1184
24 1187
24 132
24 165
24 176
24 238
24 38
24 442
24 462
24 747
24 89
24 94
25 1152
25 1178
25 207
25 312
25 32
25 399
25 755
25 782
25 848
26 119
26 193
26 377
26 450
26 554
26 731
26 748
26 936
27 1027
27 235
27 299
27 308
27 423
27 472
27 523
27 545
27 625
27 970
28 1029
28 1160
28 135
28 212
28 295
28 475
28 702
28 865
28 916
29 153
29 156
29 281
29 340
29 532
29 627
29 724
29 962
29 982
30 1080
30 1126
30 114
30 1164
30 301
30 43
30 548
30 589
30 97
31 101
31 1025
31 154
31 34
31 393
31 644
31 704
31 930
32 1026
32 115
32 1178
32 187
32 260
32 312
32 345
32 399
32 497
32 884
33 1077
33 1108
33 119
33 439
33 695
33 777
33 783
33 792
33 862
33 897
33 939
33 969
34 1025
34 305
34 320
34 350
34 432
34 564
34 62
34 621
34 704
35 1171
35 233
35 251
35 373
35 42
35 468
35 533
35 616
35 784
35 847
36 1162
36 1195
36 124
36 150
36 318
36 343
36 455
36 88
36 920
37 1024
37 188
37 361
37 512
37 613
37 72
37 786
37 879
38 1068
38 1094
38 1184
38 1187
38 376
38 558
38 747
38 756
38 823
39 1002
39 1061
39 157
39 217
39 254
39 441
39 467
39 679
39 832
40 1028
40 1097
40 1100
40 289
40 293
40 515
40 682
40 835
41 1132
41 1138
41 1197
41 195
41 347
41 417
41 527
41 622
41 923
42 1171
42 201
42 233
42 251
42 448
42 468
42 753
42 844
42 932
43 1047
43 1089
43 1096
43 1126
43 1130
43 179
43 240
43 301
43 589
43 648
43 808
43 97
44 1005
44 1080
44 114
44 356
44 456
44 502
44 576
44 612
44 624
44 797
44 97
45 1191
45 161
45 444
45 796
45 93
45 992
46 1011
46 178
46 327
46 499
46 521
46 663
46 880
47 1064
47 1130
47 170
47 471
47 525
47 569
47 648
47 795
47 808
47 951
48 229
48 326
48 402
48 412
48 431
48 470
48 480
48 516
49 1020
49 1032
49 1058
49 1083
49 141
49 218
49 71
49 781
49 838
49 934
50 1004
50 1051
50 1107
50 137
50 140
50 321
50 360
50 420
50 573
50 629
50 655
50 714
50 731
50 829
50 927
50 936
51 1112
51 192
51 213
51 247
51 252
51 364
51 469
51 508
51 553
51 723
51 822
52 313
52 407
52 485
52 526
52 594
52 636
53 102
53 1090
53 1142
53 1188
53 198
53 212
53 266
53 710
53 745
53 83
53 932
54 184
54 303
54 352
54 424
54 55
54 570
54 581
54 596
54 67
55 184
55 300
55 357
55 363
55 570
55 67
55 740
55 919
56 347
56 642
56 860
56 906
56 99
57 1189
57 241
57 341
57 502
57 643
57 716
57 804
57 811
57 917
58 1040
58 1092
58 121
58 190
58 199
58 550
58 674
58 698
58 79
58 800
58 859
58 903
58 940
59 1021
59 1174
59 230
59 308
59 732
59 768
59 91
59 977
60 206
60 461
60 514
60 662
60 699
60 715
60 92
60 971
61 191
61 229
61 529
61 546
61 669
61 845
61 986
62 106
62 304
62 305
62 320
62 564
62 621
62 920
63 1029
63 105
63 1135
63 1160
63 1182
63 475
63 785
63 789
63 891
64 1060
64 1121
64 1185
64 501
64 759
64 767
65 1028
65 151
65 396
65 486
65 669
65 70
65 701
65 910
65 981
65 986
66 1035
66 1199
66 133
66 137
66 302
66 358
66 425
66 445
66 452
66 555
66 559
66 629
66 815
66 861
67 110
67 184
67 352
67 641
67 649
67 740
68 1013
68 1037
68 175
68 208
68 232
68 236
68 395
68 492
68 504
68 709
69 1189
69 147
69 263
69 421
69 638
69 643
69 811
69 942
69 983
70 1028
70 293
70 396
70 486
70 515
70 575
70 910
70 986
71 1032
71 1034
71 1052
71 1081
71 1083
71 1125
71 210
71 350
71 838
71 965
72 138
72 312
72 361
72 454
72 512
72 583
72 687
72 782
72 786
72 879
73 1011
73 1075
73 178
73 245
73 286
73 327
73 427
73 436
73 519
73 640
73 871
73 880
73 968
73 976
74 1076
74 351
74 411
74 415
74 682
74 814
74 835
74 911
75 200
75 354
75 423
75 567
75 672
75 675
75 827
75 850
76 1014
76 1059
76 1201
76 443
76 484
76 487
76 510
76 560
76 639
76 746
77 385
77 601
77 899
77 948
78 1073
78 1194
78 183
78 279
78 446
78 538
78 579
78 690
79 1055
79 1116
79 121
79 149
79 606
79 674
79 90
79 940
80 162
80 168
80 174
80 219
80 259
80 314
80 646
80 708
80 787
80 849
80 875
81 106
81 116
81 203
81 305
81 318
81 386
81 413
81 788
81 920
82 1029
82 103
82 379
82 602
82 607
82 702
82 891
82 918
82 954
83 102
83 1041
83 1188
83 163
83 181
83 212
83 272
83 666
83 872
83 937
84 119
84 232
84 554
84 685
84 862
85 1103
85 244
85 365
85 473
85 542
85 725
85 994
86 1007
86 1117
86 1193
86 1196
86 1198
86 120
86 253
86 696
86 826
86 828
86 868
87 1106
87 1131
87 274
87 588
87 714
87 882
87 904
87 943
88 1162
88 1168
88 1195
88 124
88 150
88 278
88 337
88 343
88 455
88 631
88 671
88 920
89 1086
89 1184
89 165
89 215
89 462
89 830
89 938
89 94
90 1109
90 1116
90 121
90 149
90 186
90 571
90 606
90 743
90 800
90 940
91 1021
91 1174
91 185
91 282
91 287
91 463
91 656
91 730
91 977
91 99
92 1165
92 157
92 206
92 467
92 715
92 810
92 832
92 907
92 971
93 1093
93 1191
93 143
93 499
93 521
93 774
93 796
94 1008
94 1069
94 1153
94 165
94 215
94 435
94 462
94 647
94 778
94 892
95 1065
95 1070
95 1136
95 307
95 537
95 623
95 719
95 989
96 234
96 284
96 355
96 369
96 457
96 505
96 530
96 726
96 802
96 959
96 960
97 1080
97 114
97 179
97 301
97 548
97 589
97 612
97 624
97 659
98 1022
98 1030
98 1085
98 1144
98 164
98 408
98 466
98 489
98 769
99 1021
99 1143
99 642
99 656
99 730
99 860
99 977
100 112
100 1134
100 1181
100 1192
100 159
100 385
100 392
100 477
100 524
100 591
100 593
100 601
100 948
101 1104
101 154
101 170
101 393
101 569
101 644
101 712
101 798
101 900
102 1090
102 1102
102 1142
102 1188
102 181
102 212
102 272
102 937
103 1099
103 113
103 246
103 348
103 490
103 522
103 607
103 657
103 702
103 801
103 954
104 192
104 247
104 264
104 364
104 574
104 578
104 598
104 979
105 1135
105 1160
105 666
105 789
105 857
106 1183
106 203
106 305
106 311
106 386
106 432
106 564
106 582
106 610
106 665
106 920
106 995
107 115
107 1152
107 138
107 312
107 399
107 776
107 782
108 1106
108 1172
108 158
108 349
108 367
108 588
108 705
108 882
108 990
109 1149
109 284
109 337
109 409
109 757
109 779
109 806
109 997
110 1023
110 1137
110 329
110 335
110 374
110 641
110 649
110 740
110 988
111 1089
111 183
111 243
111 279
111 407
111 579
111 604
111 633
111 706
111 799
111 816
111 898
112 1018
112 1181
112 190
112 285
112 584
112 591
112 592
112 593
112 601
112 694
112 711
113 197
113 315
113 328
113 332
113 348
113 410
113 543
113 607
113 657
113 909
113 918
113 922
113 954
114 1080
114 456
114 548
114 576
114 624
115 138
115 312
115 345
115 399
115 884
115 914
116 141
116 150
116 304
116 305
116 621
116 671
116 920
117 1082
117 1108
117 188
117 306
117 503
117 608
117 628
117 790
117 842
117 944
117 984
118 1000
118 1202
118 559
118 833
118 904
118 943
118 964
119 1077
119 450
119 554
119 777
119 862
120 1007
120 1140
120 1198
120 253
120 400
120 405
120 439
120 667
120 939
121 1040
121 149
121 674
121 800
121 859
121 940
122 1163
122 127
122 331
122 509
122 557
122 637
122 729
122 749
122 926
122 972
123 205
123 269
123 296
123 342
123 388
123 472
123 545
123 640
123 733
124 1058
124 1162
124 1168
124 150
124 520
125 1012
125 1147
125 380
125 434
125 558
125 605
125 606
125 678
125 743
125 940
126 1082
126 1182
126 220
126 324
126 608
126 785
126 789
126 790
126 841
126 857
126 984
127 331
127 441
127 557
127 615
127 749
127 972
128 1033
128 1053
128 1074
128 390
128 744
128 839
128 945
128 975
129 1005
129 453
129 539
129 624
129 791
129 807
129 902
130 1174
130 369
130 382
130 463
130 481
130 726
130 728
130 802
130 997
131 1123
131 317
131 396
131 486
131 544
131 575
131 824
131 873
131 910
132 1069
132 1180
132 176
132 227
132 238
132 271
132 418
132 442
132 462
132 747
133 137
133 140
133 360
133 555
133 559
133 629
133 943
133 961
134 1006
134 1074
134 1128
134 182
134 277
134 280
134 856
134 935
134 946
134 975
135 196
135 490
135 702
135 801
135 865
135 954
136 1091
136 152
136 191
136 211
136 336
136 505
136 703
136 762
136 766
136 973
137 140
137 360
137 445
137 559
137 629
137 714
137 943
138 261
138 312
138 361
138 583
138 776
138 782
138 879
138 914
139 325
139 403
139 761
139 883
139 887
139 933
139 982
140 1131
140 360
140 714
140 829
140 943
141 1020
141 1058
141 1083
141 1125
141 150
141 621
141 671
142 1012
142 1038
142 231
142 250
142 316
142 428
142 577
142 711
142 843
142 895
143 166
143 290
143 333
143 521
143 535
144 267
144 458
144 541
144 552
144 729
144 888
144 926
145 1144
145 365
145 377
145 408
145 465
145 769
145 998
146 1015
146 1148
146 523
146 689
146 968
146 976
147 1036
147 1127
147 1189
147 421
147 603
147 983
147 985
148 1003
148 1009
148 1078
148 172
148 630
148 809
148 851
148 888
148 908
148 974
149 1040
149 1055
149 1116
149 424
149 596
149 674
150 1058
150 318
150 671
150 920
151 326
151 341
151 396
151 402
151 486
151 701
151 797
151 957
151 981
152 1091
152 1183
152 211
152 692
152 751
152 973
153 221
153 281
153 344
153 518
153 567
153 627
153 672
153 675
153 707
153 724
153 805
153 850
153 889
154 1062
154 1104
154 393
154 471
154 569
154 930
155 1148
155 245
155 427
155 436
155 640
155 691
155 733
155 976
156 1169
156 340
156 532
156 627
156 651
156 870
157 1002
157 371
157 467
157 810
157 832
158 1045
158 1106
158 1172
158 248
158 349
158 367
158 588
158 705
158 990
159 1119
159 1134
159 1151
159 1161
159 323
159 385
159 392
159 477
159 524
159 820
160 1033
160 1129
160 390
160 459
160 512
160 583
160 618
160 736
160 744
160 780
160 993
161 1191
161 214
161 269
161 444
161 650
161 652
161 796
161 855
161 874
161 992
162 202
162 219
162 268
162 314
162 507
162 528
162 708
163 1041
163 460
163 660
163 666
163 857
163 872
163 937
164 1085
164 1131
164 420
164 465
164 489
164 573
164 714
164 750
164 769
164 829
164 882
165 1038
165 1115
165 1153
165 1184
165 215
165 250
165 830
165 938
166 1128
166 333
166 500
166 521
166 535
166 599
166 663
166 978
167 1042
167 1102
167 1142
167 1188
167 251
167 448
167 710
168 1084
168 259
168 389
168 623
168 787
168 837
168 849
168 875
169 1019
169 1157
169 246
169 254
169 298
169 657
169 821
170 1064
170 1104
170 270
170 525
170 569
171 1015
171 1118
171 1148
171 609
171 653
171 691
172 1003
172 630
172 703
172 762
172 908
173 1054
173 226
173 539
173 594
173 624
173 636
173 681
173 991
174 1071
174 314
174 389
174 417
174 540
174 646
174 837
175 1037
175 232
175 236
175 244
175 377
175 473
175 554
175 685
175 709
175 998
176 1050
176 1069
176 228
176 263
176 271
176 442
176 638
176 892
176 942
177 199
177 329
177 487
177 510
177 550
177 560
177 763
177 876
177 967
177 988
178 1011
178 1093
178 214
178 327
178 499
178 663
178 796
178 871
178 880
179 330
179 516
179 589
179 612
179 648
179 659
179 795
179 808
179 951
180 1053
180 1074
180 488
180 568
180 660
180 839
180 980
181 1102
181 1142
181 1188
181 688
181 872
181 937
181 980
182 297
182 310
182 430
182 586
182 856
182 946
182 993
183 1045
183 1073
183 243
183 279
183 579
183 633
184 303
184 352
184 363
184 649
184 740
185 1120
185 1174
185 282
185 419
185 463
185 728
185 730
185 732
185 757
185 977
186 1055
186 1094
186 1109
186 1116
186 262
186 401
186 558
186 571
186 606
186 661
186 686
186 771
187 1026
187 1178
187 399
187 497
187 611
187 929
187 968
188 1024
188 1110
188 306
188 503
188 613
188 786
189 1042
189 1102
189 1188
189 501
189 684
189 688
189 840
189 872
189 896
190 380
190 506
190 584
190 592
190 605
190 694
190 698
190 765
190 800
190 859
190 940
191 1028
191 229
191 336
191 529
191 546
191 741
191 775
191 845
191 973
192 1112
192 247
192 364
192 508
192 598
192 864
193 1048
193 1107
193 377
193 465
193 495
193 731
193 748
193 769
193 936
194 1088
194 1111
194 551
194 587
194 664
194 847
194 925
195 1132
195 1138
195 1197
195 221
195 404
195 527
195 600
195 707
196 1043
196 490
196 562
196 563
196 801
196 865
196 916
197 1002
197 1019
197 1061
197 254
197 332
197 348
197 394
197 657
197 922
197 924
198 1188
198 233
198 251
198 448
198 684
198 710
198 867
199 1092
199 329
199 352
199 550
199 581
199 674
199 876
199 903
199 988
200 223
200 353
200 354
200 388
200 494
200 567
200 675
200 928
201 266
201 448
201 745
201 754
201 844
201 866
201 932
201 987
202 1043
202 1166
202 257
202 268
202 438
202 507
202 517
202 563
202 708
202 745
202 858
203 1183
203 305
203 311
203 386
203 413
203 432
203 751
203 995
204 1026
204 1129
204 260
204 345
204 430
204 736
204 825
204 884
204 886
204 914
204 993
205 269
205 388
205 472
205 680
205 928
206 461
206 467
206 810
206 919
206 971
207 1063
207 1152
207 1178
207 520
207 738
207 755
207 848
207 934
208 1013
208 1110
208 232
208 255
208 395
208 492
208 504
208 793
208 862
208 941
208 969
209 1156
209 1176
209 258
209 370
209 376
209 693
209 721
209 956
210 1032
210 1034
210 218
210 454
210 492
210 597
210 687
210 713
210 831
210 838
211 1091
211 386
211 413
211 505
211 751
211 766
211 959
212 1043
212 1090
212 272
212 295
212 666
212 670
212 916
213 1031
213 252
213 287
213 469
213 479
213 508
213 553
213 565
213 656
214 1011
214 1191
214 269
214 652
214 796
214 855
214 871
215 1008
215 1115
215 1153
215 435
215 938
216 1017
216 1029
216 1182
216 1193
216 328
216 379
216 543
216 602
216 654
216 828
217 1002
217 254
217 615
217 679
217 821
217 852
218 1032
218 454
218 713
218 776
218 831
218 838
218 879
218 934
219 259
219 314
219 476
219 507
219 528
219 534
219 849
219 853
220 1016
220 1082
220 319
220 378
220 391
220 496
220 780
220 790
220 857
221 344
221 404
221 600
221 672
221 707
221 850
222 353
222 388
222 634
222 650
222 680
222 874
222 963
222 992
223 1113
223 1177
223 340
223 494
223 567
223 627
223 651
223 675
223 739
223 805
223 928
224 1114
224 1146
224 668
224 802
224 851
224 950
224 953
225 1082
225 306
225 391
225 447
225 496
225 512
225 613
225 786
225 912
226 1054
226 301
226 372
226 456
226 548
226 594
226 624
226 681
226 991
227 1068
227 1176
227 1187
227 238
227 418
227 721
227 747
227 756
228 1123
228 263
228 397
228 442
228 544
228 638
228 643
228 716
228 760
228 824
229 326
229 402
229 431
229 546
229 669
230 1021
230 308
230 419
230 609
230 642
230 732
230 768
230 893
230 977
230 999
231 1038
231 1095
231 338
231 428
231 591
231 711
231 895
231 899
231 948
232 236
232 492
232 554
232 685
232 709
232 862
233 1171
233 251
233 784
233 844
233 867
233 932
234 422
234 505
234 530
234 668
234 762
234 802
234 950
235 1021
235 423
235 625
235 642
235 770
235 970
236 1077
236 504
236 554
237 1132
237 1145
237 275
237 281
237 600
237 707
237 803
238 1086
238 1187
238 462
238 747
239 1133
239 1163
239 267
239 556
239 557
239 632
239 729
239 888
239 974
240 1047
240 1089
240 1096
240 1126
240 1130
240 1164
240 446
240 799
240 813
241 1046
241 341
241 804
241 811
241 873
241 917
241 981
242 1179
242 274
242 580
242 758
242 881
242 921
243 1045
243 1101
243 579
243 633
243 700
243 816
244 1037
244 1103
244 365
244 473
244 773
244 998
245 1011
245 269
245 296
245 327
245 427
245 640
245 733
245 855
245 871
246 1099
246 298
246 522
246 657
246 722
247 364
247 398
247 723
247 979
248 1045
248 1073
248 349
248 367
248 538
248 572
248 705
248 990
249 1068
249 1109
249 1184
249 346
249 434
249 558
249 678
249 823
250 1012
250 1038
250 1184
250 316
250 434
250 711
250 830
250 843
250 938
251 1042
251 448
251 533
251 684
251 710
251 867
251 896
252 364
252 508
252 553
252 723
252 822
252 846
252 863
252 890
253 1007
253 1198
253 405
253 439
253 696
253 717
253 783
253 826
253 939
254 1002
254 1019
254 1061
254 332
254 394
254 657
254 821
254 924
255 1013
255 1024
255 1110
255 395
255 597
255 713
255 786
255 831
255 941
256 1018
256 443
256 484
256 506
256 592
256 593
256 746
257 268
257 490
257 507
257 522
257 563
257 818
258 1079
258 1156
258 1176
258 289
258 293
258 317
258 376
258 575
258 682
258 693
258 756
258 760
258 956
259 476
259 534
259 708
259 787
259 849
260 1129
260 345
260 497
260 825
260 884
261 361
261 447
261 459
261 512
261 583
261 618
261 914
262 1055
262 461
262 511
262 514
262 686
262 771
262 772
262 810
262 894
262 971
263 1036
263 1189
263 397
263 421
263 638
263 643
263 673
263 716
263 892
263 942
264 1105
264 1155
264 314
264 322
264 364
264 508
264 509
264 540
264 578
264 598
264 864
265 291
265 407
265 526
266 1090
266 1142
266 448
266 710
266 745
266 754
266 932
267 458
267 541
267 557
267 729
267 888
267 974
268 1166
268 476
268 507
268 517
268 528
268 563
268 708
268 818
268 858
269 296
269 388
269 640
269 650
269 652
269 680
269 855
269 871
269 874
269 963
270 1194
270 525
270 538
270 712
270 885
271 1050
271 1069
271 1180
271 442
271 638
271 942
272 1041
272 295
272 666
272 670
272 937
273 1154
273 507
273 517
273 528
273 817
273 818
273 853
274 1179
274 1202
274 714
274 881
274 882
274 904
274 921
274 943
274 964
275 1070
275 1088
275 1136
275 1145
275 1175
275 281
275 307
275 440
275 600
275 664
275 720
275 803
275 962
275 989
276 1036
276 1067
276 421
276 603
276 673
277 1006
277 1074
277 1167
277 280
277 568
277 905
277 935
278 1162
278 1168
278 1186
278 1195
278 337
278 478
278 676
278 738
279 1073
279 1089
279 1096
279 349
279 446
279 579
279 633
279 690
279 799
280 1001
280 1074
280 488
280 568
280 697
280 901
280 935
281 1132
281 1145
281 1175
281 1177
281 340
281 344
281 518
281 600
281 627
281 707
281 724
281 883
281 962
282 1120
282 1143
282 287
282 553
282 728
282 730
283 368
283 412
283 431
283 566
283 582
283 610
283 692
283 751
283 995
284 337
284 343
284 355
284 369
284 382
284 455
284 631
284 726
284 877
284 960
284 997
285 584
285 593
285 601
285 694
286 1075
286 327
286 427
286 436
286 491
286 519
286 880
286 886
286 929
287 1031
287 1143
287 553
287 656
287 730
287 863
287 890
288 1105
288 1155
288 322
288 534
288 578
288 595
288 853
289 1076
289 1079
289 1100
289 293
289 351
289 515
289 549
289 682
289 835
289 911
289 956
290 1139
290 333
290 383
290 500
290 535
290 834
291 526
291 734
291 869
292 1010
292 1048
292 1057
292 1140
292 405
292 718
292 731
292 742
292 777
293 1028
293 1100
293 317
293 486
293 515
293 575
293 986
294 1060
294 1121
294 1167
294 1185
294 547
294 697
294 819
295 1041
295 1135
295 475
295 666
295 670
295 916
296 388
296 545
296 733
296 855
296 963
297 1075
297 310
297 430
297 599
297 663
297 825
297 946
297 978
298 1019
298 1044
298 1099
298 1157
298 348
298 522
298 657
298 722
299 1027
299 1122
299 354
299 423
299 545
299 625
299 970
300 1196
300 335
300 357
300 363
300 366
300 561
300 649
300 740
300 909
301 1047
301 1126
301 1164
301 372
301 548
301 624
301 681
302 1018
302 1035
302 1056
302 1134
302 1181
302 1199
302 437
302 452
302 524
302 683
302 836
303 1055
303 352
303 371
303 424
303 570
303 596
303 674
303 894
304 1125
304 305
304 320
304 621
304 671
304 920
305 432
305 564
305 621
305 920
306 1082
306 496
306 613
306 790
306 912
307 1065
307 1136
307 537
307 623
307 737
307 803
307 875
307 989
308 1015
308 1021
308 1027
308 523
308 609
308 625
308 768
308 947
308 999
309 1076
309 1079
309 370
309 661
309 699
309 771
309 772
309 911
309 956
310 430
310 491
310 586
310 599
310 856
310 946
311 432
311 564
311 566
311 582
311 665
311 930
311 995
312 399
312 583
312 782
312 884
312 914
313 372
313 407
313 485
313 526
313 594
313 636
313 706
313 813
314 1105
314 1154
314 322
314 507
314 534
314 540
314 849
315 332
315 410
315 607
315 657
315 868
315 918
316 1012
316 1147
316 434
316 830
316 843
316 938
317 486
317 544
317 575
317 760
317 824
317 910
318 386
318 455
318 457
318 788
318 920
319 1016
319 447
319 460
319 496
319 618
319 780
319 945
320 1025
320 1081
320 1125
320 350
320 393
320 564
320 621
320 704
320 878
321 1004
321 1051
321 451
321 617
321 655
321 735
321 763
321 927
322 1105
322 534
322 578
322 598
322 849
322 864
323 1056
323 1134
323 1151
323 1161
323 449
323 524
323 836
324 1182
324 608
324 785
324 789
324 790
324 841
324 891
325 1111
325 1175
325 536
325 720
325 761
325 887
326 402
326 480
326 669
326 701
326 957
327 1011
327 427
327 880
328 1117
328 1193
328 1196
328 543
328 826
328 828
328 868
328 909
328 918
329 1092
329 352
329 374
329 581
329 641
329 876
329 988
330 412
330 470
330 516
330 582
330 612
330 795
330 951
331 1163
331 1190
331 406
331 509
331 557
331 574
331 615
331 972
332 410
332 657
332 924
333 1128
333 383
333 500
333 535
333 834
334 1010
334 1023
334 1057
334 1158
334 374
334 400
334 405
334 585
334 617
334 626
335 1117
335 1137
335 1196
335 1198
335 649
335 740
335 909
336 529
336 630
336 703
336 741
337 1149
337 1186
337 343
337 382
337 631
337 779
337 877
338 1095
338 428
338 895
339 1025
339 1052
339 1103
339 483
339 773
339 878
339 994
340 1113
340 1169
340 1177
340 532
340 627
340 651
340 764
340 870
340 883
340 933
340 982
341 1046
341 486
341 502
341 716
341 797
341 873
341 917
341 957
341 981
342 1027
342 523
342 545
342 640
342 733
343 1195
343 455
343 779
344 1145
344 600
344 672
344 707
344 724
345 1026
345 399
345 884
345 914
346 1068
346 1086
346 1147
346 1184
346 1187
346 434
346 678
346 830
347 1031
347 1197
347 527
347 565
347 622
347 860
347 906
348 490
348 522
348 657
348 954
349 1045
349 1073
349 538
349 633
349 690
349 705
349 990
350 1025
350 1052
350 1081
350 1083
350 1125
350 621
350 878
350 965
351 1009
351 1076
351 1100
351 411
351 415
351 549
351 552
351 682
351 814
351 835
351 907
351 911
352 581
352 641
352 649
352 674
352 988
353 388
353 494
353 634
353 680
353 739
353 928
354 1122
354 388
354 423
354 472
354 545
354 827
355 1072
355 386
355 457
355 530
355 631
355 726
355 788
355 959
355 960
356 1046
356 1080
356 576
356 612
356 659
356 797
356 949
357 1061
357 363
357 366
357 561
357 924
358 1059
358 1141
358 1200
358 437
358 452
358 484
358 555
358 629
359 1033
359 586
359 736
359 744
359 975
359 993
360 1004
360 629
360 829
360 927
360 961
361 447
361 512
361 583
361 613
361 879
361 912
362 1148
362 611
362 653
362 689
362 929
362 968
363 366
363 371
363 649
363 740
363 909
363 919
364 474
364 508
364 509
364 598
364 846
364 979
365 1022
365 1144
365 408
365 473
365 513
365 542
365 725
365 998
366 371
366 410
366 561
366 909
366 922
366 924
367 1030
367 489
367 572
367 588
367 990
368 402
368 412
368 431
368 470
368 582
368 610
368 692
369 726
369 802
369 877
369 997
370 1079
370 376
370 401
370 661
370 721
370 956
371 1002
371 1061
371 570
371 810
371 894
371 919
371 922
372 1164
372 548
372 594
372 636
372 681
372 813
373 533
373 616
373 784
373 847
374 1023
374 585
374 617
374 727
374 988
375 1189
375 502
375 576
375 807
375 811
375 902
375 917
375 983
375 985
376 1079
376 1094
376 1176
376 401
376 721
376 756
376 823
377 465
377 554
377 748
377 998
378 1016
378 390
378 460
378 660
378 780
378 857
378 945
379 1029
379 1182
379 602
379 654
379 841
379 891
380 1012
380 605
380 678
380 743
380 765
380 800
380 859
380 940
381 1170
381 416
381 449
381 482
381 952
382 1174
382 757
382 806
382 877
382 997
383 1006
383 1128
383 1173
383 500
383 819
383 834
383 935
384 423
384 567
384 770
384 827
384 889
384 928
385 392
385 601
386 1072
386 1091
386 1183
386 413
386 457
386 751
386 766
386 788
386 959
387 1096
387 1130
387 1194
387 446
387 525
387 690
388 472
388 545
388 680
388 928
388 963
389 1071
389 645
389 837
389 849
389 864
390 1033
390 1053
390 618
390 660
390 744
390 780
390 945
391 1082
391 447
391 496
391 512
391 780
392 1134
392 1181
392 1192
392 593
392 601
393 1025
393 1062
393 1104
393 483
393 644
393 665
393 704
393 900
393 930
394 1002
394 1019
395 1013
395 1037
395 492
395 597
395 619
395 713
396 486
396 873
396 910
396 981
397 1123
397 1156
397 1180
397 442
397 544
397 638
397 643
397 760
398 1133
398 474
398 556
398 723
398 846
398 979
399 1026
399 1152
399 1178
400 1007
400 1010
400 1117
400 1158
400 1198
400 405
400 626
400 939
401 1094
401 1109
401 558
401 571
401 661
401 721
401 823
402 431
402 470
402 480
402 612
402 797
402 957
403 532
403 764
403 887
403 933
403 982
404 1122
404 1197
404 527
404 707
404 752
404 827
404 850
404 906
405 1010
405 1057
405 1140
405 1158
405 1198
406 1133
406 1163
406 474
406 509
406 574
406 979
407 485
407 526
407 636
407 706
407 813
407 898
408 1022
408 1085
408 1144
408 465
408 769
409 1149
409 419
409 757
409 779
409 806
409 812
409 893
410 561
410 868
410 909
410 922
410 924
411 414
411 415
411 458
411 552
411 814
411 955
412 431
412 470
412 471
412 516
412 582
412 951
413 457
413 751
413 959
414 1009
414 458
414 552
414 809
414 814
414 974
415 552
415 662
415 699
415 907
415 911
415 955
416 1000
416 1035
416 1056
416 1161
416 1170
416 449
416 482
416 524
416 915
416 921
416 952
417 1071
417 1132
417 527
417 565
417 622
417 646
417 923
418 1156
418 1176
418 1180
418 442
418 747
418 756
418 760
419 1174
419 732
419 757
419 768
419 806
419 893
419 977
420 1107
420 573
420 714
420 769
420 829
420 936
421 1036
421 603
421 673
421 942
421 983
422 1003
422 1072
422 1078
422 493
422 505
422 530
422 668
422 762
422 908
422 950
423 1122
423 472
423 770
423 827
423 928
423 970
424 1040
424 581
424 596
424 674
425 1199
425 1200
425 437
425 452
425 555
425 815
425 836
426 1034
426 1037
426 464
426 492
426 619
426 709
426 773
426 838
426 965
427 436
427 640
427 976
428 1038
428 433
428 843
428 895
429 1101
429 620
429 758
430 491
430 586
430 736
430 825
430 886
430 993
431 692
432 564
432 566
432 665
432 704
432 930
433 1038
433 1115
433 843
433 938
434 1012
434 1147
434 1184
434 558
434 605
434 678
434 711
434 830
435 1008
435 1115
435 1153
436 929
436 968
436 976
437 1200
437 1201
437 452
437 484
437 683
437 836
438 1159
438 1166
438 708
438 737
438 745
438 844
438 866
438 987
439 1077
439 1108
439 667
439 695
439 717
439 777
439 783
439 792
439 939
440 1070
440 1145
440 600
440 720
440 989
441 1165
441 467
441 615
441 637
441 679
441 715
441 749
441 832
441 972
442 1180
442 638
442 747
442 756
442 760
443 1018
443 1192
443 1201
443 484
443 593
443 683
443 746
444 590
444 650
444 652
444 992
445 1035
445 559
445 714
445 815
445 943
445 964
446 1089
446 1096
446 690
446 799
447 496
447 512
447 618
447 780
447 912
448 1142
448 710
449 1056
449 1119
449 1151
449 1161
449 1170
449 524
449 952
450 1010
450 1077
450 718
450 731
450 748
450 777
451 1004
451 1098
451 655
451 735
451 763
451 927
451 961
452 1018
452 1199
452 484
452 836
453 1005
453 456
453 539
453 624
453 791
453 902
453 991
454 1032
454 687
454 776
454 782
454 848
454 879
455 631
455 788
455 960
456 1005
456 548
456 576
456 624
456 902
456 991
457 788
457 959
457 960
458 541
458 955
458 974
459 1033
459 1129
459 512
459 583
459 618
459 736
459 914
460 1016
460 1041
460 660
460 839
460 857
460 937
460 945
460 980
461 511
461 514
461 570
461 810
461 894
461 919
461 971
462 1008
462 1069
463 1120
463 1146
463 1174
463 481
463 728
463 890
464 1034
464 1052
464 1103
464 473
464 709
464 773
464 878
465 1085
465 1107
465 573
465 750
465 769
466 1022
466 1030
466 513
466 725
466 885
466 900
466 990
467 715
467 832
468 1159
468 1171
468 531
468 616
468 719
468 753
468 847
469 1031
469 1112
469 479
469 508
469 553
469 565
469 622
469 645
470 516
470 612
471 1062
471 566
471 569
471 582
471 648
471 795
471 951
472 545
473 1103
473 1144
473 542
473 685
473 709
473 725
473 773
473 998
474 1133
474 1163
474 509
474 632
474 729
474 846
474 979
475 1029
475 1135
475 1160
475 666
475 702
475 865
475 891
475 916
476 1166
476 528
476 677
476 708
477 1161
477 524
477 820
478 1178
478 1186
478 611
478 635
478 676
478 738
478 755
478 966
479 1071
479 1112
479 508
479 540
479 565
480 516
480 612
480 659
480 949
480 957
481 1049
481 1146
481 668
481 728
481 890
482 1000
482 1170
482 794
482 915
482 921
482 958
483 1025
483 1103
483 542
483 644
483 725
483 798
483 878
483 900
483 994
484 1018
484 1059
484 1200
484 1201
484 592
484 746
485 636
486 1123
486 716
486 824
486 873
486 910
486 986
487 1059
487 510
487 550
487 560
487 592
487 698
487 746
487 876
487 903
488 1053
488 1074
488 744
489 1030
489 1085
489 1131
489 588
489 750
489 882
490 1099
490 522
490 562
490 801
490 818
491 1075
491 519
491 886
492 1034
492 1037
492 597
492 619
492 709
493 1003
493 1072
493 1091
493 505
493 529
493 703
493 741
493 762
493 766
494 634
494 675
494 739
494 805
494 928
495 1048
495 1051
495 1107
495 655
495 731
495 735
495 742
496 1016
496 1082
496 790
496 912
497 1026
497 1178
497 519
497 635
497 886
497 929
497 968
498 1113
498 590
498 634
498 680
498 739
499 1011
499 1093
499 1191
499 521
499 796
500 1128
500 1139
500 1173
500 535
500 834
500 935
500 946
501 1060
501 684
501 688
501 767
501 840
501 905
502 1005
502 1189
502 576
502 797
502 807
502 902
502 917
503 1108
503 1110
503 786
503 793
503 842
503 941
503 944
503 969
504 1013
504 1077
504 792
504 793
504 862
505 1072
505 703
505 762
505 766
505 959
506 592
506 694
506 698
506 746
506 765
506 859
507 1154
507 517
507 528
507 818
507 853
508 1112
508 540
508 598
509 1155
509 1163
509 574
509 578
509 729
509 972
509 979
510 1014
510 1059
510 1141
510 550
510 560
510 763
511 1055
511 1116
511 514
511 570
511 596
511 686
511 771
511 894
512 583
512 613
512 618
512 780
512 786
512 912
513 1022
513 1030
513 542
513 712
513 725
513 798
513 885
513 900
514 699
514 772
514 971
515 1028
515 575
515 682
516 612
516 648
516 659
516 951
517 528
517 818
518 1177
518 567
518 707
518 889
519 1075
519 825
519 886
519 929
519 968
520 1058
520 1063
520 1162
520 1168
520 738
520 781
520 934
521 1093
521 663
522 1099
522 1154
522 657
522 818
523 1015
523 1027
523 691
523 976
524 1035
524 1056
524 1134
524 1151
524 1161
524 1181
524 836
525 1064
525 1096
525 1130
525 1194
525 690
526 706
526 869
527 1132
527 1197
527 565
527 622
527 707
527 752
528 708
528 853
529 1091
529 741
529 845
529 973
530 1072
530 668
530 726
530 802
531 1088
531 1136
531 1159
531 551
531 587
531 616
531 719
531 847
532 764
532 870
532 933
532 982
533 1066
533 784
533 867
533 896
534 1105
534 849
534 853
535 1093
535 1139
535 774
535 978
536 1111
536 761
536 887
536 925
537 1065
537 623
537 677
537 737
537 787
537 875
538 1073
538 1194
538 572
538 690
538 885
538 990
539 624
539 991
540 1071
540 1112
540 598
540 864
541 557
541 662
541 729
541 749
541 926
541 955
542 725
542 798
542 900
542 994
543 1029
543 602
543 918
543 954
544 1123
544 1156
544 575
544 760
544 824
545 1027
545 733
546 1028
546 669
546 775
546 845
546 986
547 1121
547 1173
547 697
547 819
548 1164
548 624
549 1079
549 699
549 771
549 772
549 907
549 911
550 592
550 698
550 876
550 903
551 1070
551 1088
551 1136
551 664
551 719
551 847
552 1009
552 907
552 926
552 955
553 1031
553 1120
553 1143
553 822
554 1077
554 685
554 748
555 1200
555 559
555 629
555 815
555 961
556 1114
556 1133
556 632
556 723
556 846
556 851
556 974
557 1163
557 729
557 749
558 1068
558 1094
558 1109
558 1184
558 606
558 678
558 743
558 823
559 1000
559 815
559 943
559 964
560 1014
560 1098
560 763
560 967
561 1196
561 868
561 909
561 922
561 924
562 1099
562 563
562 801
562 818
562 865
563 1043
563 670
563 818
563 858
563 916
564 665
564 704
565 1031
565 1071
565 622
565 656
565 860
566 1062
566 582
566 665
566 930
567 672
567 675
567 889
567 928
568 1001
568 1074
568 1167
568 901
568 931
568 980
569 1062
569 1064
569 1104
569 795
570 596
570 810
570 894
570 919
571 1109
571 1116
571 661
571 686
572 1030
572 885
572 990
573 1004
573 1107
573 655
573 750
573 829
574 1155
574 1190
574 578
574 595
574 979
575 1156
575 682
575 693
575 760
575 910
576 1005
576 1080
576 797
576 902
576 917
577 1012
577 584
577 605
577 711
577 765
577 895
577 899
578 1105
578 1155
578 595
578 598
579 604
579 799
579 816
580 614
580 758
580 794
580 881
580 915
580 921
581 1040
581 1092
581 641
581 674
582 1062
582 610
582 665
582 795
582 951
582 995
583 1129
583 884
583 914
584 591
584 601
584 605
584 694
584 711
584 765
584 899
585 1023
585 1057
585 1158
585 617
585 727
585 735
586 1033
586 736
586 856
586 975
586 993
587 1088
587 616
587 847
587 925
587 996
588 1106
588 1131
588 882
589 1080
589 1126
589 648
589 659
590 650
590 680
590 992
591 601
591 711
591 899
591 948
592 1018
592 1059
592 593
592 694
592 698
592 746
593 1018
593 1181
593 1192
593 601
593 694
594 1054
594 636
594 681
595 1155
595 1157
595 1190
595 658
595 821
596 1055
596 1116
596 674
596 894
597 619
597 687
597 713
597 831
597 941
598 1112
598 864
599 1128
599 663
599 946
599 978
600 1132
600 1138
600 1145
600 803
600 989
601 899
601 948
602 1029
602 654
602 828
602 918
602 954
603 1036
604 706
604 799
604 813
604 816
604 898
605 1012
605 711
605 765
605 940
606 1055
606 1116
606 743
606 940
607 657
607 702
607 918
607 954
608 628
608 790
608 841
608 984
609 1015
609 1027
609 1118
609 625
609 691
609 893
609 947
609 999
610 1183
610 692
610 751
610 973
610 995
611 1178
611 635
611 653
611 676
611 689
611 966
611 968
612 1080
612 659
612 797
612 949
613 786
613 912
614 1124
614 758
614 794
614 881
614 958
615 1190
615 852
615 972
616 1171
616 784
616 847
616 996
617 1051
617 1057
617 727
617 735
617 763
617 988
618 1033
618 780
618 945
619 1034
619 1037
619 713
619 838
620 1045
620 1101
620 1150
620 1179
620 633
620 705
620 758
620 854
621 1125
621 671
622 1031
622 1071
622 645
622 923
623 1084
623 787
623 875
623 989
624 1005
624 681
624 991
625 1027
625 642
625 970
625 999
626 1023
626 1117
626 1137
626 1158
626 649
626 988
627 1177
627 651
627 805
628 695
628 841
628 913
628 944
629 1141
629 927
629 961
630 1003
630 703
630 741
630 775
630 809
631 788
631 960
632 1078
632 1133
632 729
632 846
632 851
632 888
632 953
633 1045
633 1073
633 1101
633 705
634 680
634 739
634 992
635 1178
635 676
635 689
635 755
635 968
636 1047
636 1054
636 1164
636 681
636 813
636 898
637 1165
637 679
637 749
637 926
637 972
638 1180
638 643
638 942
639 1014
639 1059
639 1141
639 1200
639 1201
639 961
640 733
640 871
640 976
641 649
641 988
642 1021
642 906
642 970
642 977
642 999
643 1123
643 1189
643 716
643 804
643 811
644 1025
644 798
644 900
644 994
645 1071
645 1112
645 837
645 864
645 923
646 1071
646 1084
646 1132
646 1138
646 803
646 837
646 875
646 923
647 778
647 892
648 1126
648 1130
648 659
648 808
648 951
649 1137
649 740
649 909
649 988
650 680
650 874
650 992
651 1169
651 805
652 796
653 1015
653 1118
653 1148
653 676
653 689
653 966
654 1017
654 1182
654 1193
654 696
654 717
654 826
654 828
654 841
654 913
655 1004
655 1051
655 1107
655 731
655 735
656 1143
656 730
656 860
657 1019
658 1044
658 1105
658 1155
658 1157
658 1190
658 722
658 821
658 852
658 853
659 1080
659 949
660 1053
660 839
660 945
661 1079
661 1094
661 686
661 771
662 1165
662 699
662 715
662 749
662 907
662 926
662 955
663 1075
663 1093
663 880
663 978
664 1070
664 1088
664 1111
664 1175
664 720
665 1062
665 704
665 930
666 1041
666 1135
666 1160
666 857
667 1077
667 1140
667 718
667 777
667 939
668 1078
668 726
668 802
668 950
668 953
669 1028
669 701
669 986
670 1043
670 1090
670 745
670 858
670 916
671 1058
671 1168
671 920
672 675
672 850
673 1036
673 1050
673 1067
673 892
673 942
674 1040
674 1055
674 1092
675 805
676 1149
676 1186
676 689
676 779
676 947
676 966
677 1065
677 1159
677 1166
677 708
677 737
677 787
677 866
677 987
678 1012
678 1109
678 1147
678 743
679 1002
679 832
679 852
679 972
680 739
680 928
680 963
680 992
682 1076
682 693
682 835
682 956
683 1018
683 1134
683 1181
683 1192
683 1201
683 836
684 1042
684 1087
684 1188
684 759
684 767
684 840
684 867
684 872
684 896
685 1144
685 709
685 998
686 1055
686 1116
686 771
687 1024
687 786
687 831
687 879
688 1087
688 1102
688 872
688 901
688 905
688 931
688 980
689 1015
689 1148
689 947
689 968
690 1064
690 1073
690 1096
690 1194
690 990
691 1015
691 1027
691 1148
691 733
692 751
692 973
693 1156
693 956
694 765
695 1108
695 717
695 783
695 897
695 913
695 944
696 1007
696 1017
696 1193
696 717
696 783
696 826
696 913
697 1001
697 1121
697 1167
697 1173
697 1185
697 935
698 1040
698 746
698 859
698 903
699 772
699 907
699 911
699 955
699 971
700 1045
700 1101
700 734
700 816
700 854
701 957
701 981
702 1029
702 801
702 865
702 891
702 954
703 1003
703 741
703 762
703 766
704 1025
704 930
705 1045
705 1150
705 1172
705 1179
706 813
706 816
706 869
706 898
707 1132
707 724
707 752
707 850
707 889
708 1166
708 737
708 787
708 875
709 1037
709 773
710 1142
710 1188
710 932
711 1012
711 895
711 899
712 798
712 885
712 900
713 831
713 838
714 1131
714 829
714 882
714 943
714 964
715 1165
715 749
715 832
716 1123
716 1189
716 804
716 824
716 873
717 783
717 826
717 913
718 1048
718 1077
718 1140
718 748
718 777
719 1065
719 1070
719 1136
719 1159
719 753
720 1070
720 1111
720 1145
720 1175
720 962
721 1068
721 1176
721 756
721 823
722 1019
722 1044
722 1099
722 1157
722 817
722 853
723 1114
723 822
723 846
724 1145
724 962
725 1022
725 1103
725 1144
725 900
726 802
726 877
727 1098
727 735
727 763
728 1049
728 1120
728 1146
728 1174
728 757
728 802
728 997
729 1133
729 1163
729 888
729 926
730 1143
730 977
731 1048
731 1051
731 1107
731 742
731 748
731 936
732 893
732 977
733 1027
734 1101
734 816
734 854
734 869
735 1051
735 1057
735 1098
735 742
736 1033
736 1129
736 744
736 914
736 993
737 1065
737 1159
737 875
737 987
738 1162
738 1168
738 1195
738 755
739 1113
739 805
739 928
740 909
741 1003
741 1009
741 775
741 845
742 1048
742 1051
742 1057
743 1109
743 800
743 940
744 1033
744 1053
744 975
744 993
745 1043
745 1090
745 754
745 844
745 858
745 932
745 987
746 1059
747 1187
747 756
748 1048
748 1077
749 1165
749 926
750 1085
750 1131
750 829
750 882
751 1183
751 995
752 1122
752 1197
752 770
752 889
752 906
752 970
753 1065
753 1159
753 1171
753 844
753 866
754 1090
754 1166
754 858
754 987
755 1063
755 1168
755 1178
756 1068
756 1176
756 1187
756 760
756 823
757 1174
757 806
757 997
758 1124
758 1179
758 881
759 840
760 1156
760 1176
760 1180
760 824
761 1088
761 1111
761 1175
761 883
761 887
761 925
761 933
762 1003
762 908
762 950
763 1014
763 1098
763 1141
763 927
763 961
763 967
764 870
764 933
765 1012
765 859
766 1072
766 1091
766 959
767 1001
767 1060
767 1087
767 1185
767 840
767 905
768 1149
768 1174
768 806
768 893
768 947
769 1085
769 1107
769 1144
769 936
770 1122
770 827
770 889
770 970
771 1079
771 1094
771 772
772 907
772 971
773 1037
773 1052
773 1103
773 965
774 1093
774 796
775 1028
775 1097
775 809
775 845
776 1152
776 782
776 848
776 879
776 934
777 1010
777 1077
777 1140
777 939
778 1008
778 1039
778 1050
778 1069
778 892
779 1118
779 1149
779 1186
779 1195
779 812
779 966
780 945
781 1020
781 1032
781 1058
781 1063
781 1168
781 848
781 934
782 848
782 879
783 1007
783 897
783 913
783 939
784 1066
784 1171
784 867
784 996
785 1016
785 1135
785 789
785 790
785 857
785 891
786 1024
786 1110
786 842
786 941
787 875
788 920
789 1182
789 857
790 1016
790 1082
790 857
791 1127
791 807
791 902
792 1077
792 1108
792 793
792 862
792 969
793 1013
793 1108
793 1110
793 862
793 969
794 881
794 915
794 958
795 1062
795 1064
795 1104
795 808
795 951
796 1011
796 1093
796 1191
797 1046
797 949
797 957
798 900
798 994
799 1089
799 813
799 898
800 859
800 940
801 865
802 1049
802 1146
802 997
803 1084
803 1132
803 1138
803 875
803 989
804 1123
804 811
804 873
805 1113
805 1169
806 1149
806 1174
806 893
807 1005
807 1127
807 1189
807 902
807 985
808 1064
808 1096
808 1130
808 951
809 1003
809 1009
809 1097
809 814
809 974
810 894
810 919
810 971
811 1189
811 917
811 983
812 1118
812 1149
812 893
812 966
813 1047
813 1164
813 898
814 1009
814 1097
814 835
815 1000
815 1199
815 861
815 964
816 869
817 1044
817 1099
817 1154
817 1157
817 853
818 1099
818 1154
819 1006
819 1167
819 1173
819 834
819 935
820 1119
820 1151
820 1161
821 1019
821 1157
821 1190
821 852
822 1114
822 1120
822 1146
822 863
822 890
823 1068
823 1094
823 1109
824 1123
825 1075
825 1129
825 993
826 1007
826 1193
826 828
826 868
827 1122
827 850
828 868
828 918
829 1004
829 1131
830 1086
830 1147
830 1184
830 938
831 1024
831 879
832 1165
833 1000
833 1202
833 921
833 958
833 964
834 1139
834 1173
835 1097
835 1100
836 1056
836 1134
836 1199
837 1071
837 1084
837 923
838 1032
838 1034
838 1083
838 965
839 1053
839 1074
839 945
839 980
840 896
841 1182
841 913
842 897
842 941
842 944
842 969
842 984
843 1038
843 938
844 1159
844 1171
844 866
844 932
844 987
845 1009
845 1028
845 1097
845 1100
845 986
846 1114
846 890
846 953
848 1032
848 1063
848 1152
848 934
849 864
850 889
851 1078
851 1114
851 888
851 908
851 950
851 974
852 1155
852 1190
852 972
853 1105
853 1154
854 1045
854 1101
854 1150
855 1011
855 1191
855 874
855 963
856 1006
856 1128
856 946
856 975
857 1016
857 1041
857 1135
858 1043
858 1166
859 1040
860 1031
860 1143
861 1000
861 1035
861 1056
861 1170
861 1199
861 964
862 1077
862 969
863 1120
863 890
864 1071
864 1112
865 916
866 1065
866 1159
866 987
867 1066
867 896
868 1196
868 909
868 918
870 1113
870 1169
871 1011
872 1087
872 1102
872 1188
872 937
873 1123
873 981
874 1191
874 963
874 992
875 1084
876 1092
876 903
876 967
878 1025
878 1052
878 1081
878 1103
880 1075
881 1124
881 1179
881 1202
881 1203
881 921
881 958
882 1106
882 1131
883 1175
883 1177
883 933
883 982
884 1129
884 914
885 1030
886 1026
886 929
887 933
888 1009
888 1078
888 974
890 1114
890 1120
890 1146
890 953
891 1029
891 1182
892 1036
892 1039
892 1050
892 1067
892 1069
892 942
893 1118
893 947
894 1055
895 1095
895 899
896 1042
897 1108
897 944
897 969
897 984
898 1047
898 1089
899 948
900 1104
901 1001
901 1087
901 905
901 931
901 980
902 1005
903 1040
903 1092
904 1106
904 1202
904 1203
904 943
904 964
905 1001
905 1060
905 1167
905 1185
905 931
906 1122
906 1197
906 970
907 1165
907 926
907 971
908 1003
908 1078
908 950
909 1117
909 1196
909 922
911 1076
911 1079
913 1017
914 1129
915 921
917 1046
918 954
921 1000
921 1035
921 1202
921 958
921 964
922 1002
922 1061
922 924
923 1071
923 1084
923 1138
924 1061
925 1088
925 1111
926 1165
926 955
927 1004
927 1141
927 961
929 1026
929 968
930 1062
931 1001
931 1167
931 980
933 982
934 1032
934 1058
934 1063
934 1152
935 1006
935 1128
935 1167
935 1173
935 946
936 1107
937 1041
937 980
938 1038
938 1115
939 1007
939 1010
939 1140
941 1110
941 969
942 1050
943 1131
943 964
944 1108
944 969
945 1033
946 1128
946 978
947 1015
947 1118
947 1149
949 1046
949 1080
949 957
950 1078
952 1119
952 1161
953 1078
953 1114
953 1146
954 1029
956 1076
956 1079
957 1046
957 981
958 1000
958 1202
959 1072
961 1004
961 1014
961 1141
961 1200
962 1145
962 1175
964 1000
964 1035
964 1170
965 1034
965 1052
965 1083
966 1186
966 1195
967 1098
968 1178
969 1108
970 1122
972 1155
972 1190
973 1091
973 1183
974 1009
975 1006
975 1033
975 1074
977 1021
978 1093
979 1133
981 1046
983 1189
984 1082
985 1036
985 1127
985 1189
986 1028
986 1100
987 1166
988 1023
989 1070
989 1084
989 1138
991 1054
992 1191
993 1129
994 1025
994 1103
995 1183
996 1066
998 1144
999 1021
1000 1170
1001 1167
1001 1185
1002 1061
1003 1009
1003 1078
1006 1074
1006 1128
1006 1167
1007 1117
1007 1193
1007 1198
1008 1069
1009 1078
1009 1100
1011 1191
1012 1147
1013 1110
1014 1098
1014 1141
1015 1118
1016 1041
1016 1135
1017 1182
1017 1193
1018 1181
1018 1192
1020 1032
1020 1058
1020 1083
1020 1125
1022 1030
1022 1085
1022 1144
1023 1137
1023 1158
1024 1110
1028 1097
1028 1100
1029 1182
1030 1085
1031 1143
1034 1081
1035 1056
1035 1170
1035 1199
1036 1067
1036 1189
1038 1115
1038 1153
1039 1050
1039 1067
1040 1092
1041 1135
1042 1102
1042 1188
1044 1099
1044 1105
1044 1154
1045 1073
1045 1101
1045 1150
1045 1172
1047 1089
1047 1126
1047 1164
1049 1146
1050 1067
1050 1069
1051 1057
1052 1081
1053 1074
1055 1116
1056 1170
1056 1199
1057 1158
1058 1168
1059 1141
1059 1200
1060 1121
1060 1167
1060 1185
1062 1104
1063 1168
1064 1096
1064 1104
1065 1136
1065 1159
1068 1184
1068 1187
1070 1136
1079 1094
1083 1125
1084 1138
1086 1184
1086 1187
1088 1111
1088 1136
1088 1175
1089 1096
1091 1183
1096 1130
1097 1100
1099 1154
1102 1142
1102 1188
1105 1154
1105 1155
1106 1172
1106 1203
1111 1175
1113 1169
1114 1146
1115 1153
1117 1137
1117 1193
1117 1196
1117 1198
1118 1149
1119 1151
1120 1146
1121 1185
1124 1150
1124 1179
1124 1203
1126 1130
1126 1164
1132 1138
1133 1163
1134 1181
1134 1192
1135 1160
1136 1159
1137 1158
1137 1198
1139 1173
1141 1200
1142 1188
1149 1186
1150 1172
1150 1179
1150 1203
1151 1161
1152 1178
1155 1190
1156 1176
1156 1180
1162 1168
1162 1195
1172 1203
1179 1202
1179 1203
1181 1192
1184 1187
1186 1195
1196 1198
1200 1201
1202 1203
