0 1120
0 1323
0 1356
0 139
0 628
0 651
0 913
0 916
1 1198
1 1269
1 131
1 1391
1 601
1 648
1 693
1 912
1 951
2 1415
2 1478
2 166
2 214
2 399
2 615
2 739
2 741
2 832
3 1300
3 338
3 522
3 539
3 746
4 1168
4 117
4 218
4 518
4 780
4 785
4 85
4 952
5 1188
5 1214
5 15
5 44
5 505
5 510
5 552
5 75
5 767
5 864
6 1027
6 1115
6 1205
6 125
6 1369
6 345
6 427
6 452
7 1033
7 1365
7 1407
7 257
7 31
7 331
7 359
7 422
7 531
8 1017
8 1192
8 1233
8 1244
8 1261
8 1281
8 1291
8 1331
8 1427
8 212
8 409
8 682
8 72
9 1077
9 1191
9 1202
9 127
9 186
9 468
9 48
9 644
9 687
9 721
9 805
10 1080
10 1170
10 1342
10 1482
10 228
10 301
10 340
10 576
10 903
10 925
11 1278
11 1444
11 522
11 722
12 283
12 307
12 411
12 482
12 598
12 815
13 1330
13 165
13 382
13 47
13 981
14 1160
14 1265
14 1273
14 1295
14 1354
14 169
14 287
14 841
14 999
15 1086
15 1214
15 1422
15 1438
15 1464
15 484
15 505
15 510
15 864
16 1016
16 1020
16 1048
16 1142
16 1248
16 1327
16 1341
16 1374
16 246
16 635
17 1377
17 1426
17 1474
17 163
17 23
17 696
17 720
17 743
17 789
17 811
17 880
17 882
18 1209
18 1439
18 155
18 168
18 833
18 885
18 89
19 1107
19 1131
19 1204
19 1412
19 157
19 330
19 590
19 91
20 1253
20 1280
20 176
20 580
20 680
20 876
20 928
21 1371
21 1418
21 180
21 420
21 438
21 440
21 608
21 677
21 996
22 1003
22 1058
22 1271
22 241
22 309
22 658
22 747
22 807
22 845
22 941
22 956
23 1377
23 1474
23 386
23 587
23 696
23 720
23 789
24 351
24 463
24 765
25 102
25 1249
25 1273
25 1295
25 281
25 56
25 652
25 804
25 817
25 841
25 881
26 1459
26 502
26 663
26 726
26 783
27 1082
27 1232
27 1353
27 144
27 149
27 585
27 711
28 1417
28 1490
28 1491
28 174
28 203
28 271
28 396
28 575
28 667
28 685
28 80
29 115
29 1390
29 268
29 365
29 672
30 1238
30 1335
30 1408
30 1458
30 177
30 37
30 46
30 520
30 939
31 1033
31 1181
31 1365
31 1393
31 188
31 257
31 531
31 760
31 894
31 943
32 109
32 1278
32 1300
32 1301
32 1397
32 298
32 444
32 480
32 508
32 517
32 522
32 729
32 803
32 974
33 1245
33 1252
33 1449
33 1455
33 189
33 355
33 45
34 1026
34 1090
34 1243
34 1479
34 236
34 443
34 484
34 592
34 744
34 827
35 1095
35 142
35 1430
35 169
35 287
35 322
35 476
35 483
35 49
35 813
36 1014
36 1015
36 1064
36 1083
36 1388
36 1394
36 142
36 244
36 535
36 550
36 617
36 77
36 83
36 96
37 1101
37 1217
37 1335
37 1450
37 177
37 179
37 345
37 363
37 520
37 73
37 788
37 939
38 1133
38 1261
38 1452
38 164
38 364
38 405
38 712
38 797
38 887
39 1001
39 612
39 656
39 768
39 989
40 1016
40 1051
40 111
40 1210
40 1306
40 246
40 311
40 419
40 578
40 595
40 60
40 635
41 1102
41 1223
41 270
41 447
41 799
41 816
41 838
41 87
41 964
41 992
42 1119
42 1297
42 1299
42 1302
42 1346
42 1418
42 289
42 485
42 608
42 62
43 1022
43 1117
43 1207
43 1224
43 1460
43 243
43 324
43 578
43 692
43 901
43 983
44 1018
44 1188
44 265
44 331
44 552
44 577
44 725
44 767
44 868
45 1262
45 1449
45 189
45 355
45 414
45 47
45 513
45 688
45 809
45 998
46 1238
46 1408
46 1458
46 205
46 226
46 509
46 927
46 939
46 959
47 1262
47 1330
47 1375
47 165
47 189
47 414
47 688
47 809
47 936
47 980
47 998
48 1052
48 1203
48 127
48 171
48 468
48 644
48 753
49 1067
49 1108
49 1383
49 142
49 322
49 476
49 609
49 870
50 1011
50 1089
50 1099
50 1136
50 1470
50 189
50 355
50 393
50 513
50 674
50 708
50 716
50 932
50 998
51 1237
51 1253
51 1334
51 1339
51 1370
51 326
51 488
51 558
51 645
51 671
51 844
51 848
52 1250
52 1376
52 1377
52 1396
52 1474
52 321
52 736
52 779
53 1032
53 381
53 435
53 61
53 684
53 836
53 918
53 921
53 957
53 988
54 1143
54 1237
54 1253
54 1280
54 558
54 580
54 645
55 1057
55 1134
55 1355
55 146
55 1480
55 235
55 263
55 285
55 299
55 312
56 102
56 1117
56 118
56 423
56 461
56 692
56 817
56 826
57 1029
57 1112
57 1465
57 377
57 66
57 759
57 847
57 91
58 1167
58 119
58 1215
58 1282
58 1288
58 1440
58 197
58 318
58 425
58 512
58 514
58 610
58 810
58 885
59 1446
59 1466
59 153
59 455
59 472
59 545
59 584
59 63
59 646
60 1306
60 279
60 311
60 578
60 661
60 769
60 84
60 924
60 975
60 983
61 1026
61 1085
61 1322
61 288
61 344
61 381
61 836
61 883
61 918
61 957
61 988
62 1035
62 1119
62 1299
62 1302
62 1352
62 1371
62 185
62 526
62 561
62 608
62 923
63 1395
63 1446
63 1453
63 153
63 455
63 472
63 584
63 738
63 812
63 890
63 985
64 1309
64 1472
64 187
64 467
64 521
64 583
64 659
64 73
64 78
65 1060
65 1084
65 1118
65 128
65 1442
65 284
65 346
65 523
65 657
65 699
65 731
65 835
66 1074
66 1144
66 1212
66 1332
66 1465
66 300
66 433
66 847
67 1002
67 104
67 1050
67 1102
67 1223
67 1382
67 447
67 570
67 571
67 591
67 669
67 856
67 964
67 979
68 113
68 1360
68 272
68 515
68 523
68 603
68 651
68 71
68 740
68 756
68 835
68 840
68 851
69 1149
69 1249
69 194
69 255
69 281
69 390
69 652
69 702
69 764
69 881
70 1172
70 135
70 144
70 1447
70 147
70 283
70 307
70 449
70 585
70 842
71 1356
71 1423
71 272
71 603
71 639
71 651
71 740
71 851
71 916
72 1113
72 1159
72 124
72 1281
72 1331
72 219
72 353
72 409
73 114
73 1174
73 1179
73 1200
73 1309
73 1335
73 177
73 179
73 363
73 467
73 479
73 583
73 727
73 801
74 1152
74 1171
74 304
74 625
74 934
75 1045
75 1188
75 1214
75 187
75 422
75 505
75 767
75 871
75 982
76 1217
76 1284
76 210
76 226
76 293
76 464
76 616
76 624
76 637
76 747
76 788
76 939
77 1083
77 1294
77 1388
77 1394
77 1457
77 535
77 550
77 617
77 777
77 96
78 1243
78 1283
78 1309
78 134
78 1472
78 1479
78 206
78 315
78 451
78 521
78 567
78 659
78 744
78 930
79 1034
79 1054
79 1170
79 1208
79 158
79 837
79 977
80 1477
80 193
80 203
80 271
80 276
80 328
80 396
80 575
80 582
80 667
80 685
80 699
81 1127
81 122
81 303
81 365
81 437
81 439
81 98
82 101
82 1087
82 1118
82 1488
82 1489
82 162
82 284
82 573
82 607
82 657
82 859
82 972
83 1064
83 1154
83 1383
83 244
83 324
83 535
83 553
83 825
84 1008
84 279
84 661
84 975
85 1091
85 117
85 1392
85 172
85 264
85 778
85 785
85 858
85 952
86 1349
86 1435
86 387
86 454
86 576
86 874
86 929
86 990
87 103
87 1448
87 225
87 266
87 270
87 447
87 701
87 824
87 838
88 1039
88 1319
88 1416
88 237
88 275
88 445
88 536
88 707
88 740
88 840
88 940
89 1208
89 1209
89 1476
89 471
89 833
89 94
90 1254
90 1351
90 177
90 186
90 373
90 547
90 605
90 687
90 723
90 899
90 937
90 955
91 1029
91 1107
91 1112
91 1412
91 157
91 330
92 1078
92 1144
92 132
92 433
92 490
92 516
92 524
92 598
92 815
92 893
92 963
93 1116
93 1157
93 1258
93 1272
93 1380
93 1485
93 774
93 800
94 1034
94 1054
94 1104
94 1170
94 1208
94 1209
94 1228
94 1476
94 471
95 1175
95 1358
95 1378
95 216
95 278
95 754
95 922
96 1014
96 1015
96 1067
96 1383
96 1388
96 1394
96 535
97 1123
97 1462
97 320
97 515
97 572
97 573
97 697
97 730
97 776
97 840
98 1127
98 1184
98 122
98 1266
98 182
98 303
98 365
98 582
98 636
98 821
99 1024
99 1491
99 204
99 271
99 290
99 404
99 424
99 694
99 948
100 268
100 306
101 1488
101 1489
101 162
101 198
101 341
101 573
101 859
101 875
101 954
102 118
102 1249
102 152
102 281
102 423
102 702
102 817
102 826
102 870
103 1050
103 1207
103 1460
103 243
103 251
103 266
103 270
103 447
103 540
103 701
103 799
104 1002
104 1050
104 1341
104 1431
104 570
104 571
104 669
104 856
104 967
105 132
105 1366
105 143
105 252
105 533
105 683
105 863
105 893
105 950
106 1025
106 1071
106 1178
106 1260
106 1337
106 194
106 255
106 390
106 442
106 488
106 527
106 634
106 689
106 881
107 1037
107 1141
107 1156
107 1481
107 358
107 406
107 495
107 566
107 676
107 715
107 872
107 962
108 1213
108 1490
108 174
108 203
108 208
108 538
108 549
108 568
108 588
108 685
109 1153
109 1278
109 1397
109 709
109 729
109 828
109 974
109 987
110 115
110 1379
110 1390
110 470
110 679
110 784
111 1016
111 1210
111 1327
111 1350
111 1374
111 150
111 192
111 606
111 905
112 1206
112 283
112 307
112 482
112 737
112 842
112 938
113 1442
113 272
113 515
113 523
113 603
113 686
113 730
113 731
113 756
113 835
114 1179
114 1200
114 1279
114 1399
114 583
114 727
114 801
114 966
115 1390
115 365
115 372
115 470
115 636
115 679
115 784
115 795
116 302
116 389
116 647
116 681
116 829
116 834
117 1152
117 172
117 218
117 778
117 785
117 934
118 1117
118 244
118 322
118 324
118 423
118 692
118 817
118 825
118 870
119 1167
119 1215
119 1288
119 1482
119 514
119 618
119 622
119 862
119 925
119 976
120 1347
120 1445
120 267
120 327
120 569
120 633
120 987
121 1168
121 1357
121 164
121 260
121 518
121 529
121 534
121 666
121 714
121 831
121 897
121 945
122 1127
122 1184
122 1398
122 182
122 365
122 437
122 821
123 1175
123 216
123 380
123 650
123 681
123 718
123 829
123 886
123 922
124 1021
124 1113
124 1130
124 1159
124 1189
124 1199
124 1331
124 1361
124 1454
124 196
124 277
124 344
124 353
124 820
125 1081
125 1115
125 1478
125 312
125 360
125 362
125 427
125 452
125 623
125 649
125 654
125 818
125 906
126 1225
126 1392
126 1425
126 172
126 304
126 477
126 675
126 679
126 858
127 1052
127 1191
127 294
127 644
127 805
128 1060
128 1173
128 1442
128 500
128 686
128 700
128 835
129 1268
129 1274
129 139
129 201
129 237
129 323
129 556
129 690
129 705
129 913
130 1014
130 1095
130 1103
130 1216
130 1409
131 1086
131 1269
131 1391
131 1422
131 648
131 693
131 951
132 1144
132 1404
132 252
132 490
132 516
132 533
132 683
132 893
133 1070
133 1092
133 1298
133 1305
133 1385
133 245
133 260
133 481
133 534
133 586
133 749
133 945
134 1276
134 1283
134 206
134 315
134 466
134 528
134 567
134 744
134 930
135 1353
135 1447
135 585
135 711
135 842
135 843
136 1127
136 1468
136 313
136 439
136 698
136 766
137 1223
137 1256
137 1389
137 213
137 397
137 824
138 1180
138 1197
138 369
138 398
138 407
138 418
138 525
138 855
138 859
138 875
138 954
138 960
139 1120
139 1268
139 1323
139 237
139 314
139 639
139 651
139 690
139 913
139 916
139 940
140 1009
140 1227
140 143
140 352
140 431
140 486
140 802
140 808
140 892
140 907
141 1147
141 1182
141 1484
141 350
141 638
141 695
141 861
142 1015
142 1067
142 1095
142 1383
142 244
142 322
142 483
142 609
143 1009
143 1366
143 252
143 431
143 533
143 808
143 907
143 950
144 1082
144 1146
144 1172
144 1235
144 1447
144 147
144 149
144 585
144 711
144 786
144 867
145 1081
145 1276
145 1283
145 1345
145 206
145 751
146 1134
146 1355
146 1480
146 209
146 263
146 312
146 557
146 869
147 1172
147 1235
147 1447
147 449
147 585
148 1183
148 180
148 440
148 465
148 579
148 996
149 1082
149 1146
149 1232
149 867
149 985
150 1038
150 1124
150 1274
150 1327
150 1333
150 1350
150 1473
150 291
150 474
150 543
150 604
150 705
150 905
151 1141
151 1156
151 497
151 566
151 624
151 872
151 956
152 1149
152 1164
152 1437
152 281
152 310
152 317
152 390
152 702
152 826
153 1109
153 1446
153 545
153 738
153 890
154 1113
154 1189
154 1230
154 1303
154 190
154 277
154 353
154 600
154 703
154 791
154 889
155 1030
155 1057
155 1439
155 168
155 273
155 854
156 1076
156 1287
156 1346
156 420
156 440
156 630
156 640
156 677
156 763
156 811
156 880
157 1056
157 1107
157 1112
157 1204
157 1373
157 330
157 468
157 687
157 721
157 937
158 1068
158 1420
158 1469
158 850
158 977
159 1091
159 1145
159 1289
159 1290
159 264
159 496
159 565
159 879
159 952
160 1250
160 1411
160 1463
160 469
160 499
160 511
160 779
160 865
160 968
160 994
161 1231
161 1242
161 1255
161 1372
161 347
161 415
161 429
161 530
161 944
161 965
162 1118
162 1489
162 341
162 657
162 859
162 972
163 1377
163 1426
163 392
163 469
163 736
163 779
163 789
164 1168
164 1357
164 364
164 712
164 831
164 887
165 1147
165 1330
165 1338
165 1375
165 1484
165 382
165 384
165 414
165 998
166 1030
166 1139
166 1187
166 1415
166 214
166 614
166 615
166 819
166 854
167 1125
167 1131
167 1481
167 215
167 406
167 590
167 715
167 961
167 962
168 1057
168 1069
168 1439
168 1440
168 1480
168 273
168 299
168 512
168 548
168 610
168 833
168 885
169 1273
169 1295
169 287
169 322
169 476
169 652
169 813
169 817
170 1009
170 1035
170 1313
170 1441
170 335
170 352
170 728
170 984
171 1056
171 1107
171 468
171 721
171 753
171 805
172 1053
172 1152
172 1452
172 218
172 304
172 675
172 778
172 785
172 858
172 934
173 1019
173 1153
173 1292
173 1316
173 1421
173 234
173 480
173 803
173 814
173 822
173 910
173 974
174 1177
174 1417
174 1490
174 203
174 208
174 549
174 685
174 972
175 316
175 489
175 502
175 735
175 783
175 807
176 1280
176 1368
176 680
176 848
176 928
177 1179
177 1238
177 1335
177 1351
177 1408
177 329
177 373
177 583
177 723
177 801
178 1093
178 1183
178 1330
178 1359
178 180
178 432
178 563
178 653
178 798
178 936
179 1101
179 1179
179 1200
179 1217
179 1335
179 1450
179 363
179 520
179 788
180 1028
180 1076
180 1163
180 1183
180 1229
180 1246
180 1359
180 1371
180 438
180 440
180 465
180 559
180 563
180 579
180 630
180 653
180 677
180 996
181 1301
181 1340
181 1362
181 507
181 619
181 733
181 748
182 1184
182 1398
182 365
182 372
182 636
182 784
183 1005
183 1166
183 1240
183 1299
183 1315
183 185
183 227
183 280
183 334
183 403
183 486
183 806
183 878
183 931
184 1166
184 1315
184 406
184 501
184 732
184 962
185 1035
185 1119
185 1227
185 1297
185 1299
185 1321
185 352
185 486
185 806
185 931
186 1077
186 1202
186 1222
186 1336
186 373
186 395
186 687
186 752
186 899
186 955
187 1045
187 1105
187 1472
187 376
187 401
187 467
187 583
187 871
187 920
187 982
188 1393
188 1483
188 410
188 760
188 894
188 943
189 1245
189 1429
189 1449
189 1470
189 355
189 393
189 513
189 809
189 980
189 998
190 1343
190 1384
190 269
190 600
190 703
190 791
190 862
190 889
190 958
190 990
191 1005
191 308
191 519
191 602
191 915
191 968
191 994
192 1210
192 1251
192 1259
192 1350
192 250
192 606
192 900
193 1042
193 1195
193 1477
193 276
193 379
193 396
193 575
193 582
193 821
194 255
194 390
194 527
194 634
194 652
194 804
194 881
195 1043
195 1181
195 1483
195 294
195 410
195 475
195 492
195 554
195 760
196 1004
196 1114
196 1159
196 1199
196 1233
196 1331
196 942
197 1167
197 1282
197 1293
197 1428
197 1440
197 1486
197 318
197 514
197 810
197 884
198 1007
198 1023
198 1197
198 1421
198 1488
198 248
198 704
198 875
198 898
198 910
199 230
199 374
199 430
199 632
199 911
200 1021
200 1130
200 1198
200 1391
200 1454
200 592
200 601
200 820
200 883
200 912
201 1268
201 1348
201 1414
201 1424
201 240
201 323
201 551
201 556
201 650
201 690
201 705
201 913
202 1151
202 1218
202 1312
202 1328
202 368
202 564
202 593
202 611
203 1417
203 271
203 346
203 549
203 667
203 685
203 699
204 1024
204 1277
204 271
204 385
204 404
204 424
204 473
204 496
204 795
204 948
205 1125
205 1238
205 1351
205 215
205 503
205 547
205 715
205 927
205 959
206 1276
206 1283
206 1345
206 315
206 659
207 1400
207 1427
207 212
207 332
207 405
207 724
208 1041
208 1177
208 1213
208 1490
208 538
208 549
208 588
208 607
208 866
209 1126
209 312
209 360
209 453
209 557
209 654
209 818
209 869
210 1003
210 1205
210 1284
210 1450
210 253
210 293
210 345
210 354
210 400
210 616
210 788
211 1143
211 1237
211 1320
211 1334
211 1429
211 1449
211 558
211 755
211 844
212 1053
212 1171
212 1261
212 1291
212 1400
212 1427
212 332
212 405
212 724
212 797
213 1106
213 1432
213 239
213 337
213 370
213 397
213 745
213 824
213 935
214 1187
214 1415
214 614
215 1125
215 1204
215 330
215 503
215 590
215 715
215 937
215 961
216 1040
216 1175
216 1323
216 1358
216 1364
216 541
216 650
216 718
216 754
217 1326
217 1389
217 1434
217 229
217 349
217 537
217 632
218 1168
218 1452
218 625
218 712
218 780
218 785
218 934
219 1113
219 1159
219 1233
219 1281
219 1303
219 1331
219 353
219 917
219 942
220 1032
220 1046
220 1317
220 1344
220 1381
220 242
220 458
220 622
220 629
220 713
220 773
221 1435
221 1487
221 292
221 387
221 839
221 909
221 929
221 969
222 1161
222 1298
222 1347
222 1385
222 245
222 267
222 450
222 506
222 596
222 749
222 822
222 828
223 1228
223 1293
223 1428
223 1476
223 318
223 340
223 425
223 884
224 1010
224 1063
224 1185
224 1267
224 1382
224 367
224 412
224 456
224 591
224 857
224 947
224 973
225 1448
225 447
225 691
225 824
225 838
225 992
226 1156
226 1284
226 509
226 624
226 637
226 747
226 872
226 939
226 959
227 1005
227 1013
227 1166
227 1240
227 1315
227 261
227 280
227 286
227 915
228 1324
228 1372
228 347
228 402
228 530
228 576
228 772
228 903
228 925
229 1270
229 1326
229 1389
229 1434
229 349
229 537
229 571
229 591
229 794
229 947
230 1186
230 336
230 349
230 374
230 430
230 611
230 632
230 655
230 911
231 1011
231 1066
231 1099
231 1136
231 1160
231 1190
231 1395
231 1403
231 1453
231 394
231 483
231 716
231 812
231 813
231 932
232 1075
232 1257
232 1304
232 319
232 351
232 546
232 849
233 1005
233 1012
233 1150
233 308
233 334
233 392
233 403
233 459
233 796
234 1019
234 1292
234 1316
234 1421
234 248
234 588
234 704
234 803
234 910
235 1030
235 1057
235 1069
235 1139
235 1480
235 263
235 273
235 285
235 615
236 1128
236 1243
236 1387
236 1472
236 376
236 451
236 744
236 827
236 982
237 1038
237 1274
237 1416
237 323
237 445
237 556
237 913
237 940
238 1079
238 1444
238 1469
238 517
238 522
238 539
238 722
238 746
239 1106
239 1148
239 1169
239 1432
239 254
239 325
239 337
239 370
239 745
239 764
239 782
240 1176
240 1236
240 1348
240 1414
240 302
240 389
240 428
240 551
240 594
240 647
240 710
241 1058
241 293
241 309
241 637
241 747
241 845
241 956
242 1032
242 1046
242 1098
242 1211
242 1276
242 1344
242 1381
242 458
242 528
242 567
242 762
242 918
243 1016
243 1048
243 1050
243 1194
243 1207
243 1224
243 1460
243 251
243 504
243 578
243 734
243 793
244 1064
244 1383
244 322
244 324
244 825
244 870
245 1298
245 1347
245 260
245 415
245 534
245 596
245 897
246 1016
246 1051
246 1210
246 1374
246 311
246 595
246 635
246 902
247 1468
247 276
247 296
247 313
247 379
247 599
247 770
247 771
247 946
248 1041
248 1177
248 1488
248 1489
248 588
248 607
248 704
248 898
248 910
249 1117
249 1207
249 1448
249 1460
249 461
249 540
249 701
249 891
249 901
249 978
250 1251
250 1350
250 1473
250 428
250 606
250 678
250 710
250 914
251 1050
251 1207
251 1460
251 270
251 504
251 734
251 799
251 979
252 1009
252 1366
252 1404
252 1441
252 533
252 683
253 1003
253 1065
253 1097
253 1205
253 293
253 309
253 354
253 491
253 742
253 941
254 1148
254 1164
254 317
254 325
254 370
254 764
254 782
255 1025
255 1071
255 1178
255 1296
255 357
255 370
255 390
255 527
255 764
255 782
255 787
256 1236
256 1251
256 1259
256 428
256 594
256 678
256 710
256 900
257 1033
257 1055
257 1407
257 333
257 359
257 531
257 752
257 894
258 1220
258 1285
258 1385
258 1406
258 1410
258 305
258 481
258 568
258 993
259 1180
259 361
259 416
259 664
259 673
260 1298
260 342
260 415
260 529
260 534
260 586
260 596
260 897
260 945
261 1166
261 286
261 421
261 915
262 1043
262 1052
262 1193
262 1203
262 554
263 1139
263 1480
263 285
263 312
263 557
264 1091
264 1145
264 496
264 675
264 780
264 785
264 858
264 952
265 1422
265 331
265 493
265 510
265 552
265 577
265 767
265 868
266 1106
266 1169
266 1437
266 1448
266 447
266 461
266 540
266 692
266 745
266 824
266 978
267 1153
267 1347
267 1445
267 274
267 506
267 596
267 749
267 822
267 828
267 987
268 306
269 1343
269 1384
269 1486
269 600
269 629
269 684
269 703
269 862
270 1460
270 447
270 504
270 701
270 799
270 838
271 1490
271 1491
271 290
271 328
271 396
271 424
271 473
271 685
271 694
272 1088
272 1120
272 1356
272 1423
272 603
272 651
272 686
272 700
272 835
273 1030
273 1057
273 1069
273 1139
273 1439
273 1480
273 854
274 1162
274 1347
274 1445
274 415
274 555
274 569
274 596
275 1039
275 1319
275 1360
275 417
275 536
275 572
275 707
275 740
275 840
276 1195
276 1477
276 296
276 379
276 582
276 599
276 771
277 1113
277 1189
277 1230
277 1454
277 1471
277 344
277 353
277 435
277 600
277 791
277 836
278 1006
278 1378
278 1443
278 754
278 919
278 922
279 1008
279 1083
279 1219
279 375
279 617
279 975
279 983
280 1013
280 1166
280 1240
280 286
280 486
280 560
280 806
280 931
281 1149
281 1164
281 1249
281 390
281 702
281 881
282 1239
282 1263
282 399
282 487
282 613
282 741
283 1447
283 307
283 449
283 482
283 516
283 737
283 815
283 842
283 938
284 1087
284 1118
284 1417
284 346
284 523
284 549
284 607
284 657
284 972
285 1126
285 1139
285 1478
285 312
285 557
285 615
285 739
285 819
286 1013
286 1094
286 1166
286 421
286 501
286 560
287 1066
287 1160
287 1265
287 1273
287 1430
287 394
287 483
287 562
287 813
288 1026
288 1085
288 1090
288 1322
288 1479
288 344
288 836
288 918
289 1297
289 1299
289 459
289 485
289 627
289 719
289 878
290 1024
290 1042
290 1491
290 328
290 396
290 424
290 877
291 1038
291 1124
291 1274
291 1333
291 1350
291 1473
291 323
291 474
291 551
291 705
291 914
292 1047
292 1349
292 387
292 791
292 839
292 909
292 929
293 1003
293 1284
293 309
293 637
293 747
294 1043
294 1052
294 1181
294 410
294 554
294 644
295 339
295 391
295 418
295 426
295 597
295 665
295 855
296 1468
296 303
296 313
296 379
296 582
296 599
296 698
296 770
296 919
297 1080
297 1167
297 1293
297 1482
297 301
297 340
297 660
297 862
297 925
297 990
298 1301
298 1397
298 1456
298 444
298 508
298 761
298 974
299 1057
299 1134
299 1165
299 1288
299 1355
299 1480
299 362
299 610
299 991
300 1212
300 1257
300 1465
300 319
300 351
300 433
300 546
300 765
301 1482
301 340
301 576
301 772
301 874
301 925
301 990
302 1176
302 1348
302 389
302 647
302 650
302 681
302 829
302 886
303 1127
303 313
303 379
303 439
303 582
303 698
303 821
304 1053
304 1152
304 1171
304 1225
304 477
304 675
304 778
304 823
304 934
305 1316
305 1385
305 1406
305 481
305 538
305 568
305 588
305 814
305 866
305 993
306 1225
306 823
307 449
307 482
307 815
307 842
308 1005
308 1012
308 392
308 469
308 602
308 750
308 796
308 994
309 1003
309 1058
309 742
309 747
309 941
310 1149
310 1164
310 1169
310 1437
310 317
310 325
310 702
311 1051
311 1210
311 1259
311 1306
311 661
311 902
312 1126
312 1134
312 1478
312 360
312 452
312 557
312 654
312 869
313 1127
313 1468
313 379
313 698
313 821
314 445
314 536
314 556
314 639
314 707
314 913
314 916
314 940
315 1472
315 451
315 521
315 659
315 744
316 489
316 502
316 735
317 1149
317 1164
317 325
317 764
318 1080
318 1167
318 1215
318 1282
318 1293
318 1428
318 340
318 425
318 758
318 884
319 1078
319 1257
319 1304
319 351
319 546
319 849
319 963
320 1123
320 1272
320 366
320 369
320 525
320 697
320 774
320 776
320 954
321 1310
321 1376
321 1396
321 436
321 587
322 1108
322 1383
322 476
322 483
322 813
322 817
322 870
323 1038
323 1274
323 551
323 556
323 705
324 1022
324 1064
324 1117
324 1154
324 553
324 692
324 825
324 901
324 983
325 1106
325 1148
325 1164
325 1169
325 1437
326 1334
326 1339
326 1368
326 1370
326 462
326 645
326 671
326 848
327 1068
327 1079
327 1096
327 1162
327 1420
327 1445
327 1461
327 569
327 633
327 722
327 850
327 873
327 908
327 977
328 1042
328 1266
328 1491
328 396
328 424
328 582
328 685
328 877
329 1179
329 1238
329 1351
329 1408
329 547
329 605
329 723
329 801
330 1094
330 1131
330 1204
330 1412
330 590
330 937
330 961
331 1018
331 1188
331 1365
331 1407
331 422
331 725
331 767
331 868
332 1192
332 1291
332 1400
332 1427
333 1222
333 1279
333 1407
333 359
333 422
333 542
333 725
333 752
333 852
333 871
334 1005
334 1012
334 1299
334 1315
334 403
334 459
334 519
334 602
334 627
334 878
335 1009
335 1135
335 1221
335 1313
335 1366
335 1404
335 1441
335 431
335 728
336 1129
336 1186
336 349
336 456
336 478
336 632
336 655
336 670
336 781
336 911
336 947
337 1432
337 357
337 370
337 397
337 782
337 787
337 935
338 1201
338 1300
338 1397
338 1456
338 522
338 619
338 746
339 1062
339 1196
339 391
339 426
339 507
339 597
339 748
339 855
340 1080
340 1167
340 1170
340 1228
340 1293
340 425
340 758
341 1023
341 1489
341 398
341 859
341 875
341 898
342 415
342 529
342 555
342 596
342 897
342 944
342 965
343 1091
343 1277
343 1379
343 1392
343 385
343 404
343 496
343 565
344 1021
344 1085
344 1454
344 1471
344 836
344 883
344 957
345 1027
345 1101
345 1115
345 1205
345 1217
345 1284
345 1450
345 363
345 400
345 413
345 788
346 1084
346 1118
346 1417
346 388
346 523
346 549
346 699
346 835
347 1096
347 1372
347 402
347 429
347 530
347 903
348 1011
348 1136
348 1140
348 384
348 513
348 642
348 688
348 708
348 896
348 998
349 1129
349 1434
349 632
349 794
349 947
350 1147
350 1330
350 1338
350 1359
350 1484
350 382
350 441
350 563
350 638
351 1075
351 546
351 765
351 849
352 1009
352 1035
352 1227
352 1321
352 486
352 802
352 806
352 892
352 907
353 1113
353 1159
353 1189
353 1303
353 1361
354 1027
354 1065
354 1097
354 1205
354 1307
354 400
355 1245
355 1252
355 1455
355 393
355 513
355 674
356 380
356 647
356 681
356 829
356 834
356 922
357 1025
357 1138
357 1178
357 1296
357 1367
357 1419
357 782
357 787
358 1141
358 1311
358 495
358 658
358 747
358 872
358 956
359 1033
359 1077
359 1222
359 422
359 752
359 871
360 1134
360 362
360 453
360 654
360 818
360 869
361 1062
361 1180
361 1196
361 664
361 855
362 1081
362 1134
362 1165
362 1234
362 1288
362 1381
362 453
362 458
362 713
362 762
362 818
362 869
362 976
362 991
363 1101
363 1174
363 1200
363 413
363 479
364 1047
364 1133
364 1231
364 1357
364 662
364 831
364 887
365 1390
365 1398
365 372
365 437
365 636
365 672
365 784
366 1116
366 1157
366 1272
366 1286
366 1314
366 369
366 407
366 525
366 544
366 774
366 776
366 960
367 1063
367 1185
367 1382
367 412
367 570
367 856
367 857
367 995
368 1116
368 1218
368 564
368 611
368 655
368 757
368 775
369 1073
369 1286
369 525
369 697
369 776
369 859
369 954
369 960
370 1025
370 1106
370 1148
370 764
370 782
370 787
370 935
371 1088
371 1173
371 1356
371 1364
371 1423
371 494
371 628
372 1024
372 1184
372 424
372 470
372 636
372 784
372 795
372 877
373 1105
373 1222
373 395
373 583
373 723
373 801
373 955
373 966
374 1186
374 1312
374 1328
374 430
374 564
374 593
374 611
374 655
374 911
375 1022
375 1064
375 1219
375 1457
375 553
375 617
375 769
375 975
375 983
376 1387
376 1472
376 451
376 467
376 521
376 920
377 1029
377 1465
377 378
377 759
377 808
377 847
377 863
377 950
378 1013
378 1029
378 421
378 560
378 759
378 802
378 808
379 1195
379 582
379 771
379 821
380 1175
380 681
380 829
380 922
381 1032
381 1098
381 1230
381 684
381 703
381 836
381 918
381 921
382 1147
382 1330
382 1338
382 1359
382 1484
382 561
382 563
382 638
382 981
382 984
383 1010
383 1039
383 1123
383 1258
383 1275
383 1319
383 456
383 478
383 670
383 986
384 1136
384 1140
384 1147
384 1375
384 642
384 688
384 695
384 998
385 1220
385 1277
385 1290
385 1379
385 404
385 473
385 496
385 565
385 948
386 1061
386 446
386 587
386 696
387 1047
387 1242
387 1255
387 1343
387 1349
387 1435
387 454
387 791
387 909
388 1084
388 1118
388 1417
388 667
388 699
388 949
389 1236
389 594
389 647
389 834
390 1025
390 1148
390 1149
390 1164
390 764
390 881
391 1340
391 426
391 507
391 597
391 665
391 748
391 846
392 1012
392 1150
392 1426
392 469
392 602
392 627
392 750
392 789
392 796
393 1160
393 1245
393 1252
393 1455
393 1470
393 674
393 716
393 932
393 980
393 999
394 1000
394 1066
394 1160
394 1265
394 1430
394 483
394 562
394 813
395 1222
395 1279
395 1336
395 723
395 752
395 955
395 966
396 1042
396 1491
396 575
396 582
397 1256
397 824
397 935
398 1023
398 1197
398 418
398 859
398 875
399 1263
399 1307
399 1415
399 739
399 741
399 832
400 1027
400 1205
400 1450
401 1045
401 1105
401 1214
401 1387
401 1399
401 1472
401 852
401 920
401 982
402 1080
402 1096
402 1342
402 1482
402 415
402 429
402 530
402 569
402 903
402 908
402 925
403 1005
403 1240
403 459
403 878
403 931
404 1024
404 1277
404 1379
404 470
404 795
404 948
405 1017
405 1133
405 1155
405 1261
405 1427
405 724
405 797
406 1131
406 1481
406 501
406 566
406 676
406 715
406 732
406 961
406 962
407 1062
407 1180
407 1197
407 1314
407 525
407 597
407 855
407 960
408 1135
408 441
408 526
408 561
408 638
408 728
408 923
408 984
409 1017
409 1113
409 1155
409 1244
409 1261
409 1281
409 1487
409 682
409 839
409 917
409 969
410 1181
410 1393
410 1483
410 760
411 1122
411 1137
411 449
411 524
411 598
411 815
412 1063
412 1270
412 1326
412 1382
412 537
412 570
412 591
412 947
413 1081
413 1101
413 1115
413 1174
413 1283
413 1386
413 1450
413 906
414 1262
414 1330
414 1338
414 1375
414 688
414 798
414 936
414 997
415 1059
415 1242
415 1347
415 429
415 530
415 555
415 569
415 596
415 897
415 944
415 965
416 1180
416 1314
416 544
416 664
416 673
416 960
417 1039
417 1123
417 1258
417 1319
417 1380
417 572
417 840
418 1023
418 1197
418 597
418 665
418 855
418 875
419 1016
419 1020
419 1194
419 1306
419 578
419 595
419 635
419 793
419 924
420 1287
420 1346
420 1418
420 440
420 608
420 677
420 996
421 1013
421 1029
421 1094
421 1412
421 560
421 759
422 1188
422 1407
422 542
422 725
422 767
422 871
423 1117
423 461
423 702
423 825
423 826
423 870
423 891
423 978
424 1024
424 1184
424 1266
424 636
424 795
424 877
425 1209
425 1228
425 1282
425 1476
425 758
425 833
425 884
425 885
426 1196
426 855
427 1027
427 1115
427 452
427 649
427 654
427 906
428 1251
428 551
428 594
428 678
428 710
428 914
429 1059
429 1096
429 530
429 569
429 944
430 611
430 632
431 1009
431 1366
431 728
431 892
432 1072
432 1093
432 1183
432 1246
432 1330
432 1359
432 1401
432 1451
432 653
432 798
432 876
432 936
432 997
433 1144
433 1212
433 1257
433 1465
433 863
433 893
433 963
434 1060
434 1084
434 1195
434 1477
434 699
434 771
434 946
434 949
435 1189
435 1230
435 1471
435 600
435 836
435 921
435 957
436 1100
436 1310
436 1376
436 1396
436 1402
436 790
437 1127
437 1398
437 1467
438 1028
438 1302
438 1346
438 1352
438 1371
438 579
438 608
438 996
439 1127
439 698
439 766
440 1076
440 630
440 677
440 996
441 1028
441 1359
441 1371
441 526
441 561
441 563
441 638
442 1178
442 1334
442 1337
442 1367
442 1370
442 1419
442 462
442 488
442 634
442 671
442 689
442 755
443 1026
443 1085
443 1090
443 1391
443 1464
443 484
443 592
443 601
443 693
443 951
444 1019
444 1421
444 508
444 704
444 733
444 761
444 803
444 974
445 1038
445 1039
445 1275
445 1319
445 1416
445 556
445 707
445 853
445 940
446 1061
446 612
446 640
446 696
446 743
446 768
446 880
447 1050
447 1102
447 1223
447 691
447 799
447 824
447 838
447 964
447 979
448 1033
448 1055
448 1077
448 1191
448 1202
448 1336
448 1393
448 644
449 1447
449 815
450 1070
450 1161
450 1285
450 1385
450 1410
450 506
450 822
451 1243
451 1472
451 521
451 744
452 1027
452 1126
452 1307
452 1329
452 1369
452 1478
452 654
452 832
453 1234
453 1276
453 1381
453 458
453 751
453 818
453 869
453 991
454 1242
454 1255
454 1324
454 1343
454 1349
454 1435
454 530
454 576
454 772
454 874
454 990
455 1446
455 1466
455 472
455 786
455 812
455 867
455 985
456 1010
456 478
456 621
456 670
456 781
456 947
456 973
457 1151
457 1218
457 673
457 717
458 1046
458 1165
458 1211
458 1234
458 1381
458 713
458 773
458 991
459 1012
459 1150
459 627
459 719
459 878
460 1247
460 1443
460 1468
460 620
460 698
460 770
461 1117
461 1207
461 1437
461 540
461 692
461 826
461 891
461 978
462 1110
462 1138
462 1367
462 1370
462 1419
462 671
463 1212
463 765
464 1217
464 1458
464 509
464 520
464 616
464 624
464 939
465 1093
465 1183
465 1246
465 1401
465 653
466 1046
466 1322
466 1479
466 528
466 744
466 918
466 930
466 988
467 1174
467 1309
467 1436
467 479
467 521
467 583
467 659
467 727
467 920
468 1056
468 1107
468 687
468 721
468 753
468 805
469 1411
469 602
469 750
469 779
469 968
469 994
470 1024
470 1277
470 1379
470 679
470 784
470 795
471 1104
471 1208
472 1000
472 1453
472 1466
472 584
472 646
472 668
472 985
473 1213
473 1220
473 1290
473 496
473 498
473 568
473 685
473 694
473 948
474 1038
474 1124
474 1241
474 1333
474 933
475 1483
475 492
475 554
475 760
476 1095
476 1108
476 1249
476 609
476 652
476 817
477 1152
477 1225
477 1392
477 1425
477 778
477 823
478 1123
478 1186
478 1258
478 564
478 655
478 670
478 774
478 800
478 986
479 1101
479 1174
479 1200
479 1386
479 1436
479 727
480 1153
480 1292
480 1410
480 729
480 803
480 814
480 822
480 953
480 974
481 1070
481 1220
481 1285
481 1290
481 1305
481 1385
481 1406
481 568
481 879
482 490
482 516
482 598
482 815
482 938
483 1015
483 1066
483 1095
483 1158
483 1395
483 813
484 1086
484 1243
484 1422
484 1438
484 1464
484 827
484 951
485 1287
485 1299
485 1346
485 1418
485 627
485 719
485 763
485 882
486 560
486 802
486 806
486 907
487 1036
487 1226
487 1239
487 1263
487 491
487 574
487 706
487 741
488 1178
488 1260
488 1334
488 1337
488 1367
488 1370
488 1429
488 671
488 689
488 755
488 844
489 1044
489 1463
489 502
489 631
489 735
489 807
489 845
489 860
490 516
490 598
490 683
490 815
490 893
490 938
490 963
491 1036
491 1097
491 1239
491 1263
491 532
491 574
491 641
491 742
492 1043
492 1193
492 554
492 760
493 1086
493 1422
493 552
493 864
494 1088
494 1173
494 1358
494 1364
494 541
494 643
494 904
495 1037
495 1141
495 1311
495 1411
495 499
495 631
495 658
495 676
495 860
496 1091
496 1145
496 1277
496 1290
496 565
496 675
496 858
497 1125
497 1156
497 1481
497 509
497 566
497 624
497 927
497 959
498 1213
498 1220
498 1406
498 568
498 694
498 948
499 1037
499 1311
499 1411
499 1463
499 631
499 676
499 860
499 968
500 1060
500 1088
500 1173
500 1325
500 1477
500 541
500 599
500 643
500 686
500 700
500 792
501 1094
501 1131
501 1166
501 961
501 962
502 1044
502 663
502 726
502 783
502 807
503 1125
503 1204
503 1254
503 1351
503 547
503 590
503 927
503 937
504 1194
504 1224
504 1460
504 734
504 793
505 1214
505 1422
505 1438
505 1464
505 510
505 767
505 982
506 1070
506 1161
506 1298
506 1385
506 749
506 828
507 1007
507 1301
507 1340
507 597
507 665
507 733
507 748
507 761
507 846
508 1300
508 1301
508 1362
508 1397
508 733
508 761
509 1156
509 1458
509 624
509 927
509 939
509 959
510 1422
510 552
510 767
510 864
511 1100
511 1396
511 1411
511 1463
511 631
511 735
511 779
511 865
512 1069
512 1355
512 1440
512 1480
512 548
512 610
512 773
512 810
512 991
513 1011
513 1089
513 674
513 688
513 708
513 998
514 1165
514 1167
514 1288
514 1317
514 1486
514 610
514 622
514 713
514 810
514 862
514 976
515 1087
515 1360
515 1462
515 523
515 572
515 730
515 756
515 840
516 1404
516 683
516 737
516 815
516 938
517 1278
517 1300
517 1444
517 522
517 539
517 709
517 729
518 1168
518 1289
518 666
518 714
518 780
518 952
519 1005
519 1037
519 1315
519 602
519 732
519 915
519 968
520 1217
520 1335
520 1408
520 1458
520 616
520 788
520 939
521 1472
521 659
522 1278
522 1300
522 1397
522 1444
522 539
522 722
522 746
523 1087
523 1442
523 657
523 730
523 731
523 835
524 1078
524 1122
524 1137
524 1257
524 1304
524 598
524 815
525 1197
525 875
525 954
525 960
526 1028
526 1302
526 1352
526 1371
526 561
526 923
527 1025
527 1071
527 634
528 1046
528 1211
528 1276
528 567
528 918
529 1357
529 662
529 831
529 897
529 965
530 1231
530 1242
530 1255
530 1324
530 1372
530 772
530 925
531 1365
531 1407
531 894
531 943
532 1036
532 1132
532 574
532 706
532 742
533 1009
533 1144
533 759
533 808
533 847
533 863
533 893
533 907
533 950
534 1305
534 666
534 714
534 831
534 897
534 945
535 1064
535 1383
535 1457
535 553
535 617
536 1360
536 639
536 707
536 740
536 851
536 940
537 1270
537 1326
537 1434
537 591
537 794
538 1041
538 1316
538 549
538 568
538 588
538 607
538 910
539 1300
539 746
540 1207
540 1448
540 1460
540 692
540 701
540 978
541 1040
541 1088
541 1358
541 1364
541 643
541 754
541 792
541 904
542 1045
542 1188
542 725
542 852
542 871
543 1124
543 1241
543 1248
543 1327
543 1333
543 589
543 604
543 905
544 1157
544 1286
544 1314
544 673
544 960
545 584
545 646
545 890
546 1257
546 765
547 1238
547 1254
547 1351
547 1408
547 605
547 927
548 1069
548 1282
548 1439
548 1440
548 884
548 885
549 1177
549 1417
549 607
549 972
550 1014
550 1083
550 1216
550 1294
550 1388
550 1394
551 1414
551 705
551 710
551 914
552 864
553 1022
553 1064
553 1154
553 1457
554 1043
554 1052
554 1193
554 1203
555 1059
555 1162
555 569
555 596
555 944
556 1038
556 913
556 940
557 1126
557 1139
557 739
557 819
558 1072
558 1143
558 1237
558 1253
558 1264
558 645
558 844
559 1001
559 1076
559 1121
559 1163
559 1229
559 1433
560 1013
560 759
560 802
560 907
561 1035
561 1371
561 563
561 638
561 923
561 981
561 984
562 1000
562 1066
562 1160
562 1252
562 1265
562 1430
562 890
563 1028
563 1359
563 1371
563 638
564 1116
564 1186
564 1218
564 1312
564 1328
564 611
564 655
564 774
564 775
564 800
565 1091
565 1220
565 1285
565 1290
565 879
566 1141
566 1156
566 1481
566 676
566 872
567 1276
567 1283
567 762
567 918
567 930
568 1213
568 1220
568 1290
568 1406
568 588
568 685
568 866
569 1059
569 1096
569 1162
569 1347
569 1445
569 1461
569 908
570 1326
570 1382
570 571
570 591
570 856
570 967
571 1102
571 1223
571 1326
571 1389
571 1413
571 591
571 669
571 926
571 967
572 1123
572 1272
572 1360
572 1380
572 1462
572 776
572 840
573 1073
573 1087
573 657
573 697
573 730
573 859
573 954
574 1003
574 1036
574 1065
574 1097
574 1263
574 1369
574 641
574 706
574 741
574 742
575 1195
575 1477
575 667
575 699
575 949
576 1324
576 1435
576 772
576 874
576 925
577 1018
577 868
577 971
578 1016
578 1194
578 1224
578 1306
578 769
578 924
578 983
579 1028
579 1183
579 1352
579 996
580 1143
580 1253
580 1262
580 1280
580 876
580 997
581 1256
582 1042
582 1266
582 821
583 1105
583 1279
583 1399
583 727
583 801
583 920
583 966
584 1000
584 1453
584 646
584 890
585 1172
585 1353
585 711
586 1298
586 749
586 945
587 1310
588 1041
588 1213
588 1292
588 1316
588 866
588 910
588 993
589 1049
589 1124
589 1185
589 1241
589 1248
589 1333
589 1363
589 604
589 995
590 1125
590 1131
590 1204
590 961
591 1270
591 1326
591 1382
591 947
592 1026
592 1085
592 1391
592 601
592 883
593 1312
593 611
594 1236
594 678
594 710
595 1051
595 1306
595 635
596 1298
596 1347
596 749
597 1007
597 1062
597 1197
597 665
597 855
598 1078
598 1122
598 815
598 963
599 1325
599 1477
599 770
599 771
599 792
599 919
599 946
600 1189
600 1230
600 684
600 703
600 921
601 1021
601 1085
601 1090
601 1198
601 1391
601 693
601 883
601 912
601 951
602 1005
602 1012
602 1037
602 1411
602 968
602 994
603 1423
603 686
603 756
603 851
604 1048
604 1049
604 1050
604 1124
604 1248
604 1327
604 1341
604 1363
605 1254
605 1351
605 723
605 899
605 955
606 1210
606 1251
606 1350
606 1374
606 1473
606 900
606 905
607 1041
607 1177
607 1488
607 1489
607 910
607 972
608 1299
608 1302
608 1346
608 1352
608 1371
608 1418
609 1015
609 1067
609 1095
609 1103
609 1383
610 1165
610 1288
610 1355
610 1440
610 1480
610 773
610 810
610 885
610 991
611 1312
611 655
612 1433
612 640
612 656
612 743
612 768
612 989
613 1239
613 626
614 1139
614 1187
614 1415
614 819
614 854
615 1030
615 1139
615 1415
615 1478
615 739
615 819
616 1217
616 788
616 939
617 1064
617 1083
617 1219
617 1457
617 777
617 983
618 1343
618 1344
618 622
618 629
618 703
618 862
618 925
618 976
619 1201
619 1300
619 1301
619 1362
619 1456
620 1247
620 1443
620 1468
621 1010
621 1267
621 1275
621 670
621 781
621 853
621 973
622 1317
622 1344
622 1486
622 629
622 713
622 862
622 976
623 1081
623 1345
623 1386
623 649
623 751
623 818
623 906
624 1156
624 1284
624 637
624 747
624 872
624 939
624 956
625 1053
625 1171
625 1452
625 712
625 724
625 797
625 934
626 1036
626 1226
626 1239
627 1012
627 1150
627 1287
627 1299
627 1418
627 1426
627 719
627 720
627 878
627 882
628 1040
628 1088
628 1120
628 1323
628 1356
628 1364
629 1032
629 1098
629 1344
629 1486
629 684
629 703
629 862
630 1076
630 1229
630 1246
630 1287
630 1433
630 640
630 677
630 743
630 811
630 989
631 1411
631 1463
631 658
631 735
631 807
631 860
632 1129
632 1434
632 794
632 911
632 947
633 1079
633 1278
633 1444
633 1445
633 722
633 987
634 1071
634 1178
634 1260
634 1337
634 1419
634 804
634 881
635 1016
635 1020
636 1184
636 1266
636 795
637 747
637 956
638 1135
638 1147
638 861
638 984
639 651
639 740
639 851
639 916
639 940
640 1076
640 1433
640 743
640 811
640 880
640 989
641 1097
641 1239
641 1263
641 1307
642 1140
642 1375
642 688
642 695
642 843
642 896
643 1173
643 1325
643 792
643 904
644 1033
644 1052
644 1077
644 1181
644 1191
645 1237
645 1253
645 1280
645 1334
645 1370
645 848
646 1466
647 1176
647 1236
647 681
647 829
647 834
648 1422
648 693
649 1081
649 654
649 818
649 906
650 1040
650 1176
650 1348
650 1414
650 1424
650 681
650 690
650 718
650 886
651 1120
651 1356
651 740
651 916
651 940
652 1249
652 1295
652 804
652 817
652 881
653 1072
653 1093
653 1183
653 1246
653 1401
653 936
654 1126
654 818
655 1186
655 1312
656 1001
656 1229
656 1433
656 989
657 1073
657 1087
657 1118
657 731
657 859
658 1311
658 747
658 807
658 845
658 860
658 956
659 1283
659 1309
659 1345
659 1436
660 1167
660 1293
660 1384
660 1428
660 862
660 958
660 990
661 1051
661 1259
661 1306
661 902
662 1047
662 1231
662 1242
662 1357
662 831
662 897
662 965
663 1044
663 1058
663 1132
663 1271
663 726
663 941
664 1062
664 1180
664 1314
664 673
664 757
665 1007
665 1023
665 1197
665 846
666 1092
666 1289
666 1305
666 714
666 945
667 1417
667 699
667 949
668 1000
668 1011
668 1089
668 1099
668 1160
668 1232
668 1453
668 708
668 812
668 985
669 1002
669 1102
669 1413
669 964
669 967
669 979
670 1010
670 1186
670 1275
670 781
670 986
671 1110
671 1138
671 1334
671 1339
671 1367
671 1370
671 844
672 1390
672 1398
672 1467
673 1157
673 1314
673 717
673 757
674 1089
674 1252
674 932
675 1277
675 679
675 785
675 858
676 1037
676 1141
676 1311
676 732
676 962
676 968
677 1287
677 1418
677 996
678 1251
678 1473
678 900
679 1277
679 1379
679 1392
679 1425
679 795
679 858
680 1072
680 1253
680 1280
680 1339
680 1368
680 848
680 876
680 970
681 1175
681 1176
681 829
681 886
681 922
682 1244
682 1281
682 1487
682 917
682 969
683 1221
683 1366
683 1404
683 893
683 938
684 1032
684 1098
684 1230
684 703
684 921
685 1213
685 1490
685 694
686 1088
686 1173
686 1423
686 1442
686 700
686 835
687 1202
687 1254
687 1373
687 721
687 899
687 937
688 1375
688 998
689 1260
689 1320
689 1337
689 1429
689 1475
689 755
689 844
690 1040
690 1120
690 1268
690 1323
690 1414
690 1424
690 705
691 1223
691 1432
691 1448
691 745
691 824
691 838
691 895
691 992
692 1117
692 1207
692 1437
693 1090
693 1422
693 1464
693 951
694 1213
694 1490
694 1491
694 948
695 1140
695 1147
695 1182
695 1318
695 1375
695 1484
695 843
696 720
696 743
696 880
696 882
697 1073
697 1462
697 730
697 776
697 954
698 1443
698 1468
698 770
698 919
699 1060
699 1084
699 1195
699 1477
699 700
699 835
699 949
700 1060
700 1088
700 1477
700 835
701 1448
701 1460
702 1149
702 1249
702 826
703 1098
703 1230
703 1343
703 1344
703 791
704 1007
704 1019
704 1421
704 733
704 761
704 846
704 898
704 910
705 1274
705 1350
705 1414
705 914
706 1003
706 1036
706 1132
706 1226
706 1271
706 726
706 742
707 1039
707 940
708 1011
708 1089
708 1232
708 896
709 1278
709 1444
709 729
709 828
709 987
710 1176
710 1236
710 1251
710 1350
710 1414
710 914
711 1082
711 1140
711 1190
711 1353
711 1403
711 1447
712 1168
712 1452
712 797
712 887
713 1165
713 1317
713 1344
713 1381
713 773
713 810
713 976
714 1145
714 1168
714 1289
714 1305
714 780
714 831
714 952
715 1125
715 1156
715 1481
715 959
715 961
715 962
716 1011
716 1099
716 1136
716 1160
716 1273
716 1470
716 813
716 932
716 998
717 1157
717 1218
717 757
717 775
717 830
718 1040
718 1323
718 1424
718 886
719 1150
719 1426
719 720
719 882
720 1150
720 1426
720 789
720 882
721 1107
721 1202
721 1373
721 805
721 899
722 1079
722 1278
722 1420
722 1444
722 1469
723 1351
723 801
723 955
723 966
724 1053
724 1171
724 1400
724 797
725 1018
725 1188
725 1407
726 1044
726 1132
726 1226
726 1271
726 783
727 1200
727 1399
727 920
728 1009
728 1035
728 1135
728 1313
728 1321
728 892
728 923
728 984
729 1153
729 1278
729 828
729 953
730 1073
730 1087
730 1462
730 731
730 756
731 1073
731 1087
731 1442
732 1037
732 1315
732 962
732 968
733 1007
733 1301
733 1340
733 1362
733 761
733 846
734 1048
734 1050
734 1142
734 1431
734 793
734 979
735 1463
735 807
736 1250
736 1377
736 1474
736 750
736 779
736 789
736 796
737 1147
737 1182
737 1206
737 1221
737 1313
737 1318
737 1404
737 1447
737 842
737 861
737 938
738 1066
738 1109
738 1111
738 1158
738 1395
738 1453
738 890
739 1126
739 1415
739 1478
739 819
739 832
740 1360
740 840
740 851
740 940
741 1097
741 1263
741 1307
741 1369
741 832
742 1003
742 1065
742 1132
742 1271
742 941
743 768
743 811
743 880
743 989
744 1026
744 1243
744 1322
744 1479
744 930
745 1106
745 1169
745 1432
745 1448
745 824
747 1003
747 1284
747 872
747 956
748 1301
748 1340
749 1070
749 1092
749 1298
749 945
750 1250
750 779
750 796
750 994
751 1081
751 1276
751 1345
751 818
752 1033
752 1055
752 1077
752 1222
752 1279
752 1336
753 1056
753 1203
753 1332
754 1040
754 1175
754 1358
754 1378
754 792
754 904
754 919
754 922
755 1320
755 1334
755 1337
755 1370
755 1429
755 1449
755 844
756 1360
756 1462
756 851
757 1116
757 1157
757 1218
757 1314
757 775
757 830
758 1054
758 1080
758 1170
758 1209
758 1228
758 1342
758 837
758 908
759 1029
759 802
759 808
759 847
759 907
759 950
760 1043
760 1181
760 1393
760 1483
761 1007
761 1301
761 1421
761 1456
761 974
762 1081
762 1276
762 1283
762 1381
763 1287
763 1346
763 1426
763 811
763 880
763 882
764 1025
764 1148
764 1149
764 1164
764 782
765 1212
765 1257
766 1127
767 1188
768 1061
768 989
769 1022
769 1194
769 1224
769 924
769 975
769 983
770 1247
770 1325
770 1443
770 1468
770 919
770 946
771 1195
771 1477
771 946
772 1324
772 1343
772 874
772 925
772 990
773 1046
773 1165
773 1317
773 810
773 991
774 1116
774 1123
774 1157
774 1258
774 1272
774 1380
774 1485
774 800
775 1116
775 1218
775 1328
775 1485
775 800
775 830
776 1272
776 1286
776 1462
777 1083
777 1219
777 1294
777 1457
778 1152
778 1392
778 858
779 1250
779 1377
779 1396
779 1411
779 865
779 994
780 1145
780 1168
780 1452
780 785
780 887
780 952
781 1129
781 1186
781 911
781 973
782 1025
782 787
782 935
783 1044
783 1271
783 807
784 1390
784 1398
784 795
785 1452
785 858
785 952
786 1082
786 1235
786 1395
786 1403
786 1446
786 812
786 867
787 1025
787 1138
787 1178
787 1256
787 1367
787 935
788 1217
788 1284
788 1450
789 1150
789 1377
789 1426
789 1474
789 796
790 1100
790 1402
791 1113
791 1230
791 1303
791 1343
791 1349
791 839
791 889
791 917
792 1325
792 904
792 919
793 1016
793 1020
793 1048
793 1142
793 1194
794 1129
794 1270
794 1434
794 947
795 1024
795 1277
796 1150
797 1053
797 1261
797 1452
798 1330
798 1338
798 1359
798 997
799 1050
799 964
799 979
800 1116
800 1186
800 1258
800 1328
800 1485
800 986
801 1179
801 966
802 1013
802 1227
802 806
802 808
802 907
803 1019
803 1292
803 814
803 974
804 1260
804 1295
804 1337
804 1354
804 841
804 881
805 1191
805 1202
806 1013
806 1227
806 1240
806 1297
806 931
807 1044
807 1271
807 845
807 860
808 907
808 950
809 1262
809 1264
809 1429
809 1449
809 936
809 980
810 1165
810 1317
810 1440
810 1486
811 1287
811 1426
811 880
812 1011
812 1082
812 1099
812 1232
812 1395
812 1403
812 1446
812 1453
812 867
812 985
813 1160
813 1273
813 817
814 1292
814 1316
814 1385
814 1410
814 822
814 993
816 1102
816 1223
816 1405
816 838
816 992
817 1108
817 1249
817 1273
817 1295
817 870
818 1081
819 1139
819 1415
820 1004
820 1021
820 1031
820 1130
820 1159
820 1198
820 1199
820 1361
820 912
821 1042
821 1127
821 1184
822 1153
822 1161
822 1316
822 1385
822 1410
822 828
822 953
823 1225
823 1425
824 1106
824 1223
824 1448
824 895
824 992
825 1117
825 1154
825 1383
825 870
825 891
826 1437
826 978
827 1128
827 1243
827 1438
828 1153
828 1161
828 953
828 987
829 834
829 886
830 1116
830 1157
830 1485
831 1047
831 1168
831 1242
831 1357
831 887
831 897
832 1126
832 1307
832 1329
832 1369
832 1478
833 1209
833 1282
833 1439
833 1476
833 884
833 885
835 1442
836 1230
836 1471
836 918
836 921
836 957
837 1054
837 1096
837 1170
837 1342
837 908
837 977
838 1223
838 992
839 1047
839 1113
839 1155
839 1261
839 1349
839 1487
839 909
839 917
839 929
839 969
840 1123
840 1319
840 1360
841 1260
841 1273
841 1295
841 1354
841 1470
841 1475
841 881
841 999
842 1182
842 1206
842 1318
842 1447
842 843
843 1140
843 1182
843 1318
843 1353
843 1447
843 896
844 1237
844 1264
844 1334
844 1429
845 1044
845 1058
845 1271
845 860
845 956
846 1007
846 1340
846 898
847 1144
847 1465
847 863
847 950
848 1253
848 1280
848 1339
848 1368
849 1075
849 1304
850 1068
850 1420
850 1461
850 873
850 977
851 1360
852 1045
852 1105
852 1279
852 1399
852 871
853 1010
853 1038
853 1124
853 1267
853 1275
853 1416
854 1030
854 1139
854 1187
855 1062
855 1180
855 1196
855 1197
856 1049
856 1050
856 1341
856 1363
856 1382
856 995
857 1063
857 1185
857 1241
857 1267
857 933
857 973
857 995
858 1091
858 1277
858 1392
859 1073
859 875
859 954
860 1311
860 1463
860 956
861 1135
861 1147
861 1182
861 1206
861 1313
861 984
862 1167
862 1343
862 1384
862 1486
862 925
862 958
862 990
863 1144
863 1465
863 893
863 950
863 963
864 1086
864 1422
865 1250
865 1463
866 1213
866 1406
866 993
867 1082
867 1146
867 1235
867 985
868 1018
868 1365
868 971
869 1134
869 1355
869 991
870 1108
870 1383
871 1045
871 1105
871 1188
871 1222
871 1279
871 982
872 1141
872 1156
872 956
873 1068
873 1079
873 1162
873 1445
873 1461
874 1349
874 990
875 1023
875 1197
875 954
876 1072
876 1143
876 1253
876 1451
876 970
876 997
877 1024
877 1042
877 1184
877 1266
878 1297
878 1299
878 931
879 1070
879 1092
879 1145
879 1285
879 1289
879 1290
879 1305
880 1426
880 882
881 1260
882 1287
882 1426
883 1021
883 1026
883 1085
883 1454
883 1471
883 957
884 1282
884 1428
884 1476
885 1209
885 1282
885 1439
885 1440
886 1348
886 1424
887 1047
887 1168
887 1261
887 1452
888 1389
888 1405
888 1413
888 926
889 1303
889 1343
889 1349
889 1384
889 990
890 1000
890 1066
890 1111
890 1453
891 1117
891 1154
891 901
891 978
892 1009
892 1227
892 1321
893 1144
893 963
894 1033
894 1055
894 1393
894 943
895 1223
895 1405
895 992
896 1011
896 1136
896 1140
896 1190
896 1232
896 1318
896 1353
897 1242
897 965
898 1007
898 1023
898 1488
898 1489
899 1202
899 1254
899 1373
899 955
900 1251
901 1022
901 1117
901 1154
901 1207
901 1224
901 1460
902 1051
902 1259
903 1096
903 1342
903 1482
903 925
904 1325
904 1358
904 1378
904 919
905 1248
905 1327
905 1333
905 1350
905 1374
905 1473
906 1027
906 1081
906 1101
906 1115
906 1386
906 1450
907 1009
908 1054
908 1080
908 1096
908 1342
908 977
909 1047
909 1133
909 1155
909 1231
909 1255
909 1261
909 1435
909 969
910 1041
910 1316
910 1421
910 1488
911 1129
911 1186
912 1021
912 1031
912 1198
912 1199
913 1268
913 1323
913 916
913 940
914 1350
914 1414
914 1473
915 1005
915 1166
915 1315
915 968
916 1356
917 1113
917 1281
917 1303
917 1349
917 1487
917 929
918 1032
918 1046
918 1098
918 1322
918 1479
918 930
918 988
919 1006
919 1247
919 1325
919 1378
919 1443
920 1105
920 1387
920 1399
920 1472
921 1230
922 1175
923 1035
923 1119
923 1302
923 1321
923 984
924 1194
924 1224
924 1306
924 975
925 1167
925 1343
925 1482
925 990
926 1326
926 1389
926 1413
926 967
927 1125
927 1238
927 1408
927 1458
927 959
929 1349
929 1435
929 1487
930 1479
931 1240
931 1297
931 1299
932 1089
932 1099
932 1160
932 1252
933 1038
933 1124
933 1185
933 1241
933 1267
933 973
934 1053
934 1152
934 1171
934 1452
935 1256
936 1072
936 1143
936 1262
936 1264
936 1330
936 997
937 1204
937 1254
937 1351
937 1373
938 1206
938 1221
938 1404
939 1217
939 1284
939 1458
941 1003
941 1058
941 1132
941 1271
942 1004
942 1159
942 1233
942 1331
944 1059
944 965
945 1092
945 1305
946 1060
946 1195
946 1325
946 1477
947 1063
947 1129
947 1270
947 973
948 1220
949 1084
949 1195
951 1086
951 1391
951 1422
951 1464
952 1091
952 1145
952 1289
953 1153
953 1161
953 1410
954 1073
955 1202
955 1336
956 1141
956 1311
957 1471
958 1384
958 990
959 1125
959 1156
960 1180
960 1286
960 1314
961 1094
961 1131
961 962
962 1037
963 1078
963 1257
964 1002
964 1102
964 979
965 1231
965 1242
966 1105
966 1222
966 1279
967 1326
967 1413
968 1037
968 1315
968 1411
968 994
969 1017
969 1155
969 1244
969 1487
970 1072
970 1121
970 1163
970 1246
970 1308
970 1451
971 1018
971 1365
971 1407
972 1118
972 1177
972 1417
972 1489
973 1010
973 1063
973 1129
973 1267
974 1019
974 1153
974 1397
974 1421
975 1008
975 1219
975 1306
975 983
976 1165
976 1288
976 1344
976 1381
977 1096
977 1420
977 1461
978 1117
978 1169
978 1437
978 1448
979 1002
979 1050
979 1431
980 1245
980 1429
980 1470
980 1475
980 998
981 1147
981 984
982 1045
982 1128
982 1214
982 1243
982 1387
982 1438
982 1464
982 1472
983 1022
983 1064
983 1224
984 1035
984 1135
984 1147
984 1313
985 1082
985 1232
985 1453
985 1466
986 1039
986 1186
986 1258
986 1275
987 1153
987 1278
987 1444
987 1445
988 1032
988 1046
988 1322
989 1229
989 1433
990 1343
990 1349
991 1134
991 1165
991 1355
992 1223
993 1292
993 1316
993 1385
993 1406
993 1410
994 1250
994 1411
995 1049
995 1185
995 1241
995 1363
995 1382
996 1346
997 1072
997 1143
997 1262
997 1330
998 1136
998 1375
998 1470
999 1160
999 1245
999 1265
999 1273
999 1320
999 1354
999 1455
999 1470
999 1475
1000 1066
1000 1089
1000 1160
1000 1252
1000 1453
1001 1229
1001 1433
1002 1050
1002 1431
1003 1065
1003 1205
1003 1271
1003 1284
1004 1031
1004 1159
1004 1199
1004 1361
1005 1012
1005 1240
1005 1315
1006 1247
1006 1378
1006 1443
1007 1023
1007 1197
1007 1421
1008 1219
1009 1366
1009 1441
1010 1185
1010 1267
1010 1275
1010 1319
1010 1416
1011 1082
1011 1089
1011 1099
1011 1136
1011 1190
1011 1232
1011 1353
1011 1403
1012 1150
1013 1240
1014 1015
1014 1067
1014 1095
1014 1103
1014 1109
1014 1158
1014 1216
1014 1388
1014 1409
1015 1067
1015 1095
1015 1158
1016 1020
1016 1048
1016 1327
1016 1374
1017 1155
1017 1244
1017 1261
1017 1427
1018 1365
1018 1407
1019 1421
1020 1048
1020 1142
1021 1085
1021 1130
1021 1199
1021 1454
1022 1064
1022 1154
1022 1224
1023 1197
1025 1071
1025 1148
1025 1178
1026 1085
1026 1090
1026 1322
1026 1479
1027 1115
1027 1205
1027 1307
1027 1369
1027 1450
1028 1183
1028 1352
1028 1359
1028 1371
1029 1412
1030 1057
1030 1139
1031 1198
1031 1199
1032 1046
1032 1098
1033 1055
1033 1077
1033 1181
1033 1393
1034 1104
1034 1170
1034 1208
1035 1119
1035 1321
1036 1132
1036 1226
1036 1239
1037 1411
1038 1124
1038 1267
1038 1274
1038 1416
1039 1258
1039 1275
1039 1319
1040 1088
1040 1120
1040 1323
1040 1364
1041 1177
1042 1184
1042 1266
1043 1052
1043 1181
1043 1193
1044 1058
1044 1271
1045 1105
1045 1188
1045 1214
1046 1211
1046 1317
1047 1133
1047 1231
1047 1242
1047 1255
1047 1261
1048 1050
1048 1142
1048 1248
1048 1327
1048 1341
1048 1431
1049 1050
1049 1248
1049 1341
1049 1363
1050 1341
1050 1363
1050 1382
1050 1431
1051 1306
1052 1181
1052 1203
1053 1171
1053 1261
1053 1452
1054 1170
1054 1208
1054 1209
1054 1228
1055 1077
1055 1336
1055 1393
1056 1107
1056 1112
1056 1332
1057 1069
1057 1480
1058 1271
1059 1096
1059 1162
1059 1461
1060 1084
1060 1173
1060 1325
1060 1477
1062 1180
1062 1196
1063 1129
1063 1270
1064 1457
1065 1097
1065 1205
1065 1307
1065 1329
1065 1369
1066 1111
1066 1158
1066 1160
1066 1395
1066 1430
1066 1453
1067 1103
1067 1383
1067 1394
1067 1409
1068 1079
1068 1420
1068 1469
1069 1139
1069 1439
1069 1480
1070 1092
1070 1285
1070 1298
1070 1305
1070 1385
1071 1178
1071 1296
1071 1419
1072 1143
1072 1246
1072 1253
1072 1264
1072 1451
1073 1087
1074 1212
1074 1332
1075 1304
1076 1229
1076 1433
1077 1202
1077 1222
1077 1336
1078 1122
1078 1257
1078 1304
1079 1420
1079 1444
1079 1445
1079 1469
1080 1167
1080 1170
1080 1215
1080 1342
1080 1482
1081 1115
1081 1276
1081 1283
1081 1345
1081 1381
1081 1386
1082 1190
1082 1232
1082 1353
1082 1403
1083 1219
1083 1294
1084 1118
1085 1090
1086 1422
1088 1120
1088 1173
1088 1356
1088 1364
1088 1423
1089 1099
1089 1160
1089 1252
1090 1243
1090 1464
1090 1479
1091 1277
1091 1392
1092 1289
1092 1305
1093 1183
1093 1401
1094 1131
1094 1412
1095 1103
1096 1342
1096 1461
1097 1263
1097 1307
1098 1344
1099 1160
1099 1403
1099 1453
1100 1396
1100 1402
1101 1174
1101 1200
1101 1386
1101 1436
1101 1450
1102 1223
1102 1389
1102 1405
1102 1413
1103 1409
1104 1208
1105 1222
1105 1279
1105 1399
1106 1148
1106 1164
1106 1169
1106 1437
1107 1112
1107 1204
1107 1373
1108 1249
1109 1158
1109 1216
1109 1446
1110 1138
1110 1256
1111 1430
1113 1281
1113 1303
1114 1192
1114 1233
1114 1291
1114 1331
1115 1450
1116 1157
1116 1314
1116 1485
1117 1154
1117 1207
1118 1417
1119 1227
1119 1297
1119 1299
1119 1302
1119 1321
1120 1323
1120 1356
1121 1163
1121 1229
1121 1308
1122 1137
1122 1304
1123 1258
1123 1272
1123 1319
1123 1380
1124 1185
1124 1241
1124 1267
1124 1274
1124 1333
1124 1363
1124 1416
1125 1156
1125 1481
1126 1478
1128 1214
1128 1243
1128 1387
1128 1438
1129 1270
1130 1198
1130 1361
1130 1454
1131 1412
1132 1226
1132 1271
1133 1155
1133 1231
1133 1261
1134 1355
1135 1206
1135 1221
1135 1313
1136 1140
1136 1190
1137 1304
1138 1367
1138 1419
1139 1480
1140 1147
1140 1190
1140 1318
1140 1353
1140 1447
1141 1311
1142 1341
1142 1431
1143 1237
1143 1253
1143 1262
1143 1264
1143 1280
1143 1449
1144 1465
1145 1289
1145 1290
1145 1305
1146 1235
1147 1182
1147 1313
1147 1318
1147 1375
1147 1484
1148 1164
1149 1164
1150 1426
1151 1218
1153 1397
1153 1410
1155 1261
1156 1481
1157 1272
1157 1286
1157 1314
1157 1485
1158 1395
1159 1199
1159 1331
1159 1361
1160 1252
1160 1265
1160 1273
1160 1453
1160 1455
1160 1470
1161 1410
1162 1445
1162 1461
1163 1229
1163 1246
1163 1308
1163 1401
1163 1451
1164 1437
1165 1288
1166 1315
1167 1215
1167 1293
1167 1428
1167 1482
1167 1486
1168 1452
1169 1432
1169 1437
1169 1448
1170 1228
1170 1342
1171 1400
1172 1235
1173 1325
1173 1423
1174 1283
1174 1309
1174 1386
1174 1436
1176 1236
1176 1348
1176 1414
1177 1489
1178 1296
1178 1367
1178 1419
1179 1200
1179 1335
1179 1408
1180 1314
1181 1393
1182 1206
1182 1318
1183 1359
1184 1266
1185 1241
1185 1267
1185 1363
1185 1382
1185 1416
1186 1328
1188 1214
1189 1361
1189 1454
1189 1471
1190 1353
1190 1403
1191 1202
1192 1233
1192 1244
1192 1281
1192 1291
1192 1427
1194 1224
1195 1477
1198 1269
1198 1391
1199 1331
1199 1361
1201 1300
1201 1362
1201 1456
1202 1336
1204 1254
1204 1373
1205 1284
1205 1307
1205 1369
1206 1221
1206 1313
1207 1460
1208 1209
1209 1228
1209 1476
1210 1259
1210 1374
1211 1234
1211 1276
1211 1381
1212 1257
1212 1332
1213 1406
1213 1490
1214 1387
1214 1438
1215 1288
1215 1482
1216 1388
1216 1409
1217 1284
1217 1450
1218 1328
1219 1457
1220 1285
1220 1290
1220 1406
1221 1313
1221 1366
1221 1404
1222 1279
1223 1389
1223 1405
1224 1460
1225 1425
1227 1297
1227 1321
1228 1476
1229 1246
1229 1433
1231 1242
1231 1255
1231 1372
1232 1353
1233 1281
1233 1291
1233 1331
1234 1276
1234 1381
1237 1334
1238 1351
1238 1408
1239 1263
1241 1333
1242 1255
1243 1438
1243 1464
1243 1472
1243 1479
1244 1427
1245 1320
1245 1429
1245 1449
1245 1455
1245 1470
1245 1475
1246 1401
1246 1451
1247 1325
1247 1378
1247 1443
1248 1327
1248 1341
1248 1374
1250 1376
1250 1396
1251 1259
1251 1350
1252 1455
1253 1280
1253 1339
1254 1351
1254 1373
1255 1324
1255 1372
1255 1435
1257 1304
1258 1319
1258 1380
1260 1337
1260 1354
1260 1475
1261 1452
1262 1264
1262 1449
1263 1307
1264 1429
1264 1449
1265 1430
1265 1455
1267 1416
1268 1323
1268 1424
1269 1391
1272 1286
1272 1380
1273 1295
1273 1470
1274 1416
1275 1319
1275 1416
1276 1283
1276 1381
1277 1379
1277 1392
1278 1300
1278 1397
1278 1444
1279 1399
1281 1331
1282 1439
1282 1440
1283 1309
1283 1345
1283 1386
1283 1436
1285 1290
1285 1385
1285 1410
1287 1346
1287 1418
1287 1426
1289 1305
1290 1305
1291 1331
1291 1400
1291 1427
1292 1316
1293 1428
1294 1394
1295 1354
1296 1419
1297 1299
1298 1385
1299 1418
1300 1301
1300 1362
1300 1397
1300 1456
1301 1362
1301 1397
1301 1456
1302 1346
1302 1352
1303 1349
1307 1329
1307 1369
1308 1401
1308 1451
1309 1436
1310 1376
1312 1328
1313 1404
1313 1441
1317 1486
1318 1447
1319 1416
1320 1337
1320 1354
1320 1429
1320 1449
1320 1455
1320 1475
1322 1479
1323 1364
1323 1424
1324 1372
1324 1435
1325 1378
1326 1389
1327 1374
1329 1369
1329 1478
1330 1338
1330 1359
1333 1473
1334 1370
1335 1408
1337 1354
1337 1475
1338 1359
1338 1375
1338 1484
1339 1368
1341 1431
1342 1482
1343 1349
1344 1381
1345 1386
1345 1436
1346 1418
1347 1445
1348 1414
1348 1424
1350 1414
1350 1473
1352 1371
1354 1455
1354 1475
1355 1480
1356 1423
1358 1364
1358 1378
1360 1462
1361 1454
1363 1382
1365 1407
1366 1404
1366 1441
1367 1419
1369 1478
1375 1484
1376 1396
1376 1402
1377 1396
1377 1474
1384 1428
1384 1486
1385 1410
1386 1436
1387 1472
1388 1394
1388 1409
1389 1405
1389 1413
1390 1398
1392 1425
1394 1409
1395 1403
1395 1446
1395 1453
1396 1402
1397 1456
1398 1467
1401 1451
1404 1441
1405 1413
1408 1458
1411 1463
1420 1469
1422 1464
1428 1486
1429 1449
1429 1475
1432 1448
1438 1464
1444 1445
1449 1455
1454 1471
1470 1475
1488 1489
1490 1491
