0 2
10 1
28 2
32 2
34 2
38 2
53 2
61 2
65 2
71 2
76 2
86 1
93 1
99 2
113 2
114 1
121 2
128 1
134 2
138 2
145 1
146 2
151 1
154 2
159 2
161 2
162 1
164 1
174 2
179 2
182 2
190 2
193 2
197 2
201 2
206 1
208 2
209 1
210 2
216 2
221 1
223 2
228 2
234 2
236 2
241 1
247 1
248 2
250 2
253 2
258 2
260 2
263 2
267 2
269 1
273 2
274 2
275 2
290 2
291 2
293 2
295 1
297 2
301 1
309 2
313 2
314 1
315 2
323 2
329 2
340 2
341 1
342 1
347 1
353 2
354 1
364 2
369 2
371 1
372 2
376 2
379 2
385 2
388 1
395 2
396 2
398 1
400 1
401 2
404 2
416 1
417 1
418 1
427 2
429 2
434 1
435 2
443 2
444 2
445 2
450 2
451 2
452 2
453 2
458 2
464 2
466 2
467 2
474 1
479 2
480 2
494 1
497 1
498 1
506 2
508 2
509 2
512 1
518 1
520 2
521 1
528 2
529 1
532 2
536 2
544 1
547 1
548 2
551 2
555 1
556 2
557 1
565 1
572 2
575 2
576 1
586 1
588 2
592 1
596 2
600 1
603 1
605 1
616 1
621 1
623 1
624 2
628 2
629 2
637 1
639 2
641 1
643 2
649 1
654 2
657 2
659 2
660 1
662 2
665 2
666 1
667 2
670 2
684 2
686 2
694 2
697 2
704 2
707 1
709 1
712 1
717 1
718 1
723 2
727 1
729 1
730 2
731 1
733 2
739 2
742 2
744 2
749 1
751 1
756 1
770 2
771 2
773 1
775 2
776 1
781 1
788 2
794 2
800 2
801 2
803 1
810 2
814 2
818 2
821 2
827 1
828 1
830 1
832 2
837 2
846 1
851 2
852 1
853 1
855 2
857 1
859 2
866 1
869 2
873 1
874 1
877 2
879 2
883 2
884 1
886 1
889 1
898 2
903 2
904 2
906 2
909 2
911 1
913 2
914 2
916 2
917 2
920 2
921 2
927 2
929 1
933 1
941 2
944 1
945 2
946 1
948 1
949 1
952 2
953 1
955 1
957 1
958 1
960 2
965 2
966 2
969 1
972 2
973 2
986 1
987 2
988 1
990 2
991 2
993 2
1019 2
1023 2
1024 2
1026 2
1027 2
1032 2
1038 2
1039 1
1041 2
1042 2
1045 2
1046 2
1058 1
1059 1
1060 2
1063 1
1069 2
1070 2
1073 1
1084 1
1092 1
1096 2
1097 1
1101 2
1118 1
1126 2
1128 2
1129 2
1133 1
1139 2
1155 2
1157 2
1161 2
1162 1
1168 2
1170 1
1173 2
1177 1
1179 2
1180 2
1184 2
1186 2
1189 1
1195 1
1200 1
1211 1
1213 2
1214 2
1218 2
1220 2
1228 2
1231 1
1234 1
1241 1
1255 2
1258 2
1267 2
1268 1
1270 2
1272 2
1275 2
1276 2
1279 2
1282 2
1285 1
1286 1
1289 2
1292 1
1293 2
1303 1
1307 2
1312 2
1317 2
1322 2
1323 2
1324 2
1325 2
1328 1
1333 1
1335 2
1336 1
1342 2
1345 1
1348 2
1349 2
1355 2
1356 2
1357 1
1358 1
1360 2
1364 2
1372 1
1380 1
1384 1
1386 2
1387 1
1399 1
1406 1
1408 2
1410 1
1417 2
1423 1
1424 1
1428 1
1435 1
1436 2
1438 2
1440 2
1442 1
1444 2
1445 2
1450 2
1454 2
1458 2
1461 1
1462 1
1471 2
1473 2
1480 2
1485 1
1486 2
1487 1
1489 2
1490 1
1491 2
