0 11
0 139
0 150
0 171
0 250
0 32
0 335
0 340
0 365
0 453
0 47
0 60
0 75
1 144
1 153
1 193
1 195
1 21
1 26
1 268
1 287
1 307
1 312
1 346
2 104
2 108
2 136
2 221
2 236
2 278
2 319
2 333
2 364
2 6
3 189
3 207
3 256
3 371
3 441
3 72
3 85
3 99
4 145
4 146
4 283
4 290
4 308
4 332
4 389
4 39
4 58
5 117
5 125
5 152
5 169
5 355
5 7
6 106
6 108
6 112
6 136
6 154
6 238
6 248
6 278
6 326
6 407
7 125
7 128
7 161
7 169
7 181
7 215
7 247
7 29
7 355
7 382
7 434
7 67
8 115
8 118
8 227
8 240
8 269
8 285
8 348
8 411
8 439
8 56
9 113
9 231
9 237
9 243
9 270
9 362
9 375
9 395
9 428
9 70
10 117
10 212
10 220
10 345
10 409
10 456
10 49
11 150
11 204
11 228
11 335
11 340
11 353
11 365
11 412
11 453
12 129
12 13
12 130
12 168
12 339
12 357
12 384
12 385
12 423
12 461
12 54
13 111
13 130
13 168
13 226
13 347
13 377
13 385
13 423
13 54
14 143
14 172
14 183
14 235
14 400
14 405
14 41
14 432
15 162
15 201
15 258
15 267
15 378
15 386
15 413
15 419
15 74
16 143
16 183
16 23
16 271
16 388
16 389
16 39
16 405
16 90
17 103
17 160
17 19
17 240
17 324
17 359
17 373
17 411
17 415
17 422
17 460
17 56
18 113
18 158
18 173
18 279
18 325
18 33
18 361
18 59
18 81
19 103
19 359
19 415
19 422
19 467
20 126
20 224
20 287
20 307
20 316
20 36
20 417
20 43
20 445
20 451
20 458
21 131
21 144
21 153
21 188
21 193
21 312
21 318
21 44
21 66
22 134
22 180
22 208
22 216
22 280
22 294
22 300
22 314
22 315
22 322
22 370
22 435
23 127
23 232
23 256
23 271
23 275
23 303
23 388
23 39
23 421
23 90
24 173
24 193
24 26
24 325
24 330
24 51
24 88
25 118
25 203
25 205
25 242
25 251
25 337
25 34
25 374
25 43
25 448
25 80
26 147
26 167
26 193
26 195
26 268
26 312
26 410
26 414
26 51
26 88
27 111
27 130
27 132
27 226
27 356
27 369
27 377
27 403
28 147
28 286
28 302
28 320
28 404
28 52
28 87
29 165
29 215
29 247
29 434
29 67
29 94
30 138
30 176
30 282
30 293
30 332
30 37
30 406
30 430
30 454
30 58
30 83
31 209
31 213
31 244
31 249
31 272
31 296
31 301
31 358
31 383
31 393
31 45
32 182
32 226
32 250
32 365
32 369
32 40
32 403
32 426
32 47
32 75
33 113
33 120
33 241
33 257
33 274
33 279
33 354
33 408
33 59
33 76
33 81
34 100
34 123
34 203
34 224
34 251
34 323
34 448
34 73
34 79
35 110
35 184
35 194
35 207
35 229
35 249
35 259
35 272
35 306
35 441
35 85
36 126
36 211
36 287
36 316
36 346
36 417
36 445
37 145
37 179
37 217
37 293
37 329
37 338
37 458
37 58
37 83
38 121
38 198
38 201
38 230
38 366
38 391
38 392
38 396
38 96
39 146
39 183
39 271
39 275
39 283
39 290
39 388
39 389
40 182
40 239
40 250
40 369
40 426
40 68
40 75
41 143
41 183
41 263
41 308
41 344
41 400
41 432
42 214
42 258
42 262
42 267
42 419
43 205
43 224
43 246
43 251
43 255
43 337
43 401
43 417
43 431
43 445
43 451
43 93
44 131
44 144
44 188
44 362
44 380
44 436
44 66
45 209
45 230
45 244
45 249
45 296
45 297
45 383
45 391
45 392
45 393
46 151
46 213
46 296
46 341
46 356
46 358
46 377
46 62
47 139
47 180
47 216
47 239
47 250
47 300
47 340
47 370
47 424
47 426
47 60
47 71
48 156
48 157
48 191
48 231
48 260
48 281
48 336
48 375
48 70
49 117
49 152
49 166
49 212
49 220
49 345
49 394
49 409
49 456
49 50
49 92
50 124
50 166
50 212
50 220
50 305
50 345
50 426
50 68
50 92
51 102
51 167
51 330
51 414
51 88
52 102
52 147
52 167
52 286
52 302
52 404
53 155
53 170
53 177
53 214
53 221
53 310
53 333
53 351
53 442
53 443
54 130
54 226
54 347
54 357
54 365
54 399
54 412
54 423
54 78
54 89
55 124
55 134
55 196
55 212
55 280
55 291
55 305
55 345
56 118
56 160
56 240
56 337
56 348
56 373
56 401
56 411
57 135
57 165
57 299
57 364
57 379
57 440
57 452
57 79
57 82
58 145
58 282
58 290
58 308
58 332
58 338
58 83
59 120
59 158
59 274
59 279
59 361
59 408
59 81
60 171
60 250
60 300
60 335
60 340
60 370
60 424
60 453
61 144
61 211
61 217
61 287
61 293
61 346
61 380
61 406
61 458
62 121
62 151
62 174
62 213
62 327
62 341
62 360
62 366
62 392
62 393
63 139
63 180
63 245
63 252
63 254
63 343
63 398
63 424
63 64
63 95
64 245
64 343
64 398
64 420
64 95
65 109
65 141
65 159
65 163
65 164
65 261
65 281
65 357
65 402
65 425
65 429
65 78
66 113
66 131
66 188
66 318
66 362
66 380
66 395
66 436
66 454
67 107
67 125
67 135
67 161
67 165
67 215
67 434
67 82
67 94
68 124
68 132
68 182
68 220
68 239
68 345
68 426
69 138
69 156
69 176
69 282
69 284
69 395
69 428
69 70
70 138
70 156
70 231
70 260
70 375
70 395
70 428
71 124
71 216
71 239
71 280
71 291
71 300
71 315
71 426
72 116
72 197
72 207
72 225
72 232
72 256
72 303
72 446
72 85
72 86
73 100
73 123
73 299
73 311
73 323
73 367
73 79
74 105
74 121
74 162
74 201
74 262
74 267
74 327
74 386
74 396
74 413
74 419
75 111
75 204
75 250
75 365
75 369
75 399
75 453
76 120
76 274
76 354
76 81
77 110
77 122
77 368
77 371
77 376
77 441
77 99
78 163
78 191
78 219
78 261
78 281
78 357
78 402
78 412
78 423
78 89
79 123
79 135
79 203
79 299
79 321
79 323
79 367
79 379
79 440
79 448
79 452
79 82
80 107
80 118
80 203
80 205
80 242
80 350
80 448
81 120
81 173
81 361
82 107
82 135
82 161
82 165
82 203
82 440
82 448
83 145
83 176
83 217
83 282
83 290
83 293
83 338
83 406
84 157
84 210
84 237
84 241
84 257
85 184
85 207
85 225
85 259
85 441
85 99
86 116
86 141
86 146
86 190
86 232
86 261
86 303
86 388
86 425
86 446
87 103
87 286
87 317
87 320
87 324
87 359
87 404
87 460
88 102
88 147
88 167
89 219
89 328
89 347
89 399
89 402
89 412
89 423
90 127
90 143
90 175
90 187
90 200
90 271
90 405
90 421
91 105
91 117
91 125
91 152
91 162
91 276
91 355
91 382
91 386
92 117
92 125
92 152
92 169
92 212
92 277
92 305
92 381
93 140
93 160
93 246
93 317
93 337
93 373
93 401
93 431
93 451
94 104
94 135
94 165
94 236
94 247
94 364
94 434
95 245
95 252
95 343
96 198
96 201
96 262
96 267
96 396
97 288
97 342
97 387
97 433
97 450
97 459
98 142
98 185
98 343
98 420
98 463
98 465
99 110
99 189
99 259
99 368
99 371
99 441
100 123
100 126
100 224
100 251
100 255
100 311
100 323
100 417
101 137
101 148
101 171
101 218
101 245
101 252
101 254
101 390
101 397
101 424
102 147
102 167
103 185
103 240
103 320
103 324
103 359
103 415
103 422
103 460
103 467
104 135
104 136
104 221
104 236
104 319
104 333
104 364
104 379
104 434
104 443
105 149
105 162
105 276
105 327
105 386
105 413
106 108
106 112
106 136
106 235
106 238
106 319
106 321
106 349
106 400
107 161
107 165
107 203
107 215
107 242
107 350
107 448
108 136
108 238
108 319
108 349
108 364
108 452
109 138
109 141
109 156
109 163
109 260
109 261
109 281
109 332
109 425
109 429
110 259
110 441
111 130
111 226
111 347
111 365
111 369
111 377
111 399
112 119
112 136
112 235
112 238
112 248
112 265
112 289
112 326
112 372
112 400
112 449
113 158
113 237
113 243
113 257
113 279
113 309
113 318
113 325
113 362
113 395
114 131
114 153
114 287
114 293
114 458
115 192
115 234
115 269
115 411
115 415
115 435
115 439
116 141
116 164
116 190
116 197
116 261
116 384
116 425
116 446
117 149
117 152
117 162
117 169
117 212
117 276
117 355
117 394
117 409
118 205
118 227
118 242
118 337
118 348
118 350
118 374
118 401
119 235
119 238
119 289
119 447
119 449
120 274
120 361
121 201
121 327
121 366
121 392
121 396
121 413
122 127
122 133
122 187
122 189
122 368
122 371
122 376
122 455
123 203
123 251
123 255
123 299
123 440
124 212
124 239
124 280
124 291
124 305
124 345
124 426
125 152
125 161
125 169
125 181
125 355
125 381
125 382
125 434
126 211
126 224
126 287
126 311
126 417
126 458
127 187
127 189
127 232
127 256
127 271
127 371
127 421
127 455
128 155
128 247
128 355
128 378
128 382
128 434
128 443
129 130
129 151
129 296
129 356
129 377
129 385
129 403
129 461
130 226
130 356
130 377
130 385
130 403
131 144
131 153
131 293
131 380
131 430
131 454
132 166
132 182
132 220
132 334
132 369
132 403
132 426
132 456
133 178
133 187
133 206
133 273
133 376
133 455
134 196
134 280
134 291
134 315
134 418
135 165
135 364
135 379
135 434
136 221
136 248
136 278
136 319
137 148
137 218
137 252
137 253
137 288
137 352
137 390
137 450
137 459
138 156
138 176
138 260
138 282
138 284
138 332
138 375
138 395
138 429
138 430
138 454
139 180
139 216
139 254
139 340
139 370
139 398
139 424
139 438
140 246
140 286
140 317
140 324
140 373
140 401
140 431
140 444
141 146
141 164
141 190
141 261
141 332
141 425
142 185
142 186
142 343
142 420
142 462
142 463
142 464
142 465
143 172
143 175
143 183
143 235
143 308
143 389
143 405
143 432
144 153
144 188
144 195
144 287
144 293
144 307
144 312
144 346
144 380
145 179
145 283
145 290
145 308
145 338
145 344
146 190
146 275
146 290
146 332
146 388
146 389
146 425
147 167
147 268
147 302
147 404
147 410
148 218
148 252
148 253
149 162
149 174
149 276
149 327
149 394
149 409
149 413
150 171
150 199
150 204
150 228
150 304
150 335
150 340
150 353
150 397
151 166
151 213
151 296
151 334
151 341
151 356
151 360
151 392
151 403
152 169
152 276
152 355
152 394
153 287
153 293
153 307
154 221
154 248
154 278
154 295
154 310
154 407
155 170
155 177
155 214
155 258
155 378
155 382
155 443
156 163
156 191
156 260
156 429
157 191
157 219
157 231
157 237
157 241
157 270
157 281
157 331
157 336
157 375
158 279
158 292
158 309
158 325
158 330
158 361
159 164
159 168
159 197
159 357
159 384
159 423
160 240
160 317
160 324
160 337
160 348
160 373
160 401
160 460
161 181
161 215
161 242
161 350
161 381
161 427
161 448
162 276
162 355
162 378
162 386
162 413
163 191
163 260
163 281
163 402
163 429
164 197
164 261
164 357
164 384
164 425
165 215
165 364
165 440
166 220
166 334
166 360
166 394
166 403
166 426
166 456
167 302
167 410
167 414
168 197
168 233
168 339
168 357
168 384
168 385
168 423
168 461
169 181
169 212
169 277
169 381
170 177
170 214
170 258
170 351
170 442
171 218
171 254
171 304
171 335
171 340
171 397
171 424
172 175
172 200
172 235
172 400
172 405
172 449
173 325
173 330
173 361
174 327
174 334
174 341
174 360
174 394
174 409
174 456
175 178
175 187
175 200
175 206
175 235
175 405
175 447
175 449
176 282
176 380
176 395
176 406
176 428
176 430
176 436
177 310
177 333
177 351
177 442
177 443
178 187
178 200
178 206
178 273
178 447
178 455
179 211
179 217
179 311
179 329
179 338
179 344
179 416
180 186
180 208
180 216
180 294
180 343
180 370
180 398
180 420
180 438
181 215
181 277
181 350
181 381
181 427
182 369
182 403
182 426
183 283
183 308
183 389
183 405
184 194
184 207
184 225
184 259
184 272
184 301
184 306
185 186
185 192
185 234
185 240
185 415
185 422
185 464
185 465
185 466
185 467
186 208
186 234
186 294
186 343
186 420
186 462
186 464
187 200
187 206
187 421
187 455
188 193
188 292
188 309
188 312
188 318
188 362
189 256
189 368
189 371
189 455
190 275
190 303
190 388
190 425
191 219
191 260
191 281
191 336
191 402
191 437
192 234
192 415
192 435
192 464
192 465
192 466
193 292
193 312
193 318
193 325
193 330
193 414
194 207
194 225
194 244
194 249
194 272
194 301
194 339
194 461
195 266
195 268
195 307
195 312
195 316
195 346
195 410
196 212
196 222
196 223
196 277
196 291
196 298
196 305
196 315
196 381
196 418
196 427
197 225
197 233
197 339
197 384
197 446
198 262
198 391
198 396
199 210
199 228
199 288
199 304
199 331
199 353
199 387
199 397
199 433
200 206
200 421
200 447
200 455
201 262
201 267
201 366
201 396
201 413
202 210
202 264
202 274
202 342
202 352
202 354
202 433
202 457
203 205
203 251
203 255
203 440
203 448
204 228
204 328
204 335
204 353
204 365
204 399
204 412
204 453
205 251
205 255
205 337
205 401
205 431
206 273
206 313
206 372
206 447
206 449
207 225
207 232
207 339
207 371
207 441
207 446
208 216
208 234
208 294
208 322
208 435
208 439
208 462
208 464
209 230
209 366
209 383
209 392
209 393
210 241
210 264
210 288
210 331
210 352
210 354
210 433
211 217
211 287
211 311
211 329
211 346
211 458
212 277
212 305
212 345
213 296
213 358
213 392
213 393
214 258
214 351
214 378
214 382
214 386
214 419
214 443
215 350
216 280
216 300
216 315
216 322
216 370
217 293
217 329
217 406
217 458
218 253
218 304
218 335
218 390
218 397
218 450
219 281
219 328
219 331
219 336
219 353
219 402
219 412
219 437
220 345
220 426
220 456
221 248
221 278
221 295
221 310
221 333
221 351
221 443
222 223
222 227
222 269
222 285
222 298
222 314
222 418
223 227
223 242
223 285
223 291
223 298
223 315
223 350
223 374
223 381
223 418
224 251
224 311
224 323
224 417
224 458
225 233
225 301
225 339
225 446
226 347
226 365
226 369
226 399
226 403
227 285
227 298
227 348
227 350
227 374
228 304
228 328
228 335
228 353
228 387
229 249
229 297
229 306
229 383
230 297
230 383
230 391
230 392
231 237
231 270
231 336
231 375
232 256
232 303
232 371
232 388
232 446
233 301
233 339
233 358
233 385
233 461
234 240
234 411
234 415
234 435
234 439
234 464
235 321
235 400
235 432
235 449
236 247
236 333
236 364
236 434
236 443
237 241
237 243
237 257
237 270
237 375
237 395
238 289
238 326
238 349
238 400
239 250
239 280
239 300
239 426
240 348
240 411
240 415
240 422
240 439
240 460
241 257
241 264
241 270
241 331
241 336
241 354
241 408
242 298
242 350
242 374
242 381
242 427
242 448
243 257
243 270
243 279
243 309
243 362
243 408
244 249
244 272
244 296
244 301
244 358
244 461
245 252
245 254
245 398
245 424
246 266
246 316
246 317
246 404
246 431
246 444
246 445
246 451
247 333
247 434
247 443
248 265
248 278
248 295
248 407
249 272
249 297
249 306
249 383
250 300
250 426
250 453
251 255
251 417
252 254
252 390
253 450
254 340
254 390
254 397
254 424
255 417
255 431
256 271
256 303
256 371
256 421
257 270
257 279
257 354
257 408
258 267
258 378
258 419
259 441
260 281
260 375
261 281
261 357
261 384
261 446
262 267
262 396
262 419
263 321
263 344
263 349
263 367
263 400
263 416
263 432
264 270
264 274
264 331
264 336
264 363
264 408
264 433
265 289
265 326
265 372
265 407
266 268
266 302
266 316
266 404
266 410
266 444
267 419
268 302
268 307
268 316
268 404
268 410
268 451
269 285
269 314
269 435
269 439
270 336
270 408
271 275
271 405
271 421
272 301
272 306
272 383
273 313
273 372
274 354
274 408
274 457
275 284
275 290
275 303
275 332
275 388
275 425
276 327
276 360
276 394
277 305
277 381
277 427
278 310
278 333
279 309
279 408
280 291
280 300
280 315
280 345
281 375
282 284
282 290
282 332
283 290
283 308
283 344
283 389
284 290
284 332
284 425
284 429
285 314
285 315
285 322
285 348
285 374
285 418
285 435
285 439
286 302
286 317
286 320
286 324
286 359
286 404
286 444
287 293
287 307
287 316
287 346
287 458
288 304
288 331
288 352
288 387
288 390
288 397
288 433
288 450
288 459
289 313
289 326
289 372
289 447
289 449
290 332
291 305
291 315
291 381
292 309
292 312
292 318
292 325
292 330
292 414
293 380
293 406
293 430
293 458
294 420
294 435
294 438
294 462
295 310
295 351
296 356
296 358
296 377
296 392
296 393
296 461
297 383
298 350
298 381
298 427
299 367
299 440
299 452
300 370
301 339
301 358
301 461
302 404
302 410
302 444
303 388
304 335
304 387
304 397
304 450
305 381
306 383
307 316
307 346
307 451
308 338
308 344
308 389
308 432
309 318
309 325
309 362
310 333
310 351
310 442
311 323
311 329
311 367
311 416
311 458
312 414
313 372
313 447
314 315
314 322
314 418
314 435
315 322
315 418
316 346
316 404
316 445
316 451
317 324
317 373
317 404
317 444
317 451
317 460
318 325
318 362
319 321
319 349
319 364
319 379
319 452
320 359
321 323
321 329
321 349
321 367
321 379
321 400
321 416
321 432
322 435
322 439
323 329
323 367
323 416
323 458
324 359
324 373
324 460
325 330
325 361
326 407
327 360
327 366
327 392
327 394
327 413
328 331
328 353
328 363
328 387
328 399
328 402
328 412
328 437
329 338
329 344
329 416
329 432
329 458
330 361
330 414
331 336
331 353
331 363
331 387
331 433
331 437
332 425
332 429
333 443
334 341
334 356
334 360
334 403
334 456
335 397
335 453
336 363
336 437
337 348
337 374
337 401
338 344
338 432
339 384
339 446
339 461
340 397
340 424
341 356
341 360
342 352
342 433
342 457
342 459
343 398
343 420
344 416
344 432
347 365
347 399
347 423
348 374
348 439
348 460
349 367
349 379
349 400
349 452
350 374
350 427
351 442
352 354
352 433
352 457
352 459
353 387
353 412
354 408
354 457
355 378
355 382
355 386
356 377
356 403
357 384
357 402
357 423
358 377
358 385
358 461
360 392
360 394
360 456
362 395
362 428
362 436
363 387
363 437
364 379
364 452
365 369
365 399
365 412
365 453
366 392
366 393
366 413
367 379
367 416
367 452
368 371
368 376
368 455
369 403
370 424
370 438
371 441
372 447
372 449
373 401
375 395
376 455
377 385
377 461
378 382
378 386
378 419
379 452
380 406
380 430
380 436
380 454
381 427
382 386
382 434
382 443
384 446
385 461
386 419
387 433
387 450
388 389
390 397
390 450
391 392
391 396
392 393
392 396
394 409
394 456
395 428
395 430
395 436
395 454
397 450
398 420
398 424
398 438
399 412
400 432
401 431
402 423
402 437
403 426
404 444
404 451
404 460
405 421
406 430
409 456
410 414
411 415
411 439
415 422
415 466
415 467
416 432
417 431
417 445
420 462
420 463
421 455
424 438
425 429
428 436
430 436
430 454
431 445
433 459
434 443
435 439
435 462
435 464
436 454
445 451
447 449
450 459
451 460
462 463
462 464
463 464
463 465
464 465
465 466
466 467
