2 2
3 2
5 2
7 2
8 2
9 2
10 1
13 2
14 2
15 2
17 2
22 2
27 2
29 1
31 2
36 2
39 2
40 2
41 2
44 2
46 2
48 2
55 2
56 2
57 2
60 2
61 2
62 2
65 2
68 2
69 1
70 2
72 2
73 2
75 2
80 2
83 2
85 2
89 2
94 2
100 2
107 2
108 1
111 1
115 1
116 2
117 2
118 2
123 1
126 2
128 2
132 2
134 1
140 1
144 2
145 2
149 1
155 2
156 2
158 2
159 1
162 2
163 2
164 2
165 2
168 2
169 2
171 2
172 2
174 2
176 2
177 1
179 2
181 2
182 2
183 2
188 2
189 2
190 2
191 2
195 2
196 2
197 1
200 2
203 2
204 2
205 2
211 1
212 2
213 2
215 1
217 2
220 2
222 1
225 2
227 2
228 2
231 2
233 2
236 2
239 2
243 2
246 2
247 1
250 2
255 1
256 2
263 2
264 2
266 2
269 1
270 2
271 2
272 2
275 1
277 2
279 2
280 2
282 2
283 2
284 1
290 2
292 2
294 2
298 1
299 1
300 2
301 2
303 2
304 2
309 2
311 2
312 2
314 2
316 2
324 2
328 2
333 2
334 2
335 2
336 2
341 2
344 2
345 2
346 2
347 2
349 2
350 1
355 2
356 2
358 2
362 2
363 1
364 2
366 2
367 2
369 2
370 2
373 2
377 1
378 2
380 2
385 2
387 1
393 2
398 2
399 2
400 2
401 2
402 1
405 2
406 2
408 2
409 2
410 2
411 2
413 2
414 2
416 2
417 2
418 2
421 2
423 2
424 2
425 2
427 2
428 1
429 2
431 1
435 2
436 2
437 1
438 2
440 2
444 2
445 2
452 1
453 2
456 2
462 1
464 2
