1 1
3 1
5 1
7 1
11 2
16 2
22 2
26 2
27 1
29 2
33 2
34 2
37 2
40 2
41 2
44 1
45 1
49 1
50 1
51 1
53 2
54 2
55 1
56 1
57 1
58 1
59 1
60 2
61 1
64 2
67 2
68 2
70 1
71 2
72 2
75 2
78 1
79 1
80 1
83 2
85 2
90 2
91 2
93 2
97 2
102 1
104 2
107 2
108 1
109 2
113 2
114 1
117 2
118 2
121 1
124 1
125 2
126 1
127 1
129 2
130 2
131 2
133 1
136 2
138 1
139 2
142 1
144 1
146 1
147 1
149 1
150 1
151 1
152 2
153 2
154 2
155 2
156 2
162 2
163 1
165 2
166 1
167 1
170 2
173 1
175 2
176 2
178 2
182 1
183 2
185 1
190 1
191 2
192 2
193 2
194 2
195 1
196 2
198 1
201 2
203 1
204 2
208 1
211 2
212 1
220 1
221 1
224 2
225 1
228 1
229 1
232 2
233 2
234 2
237 2
239 1
241 2
243 1
244 1
247 2
248 2
249 1
251 2
252 2
256 1
260 1
265 2
266 2
267 2
268 2
269 1
272 1
277 2
278 1
279 1
283 1
284 2
285 2
287 1
288 2
289 2
293 2
294 2
296 1
298 1
299 2
300 2
302 2
304 2
305 2
308 2
310 1
311 2
313 1
315 2
316 1
318 2
320 1
321 1
322 2
323 2
324 1
328 2
329 2
331 2
334 2
337 1
338 2
339 2
341 1
343 2
344 1
348 2
349 2
351 2
352 1
354 1
358 2
359 2
360 1
363 2
364 2
366 1
367 1
368 2
369 1
370 2
371 2
372 1
373 1
374 2
375 1
378 2
382 2
383 1
384 1
386 2
388 1
389 1
390 2
391 1
392 2
393 1
396 2
398 1
399 1
400 1
401 1
402 1
403 1
405 1
407 1
411 2
413 2
417 2
420 1
421 2
422 1
423 2
425 2
426 1
429 2
431 2
432 2
437 2
438 2
442 2
445 1
446 2
447 2
449 2
452 1
453 1
454 1
459 1
461 1
464 1
466 1
467 1
468 2
470 2
472 2
475 1
476 2
477 2
480 2
483 2
484 2
486 1
488 1
490 2
491 2
493 2
494 2
496 2
497 2
498 1
502 1
504 2
505 2
509 2
511 1
512 2
513 1
516 1
517 2
519 2
520 2
521 2
522 1
525 2
529 2
534 2
535 1
536 2
537 1
539 1
540 1
541 2
542 2
543 1
544 1
545 1
546 2
547 1
549 1
550 1
551 1
555 1
557 1
558 2
559 1
560 1
563 2
565 2
567 1
568 1
570 1
571 2
572 1
575 2
576 2
577 1
578 2
579 2
581 2
583 2
588 1
590 1
593 2
594 2
597 2
598 2
602 2
603 2
604 1
605 2
607 1
608 1
609 2
610 2
612 2
613 2
615 2
616 1
617 1
622 2
623 2
625 1
626 2
627 1
630 1
631 2
632 2
633 1
634 2
640 1
642 2
643 2
644 2
645 2
646 2
647 1
649 1
650 1
651 1
657 1
658 2
659 2
664 2
665 2
666 1
672 1
673 2
677 1
678 2
679 2
682 2
683 2
684 2
685 2
686 2
690 2
691 1
692 1
694 1
695 1
697 1
698 1
701 2
702 1
703 1
707 1
709 1
712 2
716 2
718 1
723 1
724 2
725 1
728 1
730 1
732 2
733 2
734 1
735 2
736 2
737 2
739 1
740 2
741 2
743 2
745 1
747 1
748 2
749 2
750 1
752 2
753 2
754 2
755 1
756 1
757 1
758 2
759 1
761 2
764 1
768 2
771 1
773 2
774 2
775 1
776 2
778 2
779 2
782 2
784 1
785 2
786 2
787 2
788 2
791 2
793 1
794 1
796 1
797 1
799 1
800 2
801 2
802 2
804 1
808 2
809 2
813 2
814 2
815 2
816 2
817 1
818 2
819 2
821 1
822 2
823 2
824 2
826 2
827 2
831 1
832 2
833 1
834 2
835 1
836 1
840 1
842 1
845 2
846 2
847 2
849 1
850 2
852 1
853 1
854 2
855 1
857 2
860 2
862 2
863 2
864 1
866 1
868 1
869 1
870 2
873 1
875 2
876 2
878 1
879 1
880 1
881 1
886 2
889 2
892 1
895 2
896 2
897 2
899 2
900 1
901 1
906 1
907 2
913 1
914 2
916 2
918 1
919 2
920 1
921 2
924 1
927 1
928 2
929 2
930 2
932 1
933 2
937 2
938 1
939 2
941 1
942 1
943 2
944 2
946 2
949 1
950 2
951 2
952 2
956 1
957 1
958 1
959 1
960 2
961 2
962 1
964 2
967 1
968 2
971 2
973 2
974 2
975 2
976 2
978 1
979 2
983 2
984 1
988 1
990 1
991 1
995 2
996 1
999 2
1004 1
1005 2
1006 1
1010 2
1011 2
1012 2
1013 1
1015 2
1017 1
1018 1
1019 2
1020 1
1021 1
1023 2
1024 2
1028 2
1030 1
1032 2
1034 2
1036 1
1037 2
1038 2
1040 2
1041 2
1042 1
1043 1
1044 1
1045 1
1046 2
1047 2
1048 1
1050 1
1053 1
1054 2
1055 1
1056 1
1062 2
1068 1
1069 1
1071 1
1074 1
1075 2
1076 2
1077 1
1078 1
1080 2
1082 1
1084 2
1087 1
1089 2
1092 2
1093 1
1094 1
1095 2
1096 1
1097 2
1099 2
1101 1
1102 1
1103 2
1105 2
1108 1
1110 1
1118 2
1119 1
1120 2
1121 2
1122 2
1125 1
1129 2
1131 1
1132 2
1133 2
1136 2
1137 1
1138 1
1139 1
1140 2
1141 1
1143 2
1144 2
1145 1
1146 2
1148 2
1151 2
1152 1
1157 2
1159 2
1160 2
1161 2
1162 2
1164 2
1165 1
1166 2
1167 2
1169 1
1171 1
1173 1
1176 2
1177 2
1180 2
1181 1
1182 1
1183 1
1185 2
1186 2
1187 1
1191 1
1192 1
1193 1
1195 1
1197 2
1199 2
1200 2
1201 1
1202 2
1203 2
1204 1
1206 1
1207 1
1208 1
1209 2
1211 1
1216 2
1218 2
1220 2
1221 2
1224 2
1225 2
1227 1
1228 2
1230 2
1233 1
1235 1
1239 1
1244 2
1246 1
1247 1
1248 2
1249 1
1250 2
1251 2
1253 1
1257 1
1260 2
1261 1
1262 1
1264 2
1265 1
1267 2
1268 1
1269 1
1270 2
1271 2
1272 2
1275 1
1279 1
1281 1
1282 1
1283 2
1289 2
1290 1
1291 1
1292 1
1297 2
1298 2
1300 2
1301 1
1302 1
1303 1
1304 2
1305 2
1306 1
1310 2
1312 2
1313 1
1314 2
1316 1
1319 2
1322 2
1323 1
1324 1
1325 1
1326 2
1327 1
1333 2
1334 2
1337 2
1339 2
1340 1
1341 1
1344 1
1345 1
1346 2
1351 1
1353 1
1355 1
1359 2
1361 1
1362 2
1363 1
1364 2
1365 1
1366 1
1367 1
1369 2
1371 1
1372 1
1374 1
1375 1
1377 2
1380 2
1383 1
1385 1
1387 1
1390 1
1391 2
1392 2
1394 1
1396 2
1397 2
1399 1
1400 2
1401 1
1402 2
1403 2
1407 2
1409 1
1411 2
1413 1
1414 1
1415 1
1417 2
1418 2
1420 1
1422 2
1423 2
1425 2
1426 1
1427 1
1431 1
1432 1
1434 1
1435 2
1436 1
1439 1
1446 1
1448 2
1450 2
1451 1
1453 1
1454 2
1455 2
1456 2
1459 1
1461 1
1462 1
1464 2
1465 1
1466 1
1467 1
1469 2
1470 1
1471 1
1473 2
1474 2
1475 2
1476 1
1478 1
1479 1
1480 1
1482 1
1484 2
1485 1
1488 2
1489 2
1490 1
1491 2
1494 1
1496 2
1497 1
1500 2
1502 2
1503 2
1504 1
1506 2
1507 1
1510 1
1517 2
1518 2
1521 1
1522 1
1523 1
1524 1
1526 1
1527 1
1528 1
1529 2
1531 1
1535 1
1536 1
1539 1
1540 1
1541 1
1544 1
1545 1
1547 1
1550 1
1551 2
1552 2
1553 1
1554 1
1557 1
1558 2
1559 2
1560 1
1561 1
1562 1
1565 2
1566 2
1567 1
1569 2
1573 2
1574 1
1577 2
1578 2
1579 2
1581 2
1584 1
1585 2
1587 1
1588 1
1591 1
1593 1
1597 2
1599 1
1606 2
1607 2
1608 1
1614 2
1615 1
1616 2
1617 2
1619 2
1620 2
1621 1
1622 1
1625 1
1628 2
1631 2
1634 2
1637 2
1640 1
1641 2
1642 2
1643 1
1644 2
1647 2
1648 1
1653 2
1654 1
1656 1
1657 2
1659 1
1660 2
1661 1
1662 2
1663 2
1664 2
1667 1
1670 2
1671 2
1673 2
1675 2
1676 2
1680 1
1681 2
1682 2
1683 2
1685 1
1686 2
1689 2
1690 2
1691 2
1692 1
1693 2
1695 2
1697 1
1700 2
1702 2
1703 1
1704 2
1705 1
1708 2
1709 2
1712 1
1714 2
1715 2
1716 1
1718 2
1719 2
1720 2
1721 2
1722 2
1723 2
1727 2
1729 1
1733 2
1734 1
1736 1
1737 1
1738 2
1741 1
1745 2
1746 2
1749 1
1752 1
1753 2
1754 2
1755 2
1757 2
1758 2
1765 1
1767 1
1768 2
1770 1
1772 2
1774 1
1778 2
1779 2
1783 2
1784 1
1785 1
1790 1
1791 1
1792 2
1793 2
1794 2
1798 2
1801 1
1802 1
1803 2
1804 2
1805 1
1807 2
1809 2
1810 1
1812 1
1815 1
1817 2
1818 2
1820 1
1822 2
1827 2
1829 1
1830 2
1831 2
1834 1
1835 2
1836 1
1837 2
1838 2
1839 2
1840 2
1841 2
1843 2
1845 2
1850 1
1851 1
1852 2
1854 1
1855 2
1856 1
1858 2
1860 2
1861 2
1862 2
1863 2
1865 2
1867 2
1868 2
1869 1
1871 2
1874 2
1875 1
1877 1
1878 2
1882 1
1885 2
1887 1
1890 1
1892 2
1893 1
1894 2
1895 1
1898 2
1902 2
1903 2
1904 2
1906 2
1907 1
1911 2
1912 2
1913 2
1914 1
1915 1
1916 2
1917 1
1921 2
1922 1
1924 1
1925 1
1926 2
1928 2
1929 1
1930 2
1933 1
1938 1
1941 2
1943 2
1944 2
1945 1
1946 1
1948 1
1949 2
1950 1
1951 2
1952 1
1953 2
1957 2
1960 1
1961 2
1962 2
1963 2
1964 2
1968 2
1969 1
1971 1
1975 1
1979 2
1981 1
1982 2
1985 1
1987 1
1988 2
1990 2
1991 1
1992 2
1993 1
1996 1
1998 1
1999 1
2000 2
2002 2
2004 1
2005 2
2006 1
2007 2
2010 2
2011 2
2012 1
2013 1
2016 1
2017 2
2020 2
2022 1
2024 2
2027 2
2029 1
2030 1
2035 2
2038 2
2039 1
2041 2
2045 2
2046 2
2047 1
2049 2
2050 1
2052 2
2053 1
2054 2
2055 2
2056 1
2057 2
2058 2
2059 2
2060 1
2061 2
2062 1
2063 2
2064 1
2069 2
2070 1
2072 2
2073 1
2078 2
2079 1
2080 1
2082 1
2083 1
2091 2
2093 2
2095 2
2097 1
2099 1
2100 1
2102 1
2106 1
2107 1
2108 1
2110 1
2112 2
2114 1
2115 1
2119 2
2121 1
2122 2
2123 2
2124 1
2127 1
2129 2
2130 2
2133 2
2134 1
2135 2
2136 2
2137 2
2139 2
2140 1
2145 2
2148 2
2152 2
2153 1
2155 1
2158 1
2159 1
2160 2
2162 2
2164 2
2171 2
2175 2
2177 2
2178 1
2179 1
2181 1
2185 1
2186 2
2187 2
2188 1
2189 2
2190 1
2191 2
2194 1
2196 2
2198 2
2200 1
2201 1
2202 2
2203 2
2204 1
2205 2
2208 2
2209 1
2212 2
2215 2
2216 2
2217 2
2218 2
2221 2
2222 2
2225 2
2226 2
2227 2
2230 1
2231 1
2232 1
2234 1
2235 2
2238 2
2239 2
2240 2
2241 1
2243 1
2245 2
2248 1
2249 1
2251 2
2252 1
2254 1
2255 1
2256 1
2257 1
2259 2
2260 2
2262 1
2263 1
2264 2
2265 2
2266 2
2267 1
2269 1
2271 1
2274 1
2275 2
2277 1
2279 2
2280 2
2281 1
2284 2
2286 2
2287 1
2289 1
2290 2
2291 2
2292 2
2295 1
2296 1
2298 2
2300 2
2301 2
2302 2
2303 2
2304 2
2305 1
2306 2
2307 1
2308 1
2313 2
2314 1
2317 2
2320 2
2321 2
2323 2
2327 2
2329 1
2330 1
2331 2
2332 2
2333 1
2334 2
2335 1
2340 1
2341 1
2343 2
2344 2
2345 2
2347 2
2348 2
2350 2
2354 2
2355 2
2356 2
2358 1
2360 1
2361 2
2362 1
2363 2
2364 2
2367 2
2369 1
2370 2
2371 2
2372 2
2373 1
2375 2
2381 2
2382 1
2383 2
2385 1
2388 1
2389 2
2392 1
2393 2
2396 1
2397 1
2400 2
2401 2
2404 1
2405 2
2411 2
2412 2
2413 2
2419 1
2420 2
2424 1
2425 2
2426 1
2427 1
2429 2
2430 1
2435 2
2436 1
2438 1
2439 1
2441 2
2442 2
2443 1
2444 1
2446 2
2448 2
2450 2
2452 2
2455 2
2456 2
2458 1
2460 2
2461 2
2462 1
2463 1
2467 1
2470 1
2471 2
2473 1
2474 2
2475 2
2477 2
2479 2
2481 2
2486 2
2491 2
2492 1
2493 2
2495 1
2497 2
2500 2
2502 2
2505 1
2506 2
2508 2
2511 1
2512 1
2513 1
2514 1
2515 2
2516 2
2518 2
2519 1
2520 1
2521 2
2524 2
2527 1
2528 2
2531 2
2532 2
2533 1
2534 2
2535 1
2537 2
2538 2
2539 1
2540 1
2543 2
2544 2
2545 1
2546 2
2549 2
2550 1
2555 1
2563 1
2569 2
2571 1
2573 1
2582 2
2583 2
2585 2
2586 2
2588 1
2589 2
2590 2
2591 2
2592 1
2593 1
2596 2
2597 1
2599 1
2600 1
2601 2
2603 2
2605 1
2606 2
2607 1
2608 1
2610 1
2612 2
2619 1
2624 2
2632 1
2633 1
2635 1
2637 1
2640 2
2641 1
2642 2
2643 2
2646 1
2648 1
2649 1
2650 2
2651 2
2652 1
2653 1
2655 1
2656 1
2657 2
2661 1
2663 1
2665 1
2666 2
2667 2
2668 1
2669 2
2671 1
2672 1
2674 2
2675 2
2676 1
2677 2
2679 2
2680 2
2682 2
2683 2
2685 1
2686 1
2687 2
2689 2
2690 2
2691 2
2693 2
2694 2
2695 2
2697 2
2698 2
2699 1
2700 2
2703 1
2705 2
2706 1
2707 2
2710 2
2711 1
2714 2
2715 1
2716 1
2717 2
2718 1
2722 2
2723 1
2725 1
2730 1
2731 2
2732 2
2734 2
2735 1
2736 1
2737 2
2738 1
2739 2
2745 1
2750 2
2753 1
2754 1
2755 1
2756 2
2759 1
2761 1
2762 2
2763 2
2765 2
2767 2
2768 2
2770 2
2772 1
2774 1
2775 2
2779 2
2781 2
2782 2
2785 1
2786 1
2787 1
2788 2
2790 1
2791 2
2792 1
2793 2
2794 2
2795 1
2797 2
2801 1
2807 2
2809 2
2810 2
2812 1
2813 1
2814 1
2816 2
2822 1
2823 1
2825 1
2826 2
2827 2
2828 1
2830 1
2834 1
2835 2
2837 2
2840 1
2841 2
2842 2
2843 1
2845 2
2849 1
2852 1
2855 2
2856 2
2857 1
2859 1
2861 2
2862 2
2863 1
2864 2
2865 2
2866 2
2868 1
2869 2
2873 2
2876 2
2878 2
2879 2
2881 1
2882 1
2883 2
2884 2
2885 1
2886 2
2887 1
2888 1
2889 1
2890 1
2891 2
2894 1
2896 2
2899 1
2900 1
2901 2
2902 2
2903 1
2905 1
2907 2
2908 1
2910 2
2911 2
2914 1
2918 2
2919 2
2921 1
2922 2
2923 2
2927 1
2929 2
2933 2
2934 1
2936 1
2938 2
2939 1
2940 1
2947 1
2950 1
2953 1
2954 1
2957 2
2959 1
2961 2
2962 1
2963 1
2971 2
2973 2
2974 2
2975 1
2983 2
2985 1
2986 2
2987 1
2994 1
2996 2
2998 1
3000 1
3002 2
3003 2
3005 2
3012 2
3015 2
3016 2
3017 2
3019 1
3020 1
3021 1
3023 2
3026 2
3029 1
3031 1
3034 1
3038 2
3039 1
3040 2
3042 2
3043 2
3046 1
3047 2
3050 2
3051 2
3052 2
3055 1
3058 2
3059 2
3061 1
3062 2
3064 2
3066 1
3068 1
3069 1
3070 1
3073 1
3074 1
3075 1
3077 1
3079 2
3080 2
3081 2
3082 2
3088 1
3091 1
3092 2
3094 1
3095 1
3096 1
3098 2
3101 1
3104 2
3107 1
3108 2
3111 1
3112 2
3113 2
3114 2
3115 2
3119 2
3129 1
3130 2
3131 2
3132 2
3135 1
3140 2
3141 1
3142 1
3143 2
3144 2
3145 1
3146 2
3149 2
3150 2
3152 1
3156 1
3160 2
3163 2
3164 2
3165 2
3166 2
3167 2
3169 2
3173 2
3174 2
3175 2
3176 1
3177 1
3178 2
3179 1
3180 1
3181 2
3182 2
3183 1
3186 2
3187 1
3190 1
3191 1
3193 1
3194 2
3195 2
3197 1
3200 1
3202 1
3203 2
3204 2
3205 2
3208 2
3211 2
3213 2
3214 2
3216 1
3218 1
3220 2
3221 2
3225 2
3226 1
3227 1
3228 2
3231 2
3232 1
3233 2
3234 1
3236 1
3239 2
3242 1
3243 2
3244 2
3245 1
3246 2
3248 2
3250 2
3252 1
3257 1
3260 2
3261 2
3262 2
3263 1
3265 2
3270 2
3272 2
3275 2
3277 1
3278 1
3279 2
3280 1
3282 2
3283 1
3286 2
3288 2
3289 2
3290 1
3293 2
3294 1
3296 2
3297 1
3299 2
3301 1
3302 1
3303 2
3304 1
3306 1
3308 2
3310 2
3314 1
3318 1
3319 1
3320 1
3321 1
3323 2
3324 1
3325 2
3327 2
3329 1
3332 2
3333 2
3335 2
3336 1
3337 1
3338 1
3339 2
3340 1
3341 1
3342 2
3344 2
3347 2
3348 1
3349 1
3351 2
3352 2
3353 1
3354 2
3355 2
3358 2
3361 2
3364 2
3365 1
3367 1
3368 1
3372 2
3373 1
3374 1
3375 1
3377 2
3379 1
3380 1
3384 2
3386 1
3387 2
3388 1
3392 2
3393 2
3394 1
3395 1
3398 1
3400 1
3401 2
3403 1
3404 1
3408 2
3410 1
3413 2
3415 1
3417 2
3418 2
3419 1
3421 1
3422 2
3423 2
3425 1
3427 1
3428 2
3429 2
3430 1
3431 1
3432 2
3433 2
3434 2
3437 2
3438 2
3441 2
3443 2
3444 1
3446 2
3447 1
3449 2
3452 2
3454 2
3455 2
3456 2
3458 2
3459 1
3460 1
3463 1
3464 1
3465 1
3467 1
3468 2
3469 2
3470 2
3471 2
3472 2
3473 2
3474 1
3475 1
3476 1
3477 1
3480 2
3481 1
3483 1
