0 1
3 1
6 1
7 2
8 1
9 2
10 1
12 1
15 1
18 2
19 1
24 2
25 1
26 2
27 2
30 1
31 2
32 1
33 1
36 2
37 1
38 2
40 2
43 2
44 2
48 1
51 1
52 1
53 2
57 1
61 2
62 1
68 2
69 1
70 1
71 2
72 1
73 2
75 2
76 2
78 2
79 2
83 1
85 2
86 2
89 1
90 1
91 2
93 1
95 1
96 1
97 2
98 1
99 2
101 1
102 1
105 1
107 2
112 2
115 1
116 2
117 1
118 2
121 1
122 2
125 2
126 1
127 1
131 1
134 1
135 2
138 1
139 2
143 1
146 2
149 1
153 1
156 1
157 1
158 1
161 1
162 2
163 1
164 1
165 1
166 2
168 2
169 1
170 1
171 1
177 1
178 1
182 1
184 1
188 2
190 2
191 1
192 1
193 2
196 2
198 2
199 1
201 2
202 1
205 2
206 2
207 2
209 1
211 1
212 1
219 1
221 2
223 1
225 2
226 1
227 2
230 1
231 1
234 1
240 2
241 2
245 2
249 1
250 1
251 2
255 1
257 1
258 1
265 2
266 1
270 1
271 1
275 1
279 1
280 2
283 1
284 2
285 1
286 2
289 1
290 2
291 1
295 1
298 2
300 2
301 2
302 1
304 1
305 1
306 1
309 2
311 1
313 2
314 1
316 1
317 1
318 2
320 1
321 2
323 1
324 2
325 2
327 2
329 2
332 1
334 2
336 2
337 1
338 1
341 1
347 1
349 2
350 1
352 2
354 1
355 1
358 2
360 1
362 1
364 2
368 1
372 2
375 2
376 2
379 1
382 2
383 2
385 2
388 1
390 2
391 1
392 2
393 2
394 1
395 1
399 1
401 2
402 2
406 1
408 1
409 1
410 2
412 1
413 2
414 1
415 1
416 2
420 1
421 2
423 1
426 1
428 2
429 2
432 2
433 2
436 2
438 2
440 1
442 1
443 1
447 1
448 1
451 1
452 2
457 1
459 1
463 2
468 1
470 2
471 1
472 2
473 2
475 1
477 1
478 2
479 1
480 1
484 1
488 1
490 1
491 1
492 1
493 1
494 1
495 1
496 1
497 2
499 2
501 1
502 1
503 1
506 1
510 1
511 2
512 2
516 1
517 2
519 2
521 2
522 2
523 2
530 1
533 2
534 2
536 2
539 1
540 1
541 2
543 2
544 1
545 1
547 2
549 1
551 2
554 2
556 2
557 2
559 1
561 2
564 2
565 1
567 2
568 1
569 1
570 1
572 2
573 2
574 2
575 2
577 1
579 1
580 2
582 2
584 2
585 2
588 2
590 2
591 2
592 1
593 2
594 2
599 1
603 1
605 2
606 1
608 2
609 2
611 1
613 2
614 1
615 2
616 2
617 1
619 2
624 1
625 2
626 1
628 2
629 2
630 2
632 1
634 2
636 2
641 1
645 2
646 2
647 2
648 1
649 2
651 1
652 2
654 1
656 1
661 1
662 1
663 1
666 1
668 1
670 1
677 2
678 2
679 1
682 1
683 1
686 1
687 1
688 1
690 2
692 1
693 1
694 1
696 1
697 2
699 1
700 1
702 1
703 2
705 2
706 2
707 2
709 1
712 1
714 1
716 2
718 2
719 1
722 1
725 2
726 2
728 2
729 2
730 1
733 1
734 1
736 2
740 1
741 2
742 1
744 1
745 1
746 1
748 2
749 2
752 1
756 1
759 2
761 1
762 2
763 2
765 1
766 1
768 1
769 2
771 1
776 2
777 1
778 2
780 2
781 1
783 2
786 1
787 1
788 2
789 2
793 2
794 1
795 1
796 1
797 1
798 1
800 2
802 1
803 1
804 2
807 2
808 2
813 1
814 2
816 2
819 1
820 1
821 2
822 1
823 1
824 2
826 1
827 2
828 2
830 1
834 1
837 1
838 2
842 2
843 2
845 1
846 1
849 1
850 1
855 2
856 1
858 1
860 1
863 1
864 2
865 1
867 2
868 1
870 2
873 1
875 1
876 1
878 2
880 2
881 1
883 1
884 2
886 2
888 2
889 1
892 1
894 2
895 2
896 1
899 1
900 1
902 1
904 2
905 2
906 1
907 2
908 2
909 2
910 2
912 2
914 1
917 1
918 1
922 1
925 2
926 1
927 1
928 1
933 1
934 2
935 1
936 1
938 1
939 1
940 2
942 1
943 1
944 1
946 2
947 2
949 2
957 1
958 1
959 2
960 2
965 1
966 2
967 1
972 1
974 1
975 2
976 1
978 1
980 1
981 2
982 2
989 2
992 1
994 2
998 2
999 2
1000 1
1002 1
1004 2
1007 2
1009 1
1010 2
1012 1
1013 2
1015 1
1017 1
1020 2
1022 2
1023 1
1024 1
1026 2
1031 2
1032 1
1035 2
1036 2
1039 1
1040 1
1044 1
1045 2
1049 1
1050 1
1052 2
1055 2
1056 2
1059 1
1062 1
1064 2
1066 2
1067 2
1069 1
1070 2
1071 2
1072 1
1073 2
1074 2
1079 1
1080 1
1082 1
1083 2
1085 2
1090 1
1092 1
1093 1
1095 1
1096 2
1099 2
1101 1
1102 1
1103 1
1104 2
1109 1
1110 1
1113 1
1114 1
1115 2
1117 1
1118 1
1120 1
1123 2
1126 2
1127 2
1128 2
1130 1
1132 2
1133 2
1134 2
1137 1
1140 2
1142 2
1143 1
1144 1
1146 2
1147 1
1148 2
1150 1
1151 1
1152 1
1153 2
1156 2
1157 1
1158 2
1159 1
1160 2
1161 1
1165 2
1167 1
1169 2
1170 1
1171 1
1172 2
1175 1
1178 1
1179 2
1180 2
1182 2
1187 1
1188 2
1189 1
1190 1
1194 2
1197 2
1203 2
1204 1
1205 1
1206 2
1210 2
1211 2
1212 1
1213 2
1214 2
1215 2
1216 2
1218 1
1220 1
1227 1
1229 2
1230 2
1233 2
1234 1
1238 2
1244 2
1246 1
1247 2
1248 1
1249 1
1251 1
1253 2
1259 2
1260 1
1262 1
1266 2
1268 2
1271 1
1273 2
1274 1
1276 2
1280 2
1284 1
1285 1
1287 1
1290 1
1292 2
1293 2
1297 1
1298 1
1300 2
1302 2
1304 2
1306 1
1312 2
1313 1
1314 1
1317 1
1318 1
1320 1
1322 2
1324 1
1328 1
1329 1
1331 2
1335 2
1339 1
1342 2
1344 2
1348 1
1350 2
1351 1
1353 2
1354 1
1357 2
1360 1
1363 2
1364 1
1365 1
1366 1
1369 1
1372 2
1373 1
1374 1
1378 2
1379 1
1380 2
1382 2
1383 1
1384 1
1387 1
1388 1
1389 2
1391 2
1394 1
1395 2
1396 2
1397 1
1398 2
1399 2
1400 1
1402 2
1403 1
1404 1
1405 2
1411 2
1412 1
1413 1
1415 1
1416 1
1417 1
1421 2
1422 2
1424 1
1426 2
1427 1
1428 1
1429 2
1430 2
1433 1
1434 1
1438 2
1439 2
1441 1
1446 1
1447 2
1452 2
1453 1
1454 2
1456 1
1457 2
1458 1
1459 1
1460 1
1461 2
1465 1
1466 2
1467 1
1468 2
1470 2
1471 1
1472 2
1474 1
1476 1
1477 2
1479 2
1480 1
1481 1
1482 2
1484 1
1486 2
1488 1
1490 2
1492 2
1494 2
1495 2
1497 2
1498 2
1500 2
1504 2
1509 2
1510 2
1511 1
1512 1
1513 1
1514 1
1515 2
1516 2
1517 1
1519 2
1521 2
1522 2
1525 1
1527 2
1528 2
1529 1
1530 1
1532 1
1534 1
1535 2
1536 2
1538 1
1540 1
1543 1
1545 1
1546 1
1549 2
1551 1
1552 2
1560 1
1564 2
1567 1
1568 2
1570 2
1571 1
1573 1
1574 2
1577 2
1578 1
1579 1
1580 1
1581 2
1583 1
1585 2
1586 2
1588 2
1589 1
1592 1
1593 1
1594 1
1596 1
1597 1
1599 1
1601 2
1605 1
1607 1
1610 1
1611 2
1612 2
1618 2
1621 2
1624 2
1632 1
1633 2
1634 2
1640 1
1642 1
1643 2
1644 1
1651 2
1652 1
1653 2
1654 1
1655 2
1659 2
1660 1
1662 2
1665 1
1666 1
1668 2
1670 1
1672 1
1673 1
1674 1
1675 1
1676 1
1677 1
1679 2
1682 2
1683 2
1685 2
1686 2
1687 1
1690 2
1691 1
1693 1
1696 1
1697 1
1698 2
1701 2
1708 1
1710 2
1711 1
1717 2
1720 2
1721 2
1722 1
1726 1
1727 1
1728 1
1729 1
1731 1
1732 2
1734 2
1735 1
1736 1
1739 2
1740 1
1742 1
1745 2
1746 2
1748 2
1749 2
1750 1
1751 2
1752 1
1754 1
1755 2
1759 1
1760 2
1761 1
1763 2
1765 1
1768 2
1770 1
1775 2
1777 2
1778 2
1779 2
1780 1
1781 2
1784 2
1785 1
1786 2
1790 1
1796 2
1797 1
1802 2
1803 1
1804 1
1805 2
1810 1
1812 1
1813 1
1814 1
1820 2
1823 1
1824 2
1829 2
1833 2
1834 2
1838 1
1839 1
1840 1
1841 1
1842 1
1843 1
1844 2
1845 1
1846 1
1847 1
1851 2
1853 1
1857 2
1858 1
1860 1
1862 1
1863 1
1864 1
1865 1
1866 1
1869 1
1870 2
1871 2
1872 1
1873 1
1874 1
1875 2
1880 2
1883 1
1885 2
1889 1
1890 2
1892 1
1895 2
1896 2
1897 2
1898 1
1899 1
1900 1
1901 2
1902 1
1903 1
1905 2
1907 1
1909 2
1912 2
1913 1
1914 2
1915 2
1916 2
1917 1
1921 2
1922 1
1924 1
1926 2
1929 1
1931 1
1935 1
1936 2
1937 2
1938 2
1942 1
1944 2
1945 1
1946 1
1947 2
1948 1
1952 2
1953 2
1954 1
1955 2
1962 1
1963 2
1964 1
1969 2
1970 2
1971 1
1974 2
1975 2
1977 1
1978 1
1979 1
1981 2
1983 2
1986 2
1987 1
1989 1
1991 2
1994 1
1995 2
1998 1
2000 2
2002 2
2003 1
2004 1
2008 2
2011 2
2012 1
2013 1
2015 1
2016 1
2018 2
2019 2
2023 2
2026 1
2027 1
2028 1
2029 2
2030 2
2031 2
2035 2
2036 1
2037 1
2040 1
2042 1
2043 2
2044 1
2047 2
2048 1
2051 2
2052 1
2053 2
2054 2
2055 1
2056 1
2057 1
2060 2
2061 1
2064 2
2066 2
2069 2
2071 1
2072 1
2073 2
2074 2
2076 1
2078 1
2082 2
2088 1
2089 2
2090 1
2092 2
2095 2
2096 2
2097 1
2098 1
2100 2
2102 2
2103 1
2105 2
2106 1
2107 2
2108 2
2109 1
2115 1
2116 2
2117 2
2121 2
2122 2
2125 2
2126 1
2130 2
2132 2
2133 2
2134 1
2136 1
2137 2
2138 1
2146 2
2147 2
2149 2
2154 1
2155 1
2157 2
2161 1
2163 1
2164 2
2165 1
2166 1
2168 1
2169 1
2170 1
2171 1
2172 1
2173 1
2176 2
2177 1
2179 1
2181 2
2182 2
2186 1
2188 1
2191 2
2194 2
2195 2
2196 2
2200 2
2201 1
2203 2
2207 1
2208 1
2210 2
2213 1
2214 2
2215 1
2219 2
2220 1
2221 1
2224 2
2225 1
2226 1
2227 1
2229 2
2230 1
2232 2
2234 2
2238 1
2239 2
2240 2
2241 2
2242 2
2244 2
2246 1
2247 1
2248 2
2251 2
2254 1
2255 1
2257 2
2258 1
2260 1
2262 2
2264 2
2266 1
2267 1
2268 2
2269 2
2273 1
2276 1
2277 2
2278 2
2279 1
2280 1
2283 1
2284 2
2285 1
2286 2
2287 1
2291 2
2292 2
2293 2
2294 1
2296 2
2297 2
2299 2
2304 1
2305 2
2306 1
2308 2
2312 1
2314 1
2315 1
2319 2
2320 2
2323 2
2324 2
2327 1
2328 1
2329 2
2335 1
2337 2
2339 1
2341 1
2342 1
2343 2
2344 2
2345 2
2347 2
2348 2
2353 1
2354 2
2355 1
2357 2
2358 2
2361 1
2363 1
2364 2
2365 2
2367 1
2368 2
2370 2
2372 2
2374 2
2375 1
2376 2
2377 1
2378 2
2379 2
2380 2
2381 2
2382 1
2385 2
2386 1
2387 1
2388 2
2389 1
2391 1
2393 2
2394 1
2400 2
2401 2
2402 2
2405 1
2407 1
2410 1
2411 2
2412 1
2414 1
2415 1
2417 2
2418 1
2421 1
2422 2
2423 1
2425 1
2427 1
2429 2
2432 1
2436 1
2438 1
2440 1
2441 1
2444 2
2445 2
2446 1
2447 1
2448 2
2449 2
2478 1
2479 1
2480 1
2481 1
2482 1
2483 1
2484 1
2485 1
2486 1
2487 1
2488 1
2489 1
2490 1
2491 1
2492 1
2493 1
2494 1
2495 1
2496 1
2498 1
2499 1
2500 1
2501 1
2502 1
